0.000000
0.000000
0.000000
0.000000
0.000000
0.000000
0.000000
0.000000
0.000000
0.000000
0.000000
0.000000
0.000000
0.000000
0.000000
0.000000
0.000000
0.000000
0.000000
0.000000
0.000000
0.000000
0.000000
0.000000
0.000000
0.000000
0.000000
0.000000
0.000000
0.000000
0.000000
0.000000
0.000000
0.011765
0.019608
0.023529
0.027451
0.027451
0.027451
0.027451
0.027451
0.027451
0.027451
0.027451
0.023529
0.027451
0.027451
0.027451
0.023529
0.015686
0.007843
0.000000
0.000000
0.000000
0.000000
0.000000
0.000000
0.000000
0.000000
0.000000
0.000000
0.000000
0.000000
0.000000
0.000000
0.000000
0.000000
0.000000
0.000000
0.000000
0.000000
0.000000
0.000000
0.000000
0.000000
0.000000
0.000000
0.000000
0.000000
0.000000
0.000000
0.000000
0.000000
0.000000
0.000000
0.000000
0.000000
0.000000
0.011765
0.094118
0.188235
0.294118
0.325490
0.305882
0.305882
0.309804
0.309804
0.313725
0.313725
0.305882
0.301961
0.321569
0.321569
0.313725
0.258824
0.152941
0.066667
0.003922
0.000000
0.000000
0.000000
0.000000
0.000000
0.000000
0.011765
0.000000
0.047059
0.411765
0.725490
0.960784
1.000000
0.980392
0.976471
0.980392
0.992157
1.000000
0.996078
0.980392
0.972549
1.000000
0.996078
1.000000
0.886275
0.619608
0.364706
0.043137
0.000000
0.011765
0.000000
0.000000
0.000000
0.000000
0.019608
0.000000
0.086275
0.666667
0.945098
0.964706
0.933333
0.929412
0.925490
0.925490
0.933333
0.937255
0.937255
0.937255
0.933333
0.909804
0.901961
0.960784
0.972549
0.886275
0.694118
0.098039
0.000000
0.019608
0.000000
0.000000
0.000000
0.000000
0.023529
0.000000
0.117647
0.835294
1.000000
0.933333
0.878431
0.898039
0.894118
0.894118
0.894118
0.894118
0.901961
0.909804
0.913725
0.925490
0.901961
0.937255
0.992157
1.000000
0.894118
0.133333
0.000000
0.023529
0.000000
0.000000
0.000000
0.000000
0.023529
0.000000
0.125490
0.858824
0.992157
0.905882
0.870588
0.905882
0.909804
0.913725
0.909804
0.901961
0.909804
0.917647
0.933333
0.972549
0.917647
0.898039
0.941176
0.992157
0.905882
0.133333
0.000000
0.023529
0.000000
0.000000
0.000000
0.000000
0.023529
0.000000
0.129412
0.866667
0.992157
0.917647
0.894118
0.945098
0.964706
0.972549
0.968627
0.956863
0.956863
0.960784
0.972549
1.000000
0.949020
0.921569
0.945098
0.984314
0.898039
0.133333
0.000000
0.023529
0.000000
0.000000
0.000000
0.000000
0.023529
0.000000
0.133333
0.894118
1.000000
0.925490
0.898039
0.960784
0.988235
1.000000
0.996078
0.984314
0.980392
0.980392
0.984314
0.988235
0.968627
0.976471
0.992157
1.000000
0.909804
0.137255
0.000000
0.023529
0.000000
0.000000
0.000000
0.000000
0.023529
0.000000
0.129412
0.882353
1.000000
0.921569
0.898039
0.952941
0.980392
0.992157
0.992157
0.984314
0.976471
0.976471
0.976471
0.972549
0.956863
0.972549
1.000000
0.996078
0.858824
0.125490
0.000000
0.023529
0.000000
0.000000
0.000000
0.000000
0.023529
0.000000
0.125490
0.854902
1.000000
0.941176
0.925490
0.964706
0.988235
0.996078
0.996078
0.992157
0.992157
0.992157
0.996078
0.980392
0.929412
0.952941
0.992157
0.960784
0.788235
0.113725
0.000000
0.023529
0.000000
0.000000
0.000000
0.000000
0.023529
0.000000
0.129412
0.878431
1.000000
0.933333
0.913725
0.941176
0.952941
0.960784
0.964706
0.968627
0.968627
0.972549
0.976471
0.996078
0.929412
0.945098
0.996078
0.992157
0.784314
0.109804
0.000000
0.023529
0.000000
0.000000
0.000000
0.000000
0.023529
0.000000
0.137255
0.898039
1.000000
0.929412
0.898039
0.933333
0.949020
0.964706
0.968627
0.968627
0.964706
0.980392
0.984314
0.976471
0.945098
0.964706
1.000000
1.000000
0.866667
0.125490
0.000000
0.023529
0.000000
0.000000
0.000000
0.000000
0.023529
0.000000
0.129412
0.874510
1.000000
0.937255
0.898039
0.929412
0.949020
0.972549
0.984314
0.980392
0.972549
0.984314
0.996078
0.980392
0.976471
0.972549
0.980392
1.000000
0.898039
0.133333
0.000000
0.023529
0.000000
0.000000
0.000000
0.000000
0.023529
0.000000
0.117647
0.839216
1.000000
0.956863
0.921569
0.929412
0.945098
0.972549
0.992157
0.988235
0.980392
0.976471
0.980392
0.996078
0.984314
0.956863
0.960784
1.000000
0.870588
0.129412
0.000000
0.023529
0.000000
0.000000
0.000000
0.000000
0.023529
0.000000
0.117647
0.827451
1.000000
0.984314
0.952941
0.952941
0.964706
0.992157
0.996078
0.996078
0.992157
0.976471
0.964706
0.952941
0.945098
0.949020
0.972549
1.000000
0.878431
0.129412
0.000000
0.023529
0.000000
0.000000
0.000000
0.000000
0.023529
0.000000
0.121569
0.835294
1.000000
0.972549
0.941176
0.941176
0.952941
0.972549
0.980392
0.976471
0.952941
0.945098
0.933333
0.909804
0.925490
0.964706
0.996078
1.000000
0.854902
0.125490
0.000000
0.023529
0.000000
0.000000
0.000000
0.000000
0.023529
0.000000
0.125490
0.858824
1.000000
0.956863
0.929412
0.949020
0.964706
0.980392
0.984314
0.972549
0.952941
0.952941
0.960784
0.949020
0.964706
0.984314
1.000000
0.992157
0.827451
0.121569
0.000000
0.023529
0.000000
0.000000
0.000000
0.000000
0.023529
0.000000
0.133333
0.890196
0.996078
0.941176
0.909804
0.945098
0.964706
0.984314
0.988235
0.972549
0.964706
0.980392
1.000000
0.968627
0.964706
0.968627
0.976471
0.992157
0.866667
0.125490
0.000000
0.023529
0.000000
0.000000
0.000000
0.000000
0.023529
0.000000
0.133333
0.886275
1.000000
0.909804
0.866667
0.898039
0.917647
0.941176
0.945098
0.937255
0.937255
0.960784
0.976471
0.921569
0.917647
0.937255
0.964706
1.000000
0.909804
0.133333
0.000000
0.023529
0.000000
0.000000
0.000000
0.000000
0.023529
0.000000
0.125490
0.850980
1.000000
0.933333
0.894118
0.909804
0.917647
0.933333
0.941176
0.941176
0.941176
0.952941
0.960784
0.929412
0.937255
0.964706
0.984314
1.000000
0.870588
0.129412
0.000000
0.023529
0.000000
0.000000
0.000000
0.000000
0.019608
0.000000
0.109804
0.768627
0.925490
0.980392
1.000000
0.984314
0.980392
0.992157
0.996078
0.996078
0.996078
0.996078
0.996078
0.988235
0.992157
0.996078
0.968627
0.909804
0.721569
0.101961
0.000000
0.019608
0.000000
0.000000
0.000000
0.000000
0.015686
0.000000
0.058824
0.450980
0.631373
0.780392
0.831373
0.796078
0.780392
0.768627
0.768627
0.780392
0.800000
0.815686
0.827451
0.843137
0.847059
0.839216
0.768627
0.600000
0.345098
0.039216
0.000000
0.011765
0.000000
0.000000
0.000000
0.000000
0.003922
0.000000
0.011765
0.090196
0.149020
0.203922
0.223529
0.207843
0.203922
0.196078
0.196078
0.203922
0.211765
0.219608
0.223529
0.231373
0.235294
0.231373
0.203922
0.137255
0.050980
0.003922
0.000000
0.000000
0.000000
0.000000
0.000000
0.000000
0.000000
0.000000
0.000000
0.000000
0.000000
0.000000
0.000000
0.000000
0.000000
0.000000
0.000000
0.000000
0.000000
0.000000
0.000000
0.000000
0.000000
0.000000
0.000000
0.000000
0.000000
0.000000
0.000000
0.000000
0.000000
0.000000
0.000000
0.000000
0.000000
0.000000
0.000000
0.011765
0.015686
0.019608
0.019608
0.019608
0.019608
0.019608
0.019608
0.019608
0.019608
0.019608
0.019608
0.019608
0.019608
0.019608
0.019608
0.015686
0.007843
0.000000
0.000000
0.000000
0.000000
0.000000
0.000000
0.000000
0.000000
0.000000
0.000000
0.000000
0.000000
0.000000
0.000000
0.000000
0.000000
0.000000
0.000000
0.000000
0.000000
0.000000
0.000000
0.000000
0.000000
0.000000
0.000000
0.000000
0.000000
0.000000
0.000000
0.000000
0.000000
0.000000
