0.000000
0.000000
0.000000
0.000000
0.000000
0.000000
0.000000
0.000000
0.000000
0.000000
0.000000
0.000000
0.000000
0.000000
0.000000
0.000000
0.000000
0.000000
0.000000
0.000000
0.000000
0.000000
0.000000
0.000000
0.000000
0.000000
0.000000
0.000000
0.000000
0.000000
0.000000
0.000000
0.000000
0.011765
0.019608
0.023529
0.023529
0.023529
0.023529
0.023529
0.023529
0.023529
0.023529
0.023529
0.023529
0.023529
0.023529
0.023529
0.019608
0.015686
0.011765
0.000000
0.000000
0.000000
0.000000
0.000000
0.000000
0.000000
0.000000
0.000000
0.000000
0.000000
0.000000
0.000000
0.000000
0.000000
0.000000
0.000000
0.000000
0.000000
0.000000
0.000000
0.000000
0.000000
0.000000
0.000000
0.000000
0.000000
0.000000
0.000000
0.000000
0.000000
0.000000
0.000000
0.000000
0.000000
0.003922
0.000000
0.011765
0.113725
0.200000
0.258824
0.270588
0.262745
0.266667
0.266667
0.266667
0.266667
0.266667
0.266667
0.262745
0.262745
0.270588
0.262745
0.223529
0.160784
0.098039
0.011765
0.000000
0.000000
0.000000
0.000000
0.000000
0.000000
0.015686
0.000000
0.070588
0.529412
0.772549
0.890196
0.913725
0.905882
0.909804
0.913725
0.913725
0.913725
0.913725
0.909804
0.901961
0.898039
0.913725
0.901961
0.827451
0.682353
0.419608
0.050980
0.000000
0.011765
0.000000
0.000000
0.000000
0.000000
0.023529
0.000000
0.121569
0.847059
1.000000
0.984314
0.976471
0.996078
0.992157
0.992157
0.996078
0.996078
0.988235
0.988235
0.988235
0.988235
0.988235
0.984314
1.000000
0.980392
0.666667
0.086275
0.000000
0.019608
0.000000
0.000000
0.000000
0.000000
0.027451
0.000000
0.149020
0.964706
1.000000
0.992157
1.000000
0.996078
0.992157
0.988235
0.988235
0.988235
0.984314
0.988235
0.996078
1.000000
1.000000
0.976471
0.992157
1.000000
0.831373
0.117647
0.000000
0.023529
0.000000
0.000000
0.000000
0.000000
0.027451
0.000000
0.149020
0.952941
0.996078
0.964706
0.988235
0.992157
0.984314
0.980392
0.972549
0.972549
0.976471
0.980392
0.988235
0.996078
1.000000
0.972549
0.976471
0.996078
0.835294
0.121569
0.000000
0.023529
0.000000
0.000000
0.000000
0.000000
0.027451
0.000000
0.141176
0.933333
1.000000
0.972549
0.984314
0.996078
0.988235
0.984314
0.976471
0.976471
0.980392
0.988235
0.992157
0.996078
1.000000
0.980392
0.988235
1.000000
0.796078
0.113725
0.000000
0.023529
0.000000
0.000000
0.000000
0.000000
0.027451
0.000000
0.141176
0.925490
1.000000
0.988235
0.996078
0.996078
0.988235
0.984314
0.980392
0.984314
0.984314
0.988235
0.992157
0.996078
1.000000
0.980392
0.988235
0.992157
0.784314
0.109804
0.000000
0.023529
0.000000
0.000000
0.000000
0.000000
0.023529
0.000000
0.133333
0.890196
1.000000
0.988235
0.996078
0.992157
0.988235
0.984314
0.984314
0.988235
0.988235
0.988235
0.992157
0.996078
1.000000
0.980392
0.984314
0.992157
0.776471
0.109804
0.000000
0.019608
0.000000
0.000000
0.000000
0.000000
0.023529
0.000000
0.125490
0.850980
0.984314
0.972549
0.984314
0.996078
0.992157
0.992157
0.988235
0.992157
0.992157
0.992157
0.992157
0.996078
0.996078
0.976471
0.988235
1.000000
0.776471
0.109804
0.000000
0.019608
0.000000
0.000000
0.000000
0.000000
0.023529
0.000000
0.125490
0.847059
0.996078
0.980392
0.984314
0.996078
0.992157
0.992157
0.992157
0.992157
0.992157
0.992157
0.996078
0.996078
0.988235
0.968627
0.992157
1.000000
0.780392
0.109804
0.000000
0.023529
0.000000
0.000000
0.000000
0.000000
0.023529
0.000000
0.129412
0.874510
1.000000
0.992157
0.992157
0.992157
0.992157
0.992157
0.992157
0.992157
0.992157
0.996078
0.996078
0.992157
0.980392
0.968627
0.996078
1.000000
0.780392
0.109804
0.000000
0.023529
0.000000
0.000000
0.000000
0.000000
0.023529
0.000000
0.133333
0.886275
1.000000
0.972549
0.972549
0.996078
0.992157
0.992157
0.992157
0.992157
0.996078
0.996078
0.996078
0.992157
0.988235
0.976471
1.000000
1.000000
0.776471
0.109804
0.000000
0.023529
0.000000
0.000000
0.000000
0.000000
0.023529
0.000000
0.137255
0.909804
1.000000
0.956863
0.964706
1.000000
0.992157
0.992157
0.996078
0.996078
0.996078
0.992157
0.996078
0.996078
0.984314
0.976471
1.000000
1.000000
0.772549
0.109804
0.000000
0.019608
0.000000
0.000000
0.000000
0.000000
0.027451
0.000000
0.145098
0.952941
0.996078
0.980392
0.996078
0.988235
0.992157
0.992157
0.992157
0.992157
0.984314
0.984314
0.988235
1.000000
0.964706
0.968627
1.000000
0.984314
0.764706
0.105882
0.000000
0.019608
0.000000
0.000000
0.000000
0.000000
0.023529
0.000000
0.137255
0.905882
0.952941
0.960784
0.992157
0.984314
0.988235
0.992157
0.992157
0.988235
0.980392
0.980392
0.984314
0.992157
0.980392
0.984314
0.992157
0.956863
0.745098
0.105882
0.000000
0.019608
0.000000
0.000000
0.000000
0.000000
0.023529
0.000000
0.133333
0.882353
0.960784
0.968627
1.000000
0.996078
1.000000
0.996078
0.996078
1.000000
0.996078
0.996078
0.996078
0.996078
0.988235
0.988235
0.996078
0.988235
0.807843
0.113725
0.000000
0.023529
0.000000
0.000000
0.000000
0.000000
0.027451
0.000000
0.133333
0.901961
0.988235
0.968627
0.976471
0.984314
0.988235
0.988235
0.988235
0.988235
0.988235
0.988235
0.988235
0.992157
0.996078
0.996078
1.000000
0.992157
0.811765
0.113725
0.000000
0.023529
0.000000
0.000000
0.000000
0.000000
0.027451
0.000000
0.137255
0.921569
1.000000
0.949020
0.949020
0.980392
0.976471
0.984314
0.980392
0.976471
0.976471
0.976471
0.980392
0.988235
0.980392
0.980392
0.992157
0.968627
0.776471
0.109804
0.000000
0.023529
0.000000
0.000000
0.000000
0.000000
0.023529
0.000000
0.129412
0.882353
1.000000
0.964706
0.964706
0.992157
0.992157
1.000000
0.996078
0.996078
0.996078
0.996078
0.996078
1.000000
0.964706
0.964706
1.000000
0.984314
0.780392
0.109804
0.000000
0.019608
0.000000
0.000000
0.000000
0.000000
0.019608
0.000000
0.098039
0.729412
0.976471
1.000000
0.976471
0.968627
0.976471
0.984314
0.984314
0.980392
0.980392
0.980392
0.988235
0.992157
0.988235
0.996078
0.996078
0.945098
0.694118
0.094118
0.000000
0.019608
0.000000
0.000000
0.000000
0.000000
0.015686
0.000000
0.058824
0.474510
0.760784
0.878431
0.921569
0.937255
0.941176
0.952941
0.952941
0.949020
0.949020
0.949020
0.956863
0.960784
0.988235
0.949020
0.847059
0.682353
0.388235
0.043137
0.000000
0.011765
0.000000
0.000000
0.000000
0.000000
0.003922
0.000000
0.011765
0.109804
0.200000
0.247059
0.274510
0.282353
0.286274
0.286274
0.286274
0.286274
0.286274
0.286274
0.290196
0.290196
0.301961
0.282353
0.235294
0.168627
0.074510
0.003922
0.000000
0.000000
0.000000
0.000000
0.000000
0.000000
0.000000
0.000000
0.000000
0.000000
0.000000
0.000000
0.000000
0.000000
0.000000
0.000000
0.000000
0.000000
0.000000
0.000000
0.000000
0.000000
0.000000
0.000000
0.000000
0.000000
0.000000
0.000000
0.000000
0.000000
0.000000
0.000000
0.000000
0.000000
0.000000
0.000000
0.000000
0.011765
0.019608
0.023529
0.023529
0.023529
0.023529
0.023529
0.023529
0.023529
0.023529
0.023529
0.023529
0.023529
0.027451
0.023529
0.019608
0.015686
0.007843
0.000000
0.000000
0.000000
0.000000
0.000000
0.000000
0.000000
0.000000
0.000000
0.000000
0.000000
0.000000
0.000000
0.000000
0.000000
0.000000
0.000000
0.000000
0.000000
0.000000
0.000000
0.000000
0.000000
0.000000
0.000000
0.000000
0.000000
0.000000
0.000000
0.000000
0.000000
0.000000
0.000000
