0.000000
0.000000
0.000000
0.000000
0.000000
0.000000
0.000000
0.000000
0.000000
0.000000
0.000000
0.000000
0.000000
0.000000
0.000000
0.000000
0.000000
0.000000
0.000000
0.000000
0.000000
0.000000
0.000000
0.000000
0.000000
0.000000
0.000000
0.000000
0.000000
0.000000
0.000000
0.000000
0.007843
0.019608
0.023529
0.027451
0.027451
0.027451
0.027451
0.027451
0.027451
0.027451
0.027451
0.027451
0.027451
0.027451
0.023529
0.023529
0.019608
0.011765
0.003922
0.000000
0.000000
0.000000
0.000000
0.000000
0.000000
0.000000
0.000000
0.000000
0.000000
0.000000
0.000000
0.000000
0.000000
0.000000
0.000000
0.000000
0.000000
0.000000
0.000000
0.000000
0.000000
0.000000
0.000000
0.000000
0.000000
0.000000
0.000000
0.000000
0.000000
0.000000
0.000000
0.000000
0.000000
0.003922
0.000000
0.007843
0.082353
0.200000
0.254902
0.305882
0.329412
0.317647
0.309804
0.329412
0.321569
0.313725
0.313725
0.321569
0.325490
0.321569
0.301961
0.301961
0.235294
0.101961
0.039216
0.000000
0.000000
0.000000
0.000000
0.000000
0.000000
0.007843
0.000000
0.070588
0.411765
0.768627
0.886275
0.980392
1.000000
1.000000
1.000000
1.000000
1.000000
1.000000
1.000000
1.000000
1.000000
1.000000
0.972549
0.964706
0.823529
0.486274
0.207843
0.015686
0.000000
0.003922
0.000000
0.000000
0.000000
0.015686
0.000000
0.164706
0.698039
0.984314
0.980392
0.952941
0.968627
0.984314
0.988235
0.968627
0.964706
0.960784
0.960784
0.972549
0.976471
0.972549
0.960784
0.941176
0.956863
0.823529
0.396078
0.039216
0.000000
0.011765
0.000000
0.000000
0.000000
0.019608
0.000000
0.192157
0.756863
1.000000
1.000000
0.956863
0.952941
0.964706
0.980392
0.976471
0.984314
0.992157
0.992157
0.988235
0.980392
0.980392
0.984314
0.976471
1.000000
0.956863
0.513726
0.058824
0.000000
0.015686
0.000000
0.000000
0.000000
0.015686
0.000000
0.172549
0.701961
0.972549
0.980392
0.972549
0.976471
0.972549
0.968627
0.980392
0.988235
0.996078
0.996078
0.980392
0.968627
0.960784
0.968627
0.988235
0.992157
0.890196
0.529412
0.062745
0.000000
0.015686
0.000000
0.000000
0.000000
0.015686
0.000000
0.180392
0.717647
0.976471
0.988235
0.980392
0.988235
0.988235
0.980392
0.988235
0.992157
0.996078
0.992157
0.984314
0.972549
0.960784
0.964706
0.980392
0.996078
0.882353
0.537255
0.062745
0.000000
0.015686
0.000000
0.000000
0.000000
0.019608
0.000000
0.200000
0.768627
1.000000
0.988235
0.956863
0.964706
0.980392
0.988235
1.000000
0.996078
0.996078
0.996078
0.996078
0.992157
0.984314
0.980392
0.972549
1.000000
0.933333
0.568627
0.066667
0.000000
0.015686
0.000000
0.000000
0.000000
0.019608
0.000000
0.192157
0.749020
0.992157
0.968627
0.941176
0.960784
0.968627
0.984314
0.996078
0.992157
0.992157
0.996078
0.996078
0.996078
0.996078
0.988235
0.976471
0.984314
0.894118
0.576471
0.070588
0.000000
0.015686
0.000000
0.000000
0.000000
0.019608
0.000000
0.184314
0.733333
0.976471
0.980392
0.980392
0.996078
0.988235
0.984314
0.984314
0.988235
0.988235
0.988235
0.992157
0.988235
0.988235
0.980392
0.984314
0.960784
0.839216
0.580392
0.078431
0.000000
0.015686
0.000000
0.000000
0.000000
0.019608
0.000000
0.188235
0.741176
0.988235
0.988235
0.988235
1.000000
0.980392
0.964706
0.992157
0.996078
0.996078
0.996078
0.988235
0.976471
0.972549
0.976471
0.984314
0.984314
0.901961
0.619608
0.082353
0.000000
0.015686
0.000000
0.000000
0.000000
0.019608
0.000000
0.188235
0.749020
0.996078
0.996078
0.968627
0.968627
0.968627
0.976471
0.996078
0.996078
0.996078
0.996078
0.992157
0.984314
0.980392
0.984314
0.984314
0.996078
0.937255
0.654902
0.086275
0.000000
0.019608
0.000000
0.000000
0.000000
0.019608
0.000000
0.188235
0.741176
0.996078
1.000000
0.964706
0.956863
0.968627
0.988235
0.992157
0.992157
0.988235
0.988235
0.992157
0.992157
0.988235
0.988235
0.984314
0.992157
0.913725
0.619608
0.082353
0.000000
0.019608
0.000000
0.000000
0.000000
0.019608
0.000000
0.184314
0.733333
0.996078
1.000000
0.980392
0.980392
0.968627
0.972549
0.992157
0.992157
0.984314
0.984314
0.980392
0.980392
0.984314
0.980392
0.984314
0.992157
0.890196
0.545098
0.066667
0.000000
0.015686
0.000000
0.000000
0.000000
0.019608
0.000000
0.184314
0.733333
0.992157
0.992157
0.984314
0.996078
0.976471
0.964706
0.996078
0.996078
0.988235
0.980392
0.976471
0.976471
0.984314
0.984314
0.984314
0.996078
0.882353
0.505882
0.058824
0.000000
0.015686
0.000000
0.000000
0.000000
0.019608
0.000000
0.188235
0.745098
0.992157
0.988235
0.980392
0.996078
0.980392
0.968627
0.996078
1.000000
0.988235
0.980392
0.976471
0.976471
0.984314
0.984314
0.988235
0.996078
0.886275
0.513726
0.062745
0.000000
0.015686
0.000000
0.000000
0.000000
0.019608
0.000000
0.188235
0.749020
0.996078
0.988235
0.976471
0.988235
0.980392
0.976471
0.996078
1.000000
0.988235
0.980392
0.972549
0.972549
0.984314
0.984314
0.988235
1.000000
0.901961
0.564706
0.070588
0.000000
0.015686
0.000000
0.000000
0.000000
0.015686
0.000000
0.184314
0.737255
0.996078
0.992157
0.972549
0.980392
0.980392
0.984314
0.992157
0.988235
0.980392
0.968627
0.968627
0.968627
0.976471
0.980392
0.980392
1.000000
0.937255
0.623529
0.078431
0.000000
0.015686
0.000000
0.000000
0.000000
0.015686
0.000000
0.168627
0.694118
0.984314
0.996078
0.972549
0.972549
0.980392
0.988235
0.984314
0.980392
0.976471
0.968627
0.968627
0.968627
0.972549
0.972549
0.972549
0.992157
0.933333
0.611765
0.074510
0.000000
0.015686
0.000000
0.000000
0.000000
0.015686
0.000000
0.149020
0.654902
0.988235
1.000000
0.988235
0.980392
0.984314
0.992157
0.996078
0.992157
0.992157
0.992157
0.988235
0.988235
0.988235
0.984314
0.988235
1.000000
0.886275
0.521569
0.058824
0.000000
0.015686
0.000000
0.000000
0.000000
0.015686
0.000000
0.125490
0.596078
0.956863
1.000000
0.992157
0.984314
0.976471
0.992157
0.996078
0.996078
0.996078
0.996078
0.996078
0.996078
0.996078
0.988235
1.000000
0.984314
0.784314
0.396078
0.039216
0.000000
0.011765
0.000000
0.000000
0.000000
0.007843
0.000000
0.062745
0.372549
0.741176
0.956863
0.984314
0.921569
0.909804
0.929412
0.905882
0.890196
0.925490
0.945098
0.898039
0.874510
0.945098
0.976471
0.901961
0.694118
0.435294
0.231373
0.023529
0.000000
0.003922
0.000000
0.000000
0.000000
0.003922
0.000000
0.007843
0.078431
0.192157
0.286274
0.298039
0.274510
0.270588
0.274510
0.262745
0.254902
0.270588
0.282353
0.258824
0.247059
0.282353
0.298039
0.258824
0.168627
0.082353
0.050980
0.003922
0.000000
0.000000
0.000000
0.000000
0.000000
0.000000
0.000000
0.000000
0.000000
0.000000
0.000000
0.000000
0.000000
0.000000
0.000000
0.000000
0.000000
0.000000
0.000000
0.000000
0.000000
0.000000
0.000000
0.000000
0.000000
0.000000
0.000000
0.000000
0.000000
0.000000
0.000000
0.000000
0.000000
0.000000
0.000000
0.000000
0.007843
0.019608
0.023529
0.027451
0.023529
0.023529
0.023529
0.023529
0.023529
0.023529
0.023529
0.023529
0.023529
0.023529
0.023529
0.023529
0.015686
0.011765
0.003922
0.000000
0.000000
0.000000
0.000000
0.000000
0.000000
0.000000
0.000000
0.000000
0.000000
0.000000
0.000000
0.000000
0.000000
0.000000
0.000000
0.000000
0.000000
0.000000
0.000000
0.000000
0.000000
0.000000
0.000000
0.000000
0.000000
0.000000
0.000000
0.000000
0.000000
0.000000
0.000000
0.000000
