0.000000
0.000000
0.000000
0.000000
0.000000
0.000000
0.000000
0.000000
0.000000
0.000000
0.000000
0.000000
0.000000
0.000000
0.000000
0.000000
0.000000
0.000000
0.000000
0.000000
0.000000
0.000000
0.000000
0.000000
0.000000
0.000000
0.000000
0.000000
0.000000
0.000000
0.000000
0.000000
0.000000
0.011765
0.019608
0.023529
0.027451
0.027451
0.027451
0.027451
0.027451
0.027451
0.027451
0.027451
0.027451
0.027451
0.027451
0.027451
0.023529
0.015686
0.007843
0.000000
0.000000
0.000000
0.000000
0.000000
0.000000
0.000000
0.000000
0.000000
0.000000
0.000000
0.000000
0.000000
0.000000
0.000000
0.000000
0.000000
0.000000
0.000000
0.000000
0.000000
0.000000
0.000000
0.000000
0.000000
0.000000
0.000000
0.000000
0.000000
0.000000
0.000000
0.000000
0.000000
0.000000
0.000000
0.003922
0.000000
0.015686
0.129412
0.231373
0.294118
0.305882
0.313725
0.329412
0.301961
0.333333
0.349020
0.345098
0.341176
0.329412
0.333333
0.337255
0.321569
0.262745
0.160784
0.043137
0.000000
0.000000
0.000000
0.000000
0.000000
0.000000
0.000000
0.015686
0.000000
0.066667
0.549020
0.839216
0.976471
0.988235
1.000000
1.000000
0.984314
1.000000
1.000000
1.000000
1.000000
1.000000
1.000000
1.000000
1.000000
0.905882
0.654902
0.317647
0.031373
0.000000
0.011765
0.000000
0.000000
0.000000
0.000000
0.023529
0.000000
0.117647
0.827451
1.000000
0.996078
0.968627
0.968627
0.996078
0.984314
0.992157
0.960784
0.960784
0.980392
0.956863
0.980392
0.992157
0.992157
0.988235
0.925490
0.705882
0.098039
0.000000
0.019608
0.000000
0.000000
0.000000
0.000000
0.027451
0.000000
0.145098
0.976471
1.000000
0.980392
0.956863
0.972549
1.000000
0.984314
0.968627
0.968627
0.984314
0.992157
0.984314
0.968627
0.952941
0.968627
0.992157
1.000000
0.854902
0.125490
0.000000
0.023529
0.000000
0.000000
0.000000
0.000000
0.027451
0.000000
0.156863
1.000000
0.992157
0.949020
0.976471
0.984314
0.972549
0.980392
0.984314
0.984314
0.988235
1.000000
0.996078
0.988235
0.964706
0.968627
0.988235
1.000000
0.898039
0.133333
0.000000
0.023529
0.000000
0.000000
0.000000
0.000000
0.027451
0.000000
0.156863
0.996078
0.996078
0.952941
1.000000
0.996078
0.956863
0.976471
1.000000
0.984314
0.972549
1.000000
0.996078
1.000000
0.992157
0.988235
0.996078
1.000000
0.882353
0.129412
0.000000
0.023529
0.000000
0.000000
0.000000
0.000000
0.027451
0.000000
0.156863
1.000000
1.000000
0.952941
0.984314
0.992157
0.972549
0.984314
0.976471
0.972549
0.984314
0.992157
0.980392
0.988235
0.992157
0.992157
0.988235
0.976471
0.811765
0.117647
0.000000
0.023529
0.000000
0.000000
0.000000
0.000000
0.027451
0.000000
0.156863
1.000000
1.000000
0.937255
0.952941
0.988235
0.992157
1.000000
0.945098
0.968627
1.000000
0.988235
0.964706
0.976471
0.984314
0.984314
0.968627
0.945098
0.788235
0.113725
0.000000
0.023529
0.000000
0.000000
0.000000
0.000000
0.027451
0.000000
0.152941
0.996078
1.000000
0.960784
0.972549
0.988235
0.996078
0.996078
0.988235
0.984314
0.992157
0.992157
0.968627
0.992157
1.000000
0.992157
0.992157
0.996078
0.890196
0.133333
0.000000
0.023529
0.000000
0.000000
0.000000
0.000000
0.027451
0.000000
0.145098
0.956863
1.000000
0.984314
0.988235
0.980392
0.968627
0.960784
0.992157
0.992157
0.988235
0.996078
0.984314
0.996078
0.980392
0.964706
0.968627
1.000000
0.898039
0.133333
0.000000
0.023529
0.000000
0.000000
0.000000
0.000000
0.027451
0.000000
0.152941
0.976471
1.000000
0.972549
0.980392
0.984314
0.976471
0.976471
0.988235
0.976471
0.976471
1.000000
0.996078
0.992157
0.976471
0.972549
0.976471
0.976471
0.831373
0.121569
0.000000
0.023529
0.000000
0.000000
0.000000
0.000000
0.027451
0.000000
0.156863
1.000000
1.000000
0.960784
0.972549
0.992157
0.996078
1.000000
0.988235
0.976471
0.984314
0.996078
0.988235
0.980392
0.980392
0.988235
0.996078
0.984314
0.819608
0.117647
0.000000
0.023529
0.000000
0.000000
0.000000
0.000000
0.027451
0.000000
0.152941
0.992157
1.000000
0.972549
0.984314
0.996078
0.996078
0.996078
0.984314
0.992157
1.000000
0.992157
0.960784
0.972549
0.980392
0.984314
0.996078
1.000000
0.866667
0.125490
0.000000
0.023529
0.000000
0.000000
0.000000
0.000000
0.027451
0.000000
0.152941
0.984314
1.000000
0.976471
0.988235
0.996078
0.996078
0.996078
0.980392
0.988235
1.000000
0.984314
0.952941
0.976471
0.992157
0.992157
0.992157
1.000000
0.874510
0.129412
0.000000
0.023529
0.000000
0.000000
0.000000
0.000000
0.027451
0.000000
0.152941
0.984314
1.000000
0.972549
0.984314
0.992157
0.992157
0.992157
0.980392
0.984314
0.992157
0.976471
0.960784
0.992157
1.000000
0.988235
0.980392
0.992157
0.874510
0.129412
0.000000
0.023529
0.000000
0.000000
0.000000
0.000000
0.027451
0.000000
0.152941
0.984314
1.000000
0.964706
0.972549
0.980392
0.980392
0.992157
0.984314
0.976471
0.980392
0.980392
0.972549
0.992157
1.000000
0.980392
0.968627
0.996078
0.890196
0.133333
0.000000
0.023529
0.000000
0.000000
0.000000
0.000000
0.027451
0.000000
0.152941
0.980392
1.000000
0.964706
0.960784
0.968627
0.976471
0.992157
0.992157
0.980392
0.984314
0.988235
0.976471
0.992157
0.988235
0.972549
0.972549
1.000000
0.929412
0.141176
0.000000
0.027451
0.000000
0.000000
0.000000
0.000000
0.027451
0.000000
0.145098
0.964706
0.996078
0.964706
0.960784
0.968627
0.976471
0.992157
0.992157
0.988235
0.992157
0.988235
0.972549
0.980392
0.976471
0.972549
0.984314
0.996078
0.909804
0.137255
0.000000
0.027451
0.000000
0.000000
0.000000
0.000000
0.027451
0.000000
0.149020
0.968627
1.000000
0.964706
0.968627
0.980392
0.984314
1.000000
1.000000
0.984314
0.988235
1.000000
0.984314
0.988235
0.984314
0.988235
1.000000
1.000000
0.839216
0.121569
0.000000
0.023529
0.000000
0.000000
0.000000
0.000000
0.027451
0.000000
0.141176
0.941176
1.000000
0.964706
0.972549
0.984314
0.988235
0.996078
1.000000
0.976471
0.980392
1.000000
0.980392
0.992157
0.992157
1.000000
0.984314
0.921569
0.725490
0.101961
0.000000
0.019608
0.000000
0.000000
0.000000
0.000000
0.015686
0.000000
0.074510
0.568627
0.835294
0.968627
1.000000
0.988235
0.964706
0.945098
0.925490
0.949020
0.956863
0.898039
0.854902
0.866667
0.933333
0.972549
0.847059
0.572549
0.282353
0.031373
0.000000
0.007843
0.000000
0.000000
0.000000
0.000000
0.003922
0.000000
0.011765
0.117647
0.227451
0.298039
0.313725
0.301961
0.290196
0.282353
0.270588
0.286274
0.290196
0.258824
0.243137
0.243137
0.274510
0.294118
0.239216
0.121569
0.019608
0.000000
0.000000
0.000000
0.000000
0.000000
0.000000
0.000000
0.000000
0.000000
0.000000
0.000000
0.000000
0.000000
0.000000
0.000000
0.000000
0.000000
0.000000
0.000000
0.000000
0.000000
0.000000
0.000000
0.000000
0.000000
0.000000
0.000000
0.000000
0.000000
0.000000
0.000000
0.000000
0.000000
0.000000
0.000000
0.000000
0.000000
0.000000
0.011765
0.019608
0.023529
0.027451
0.027451
0.023529
0.023529
0.023529
0.023529
0.023529
0.023529
0.023529
0.023529
0.023529
0.023529
0.019608
0.011765
0.003922
0.000000
0.000000
0.000000
0.000000
0.000000
0.000000
0.000000
0.000000
0.000000
0.000000
0.000000
0.000000
0.000000
0.000000
0.000000
0.000000
0.000000
0.000000
0.000000
0.000000
0.000000
0.000000
0.000000
0.000000
0.000000
0.000000
0.000000
0.000000
0.000000
0.000000
0.000000
0.000000
0.000000
