0.000000
0.000000
0.000000
0.000000
0.000000
0.000000
0.000000
0.000000
0.000000
0.000000
0.000000
0.000000
0.000000
0.000000
0.000000
0.000000
0.000000
0.000000
0.000000
0.000000
0.000000
0.000000
0.000000
0.000000
0.000000
0.000000
0.000000
0.000000
0.000000
0.000000
0.000000
0.000000
0.000000
0.007843
0.015686
0.019608
0.023529
0.023529
0.023529
0.023529
0.023529
0.023529
0.023529
0.023529
0.023529
0.023529
0.023529
0.023529
0.023529
0.019608
0.015686
0.000000
0.000000
0.000000
0.000000
0.000000
0.000000
0.000000
0.000000
0.000000
0.000000
0.000000
0.000000
0.000000
0.000000
0.000000
0.000000
0.000000
0.000000
0.000000
0.000000
0.000000
0.000000
0.000000
0.000000
0.000000
0.000000
0.000000
0.000000
0.000000
0.000000
0.000000
0.000000
0.000000
0.000000
0.000000
0.003922
0.000000
0.011765
0.086275
0.156863
0.227451
0.254902
0.258824
0.258824
0.250980
0.258824
0.258824
0.258824
0.258824
0.258824
0.262745
0.258824
0.247059
0.239216
0.223529
0.152941
0.019608
0.000000
0.003922
0.000000
0.000000
0.000000
0.000000
0.007843
0.000000
0.047059
0.380392
0.631373
0.823529
0.890196
0.886275
0.894118
0.878431
0.898039
0.901961
0.898039
0.898039
0.905882
0.909804
0.901961
0.870588
0.862745
0.815686
0.576471
0.078431
0.000000
0.015686
0.000000
0.000000
0.000000
0.000000
0.015686
0.000000
0.082353
0.611765
0.874510
0.988235
0.980392
0.949020
0.980392
0.996078
0.984314
0.976471
0.988235
0.992157
0.996078
0.988235
0.988235
0.980392
0.996078
0.988235
0.780392
0.109804
0.000000
0.019608
0.000000
0.000000
0.000000
0.000000
0.019608
0.000000
0.101961
0.729412
0.956863
1.000000
0.929412
0.874510
0.925490
0.968627
0.921569
0.909804
0.929412
0.929412
0.925490
0.917647
0.917647
0.929412
0.941176
1.000000
0.945098
0.145098
0.000000
0.027451
0.000000
0.000000
0.000000
0.000000
0.019608
0.000000
0.094118
0.690196
0.898039
0.952941
0.894118
0.854902
0.917647
0.972549
0.960784
0.956863
0.964706
0.960784
0.952941
0.941176
0.945098
0.960784
0.960784
0.996078
0.972549
0.149020
0.000000
0.027451
0.000000
0.000000
0.000000
0.000000
0.019608
0.000000
0.086275
0.654902
0.886275
0.968627
0.956863
0.941176
0.976471
1.000000
1.000000
1.000000
1.000000
1.000000
0.996078
0.996078
0.996078
1.000000
0.996078
1.000000
0.929412
0.141176
0.000000
0.027451
0.000000
0.000000
0.000000
0.000000
0.019608
0.000000
0.094118
0.686275
0.921569
1.000000
0.984314
0.964706
0.980392
0.984314
0.992157
0.996078
0.984314
0.984314
0.988235
0.996078
0.996078
0.992157
0.984314
1.000000
0.913725
0.137255
0.000000
0.027451
0.000000
0.000000
0.000000
0.000000
0.019608
0.000000
0.098039
0.701961
0.909804
0.972549
0.937255
0.905882
0.945098
0.964706
0.992157
0.996078
0.980392
0.980392
0.992157
0.996078
0.996078
0.996078
0.988235
1.000000
0.909804
0.137255
0.000000
0.023529
0.000000
0.000000
0.000000
0.000000
0.019608
0.000000
0.094118
0.682353
0.890196
0.952941
0.937255
0.929412
0.988235
0.996078
0.988235
0.984314
0.984314
0.984314
0.988235
0.992157
0.996078
0.992157
0.992157
1.000000
0.909804
0.137255
0.000000
0.023529
0.000000
0.000000
0.000000
0.000000
0.019608
0.000000
0.094118
0.682353
0.898039
0.988235
0.976471
0.952941
0.976471
0.968627
0.984314
0.992157
0.996078
0.996078
0.988235
0.976471
0.976471
0.984314
0.992157
1.000000
0.925490
0.141176
0.000000
0.027451
0.000000
0.000000
0.000000
0.000000
0.023529
0.000000
0.109804
0.752941
0.945098
0.976471
0.960784
0.945098
0.952941
0.976471
0.992157
0.996078
0.992157
0.992157
0.988235
0.984314
0.980392
0.988235
0.980392
1.000000
0.964706
0.149020
0.000000
0.027451
0.000000
0.000000
0.000000
0.000000
0.023529
0.000000
0.113725
0.784314
0.960784
0.956863
0.941176
0.937255
0.949020
0.996078
1.000000
0.992157
0.992157
0.988235
0.992157
0.996078
0.996078
0.992157
0.984314
1.000000
0.960784
0.145098
0.000000
0.027451
0.000000
0.000000
0.000000
0.000000
0.019608
0.000000
0.101961
0.741176
0.937255
0.968627
0.956863
0.949020
0.960784
0.992157
0.996078
0.996078
0.996078
0.992157
0.992157
0.992157
0.992157
0.992157
0.992157
1.000000
0.925490
0.141176
0.000000
0.027451
0.000000
0.000000
0.000000
0.000000
0.019608
0.000000
0.098039
0.717647
0.933333
0.976471
0.960784
0.952941
0.972549
0.992157
0.992157
0.988235
0.988235
0.984314
0.980392
0.980392
0.984314
0.988235
0.988235
1.000000
0.925490
0.141176
0.000000
0.027451
0.000000
0.000000
0.000000
0.000000
0.019608
0.000000
0.098039
0.701961
0.933333
0.992157
0.960784
0.941176
0.976471
0.996078
0.992157
0.988235
0.988235
0.984314
0.980392
0.976471
0.980392
0.988235
0.988235
1.000000
0.917647
0.137255
0.000000
0.027451
0.000000
0.000000
0.000000
0.000000
0.019608
0.000000
0.094118
0.690196
0.937255
1.000000
0.949020
0.925490
0.980392
0.996078
0.996078
0.992157
0.992157
0.992157
0.984314
0.980392
0.984314
0.992157
0.992157
1.000000
0.913725
0.137255
0.000000
0.027451
0.000000
0.000000
0.000000
0.000000
0.015686
0.000000
0.086275
0.662745
0.929412
1.000000
0.941176
0.905882
0.976471
0.984314
0.980392
0.980392
0.980392
0.980392
0.972549
0.964706
0.968627
0.976471
0.984314
1.000000
0.956863
0.145098
0.000000
0.027451
0.000000
0.000000
0.000000
0.000000
0.015686
0.000000
0.078431
0.607843
0.894118
0.996078
0.937255
0.894118
0.964706
0.960784
0.949020
0.949020
0.952941
0.952941
0.945098
0.929412
0.937255
0.949020
0.956863
0.996078
0.980392
0.149020
0.000000
0.027451
0.000000
0.000000
0.000000
0.000000
0.015686
0.000000
0.070588
0.545098
0.854902
0.992157
0.929412
0.886275
0.949020
0.917647
0.925490
0.937255
0.941176
0.941176
0.929412
0.917647
0.917647
0.929412
0.956863
1.000000
0.917647
0.137255
0.000000
0.027451
0.000000
0.000000
0.000000
0.000000
0.011765
0.000000
0.058824
0.486274
0.811765
0.976471
0.929412
0.886275
0.933333
0.890196
0.929412
0.952941
0.949020
0.949020
0.937255
0.925490
0.929412
0.941176
0.980392
0.988235
0.760784
0.105882
0.000000
0.019608
0.000000
0.000000
0.000000
0.000000
0.007843
0.000000
0.027451
0.298039
0.662745
0.949020
1.000000
0.988235
0.992157
1.000000
1.000000
0.980392
0.984314
1.000000
0.984314
0.956863
1.000000
1.000000
0.980392
0.764706
0.411765
0.043137
0.000000
0.011765
0.000000
0.000000
0.000000
0.000000
0.003922
0.000000
0.003922
0.062745
0.180392
0.286274
0.329412
0.321569
0.313725
0.337255
0.325490
0.305882
0.305882
0.317647
0.309804
0.298039
0.325490
0.337255
0.298039
0.200000
0.074510
0.003922
0.000000
0.000000
0.000000
0.000000
0.000000
0.000000
0.000000
0.000000
0.000000
0.000000
0.000000
0.000000
0.000000
0.000000
0.000000
0.000000
0.000000
0.000000
0.000000
0.000000
0.000000
0.000000
0.000000
0.000000
0.000000
0.000000
0.000000
0.000000
0.000000
0.000000
0.000000
0.000000
0.000000
0.000000
0.000000
0.000000
0.000000
0.007843
0.015686
0.023529
0.027451
0.027451
0.027451
0.027451
0.027451
0.027451
0.027451
0.027451
0.027451
0.023529
0.027451
0.027451
0.023529
0.019608
0.007843
0.000000
0.000000
0.000000
0.000000
0.000000
0.000000
0.000000
0.000000
0.000000
0.000000
0.000000
0.000000
0.000000
0.000000
0.000000
0.000000
0.000000
0.000000
0.000000
0.000000
0.000000
0.000000
0.000000
0.000000
0.000000
0.000000
0.000000
0.000000
0.000000
0.000000
0.000000
0.000000
0.000000
