0.000000
0.000000
0.000000
0.000000
0.000000
0.000000
0.000000
0.000000
0.000000
0.000000
0.000000
0.000000
0.000000
0.000000
0.000000
0.000000
0.000000
0.000000
0.000000
0.000000
0.000000
0.000000
0.000000
0.000000
0.000000
0.000000
0.000000
0.000000
0.000000
0.000000
0.000000
0.000000
0.000000
0.007843
0.015686
0.019608
0.023529
0.023529
0.023529
0.023529
0.023529
0.023529
0.023529
0.019608
0.023529
0.023529
0.023529
0.023529
0.023529
0.019608
0.015686
0.003922
0.000000
0.000000
0.000000
0.000000
0.000000
0.000000
0.000000
0.000000
0.000000
0.000000
0.000000
0.000000
0.000000
0.000000
0.000000
0.000000
0.000000
0.000000
0.000000
0.000000
0.000000
0.000000
0.000000
0.000000
0.000000
0.000000
0.000000
0.000000
0.000000
0.000000
0.000000
0.000000
0.000000
0.000000
0.003922
0.000000
0.007843
0.066667
0.141176
0.211765
0.250980
0.254902
0.247059
0.247059
0.254902
0.250980
0.239216
0.235294
0.250980
0.270588
0.282353
0.286274
0.258824
0.207843
0.149020
0.019608
0.000000
0.003922
0.000000
0.000000
0.000000
0.000000
0.007843
0.000000
0.039216
0.341176
0.600000
0.792157
0.882353
0.890196
0.870588
0.870588
0.890196
0.886275
0.854902
0.847059
0.878431
0.917647
0.949020
0.956863
0.894118
0.784314
0.611765
0.086275
0.000000
0.019608
0.000000
0.000000
0.000000
0.000000
0.015686
0.000000
0.074510
0.584314
0.898039
0.996078
1.000000
0.996078
1.000000
1.000000
0.992157
0.996078
0.992157
0.984314
0.996078
0.996078
0.988235
0.988235
0.988235
0.992157
0.870588
0.129412
0.000000
0.023529
0.000000
0.000000
0.000000
0.000000
0.015686
0.000000
0.078431
0.639216
0.980392
1.000000
0.960784
0.933333
0.988235
1.000000
0.972549
0.972549
0.980392
0.976471
1.000000
0.996078
0.952941
0.960784
0.996078
1.000000
0.972549
0.149020
0.000000
0.027451
0.000000
0.000000
0.000000
0.000000
0.015686
0.000000
0.078431
0.623529
0.937255
0.996078
0.956863
0.937255
0.968627
0.988235
0.984314
0.968627
0.964706
0.972549
0.984314
0.988235
0.972549
0.976471
0.972549
0.996078
0.980392
0.149020
0.000000
0.027451
0.000000
0.000000
0.000000
0.000000
0.015686
0.000000
0.082353
0.619608
0.917647
1.000000
0.980392
0.964706
0.972549
0.988235
1.000000
0.984314
0.972549
0.984314
0.984314
0.992157
1.000000
1.000000
0.972549
1.000000
0.976471
0.149020
0.000000
0.027451
0.000000
0.000000
0.000000
0.000000
0.015686
0.000000
0.082353
0.627451
0.933333
1.000000
0.980392
0.964706
0.976471
0.988235
0.992157
0.984314
0.980392
0.984314
0.988235
0.996078
0.996078
0.996078
0.980392
1.000000
0.984314
0.152941
0.000000
0.027451
0.000000
0.000000
0.000000
0.000000
0.015686
0.000000
0.078431
0.623529
0.937255
1.000000
0.980392
0.972549
0.980392
0.988235
0.992157
0.988235
0.984314
0.984314
0.988235
0.996078
0.996078
0.996078
0.980392
1.000000
0.984314
0.152941
0.000000
0.027451
0.000000
0.000000
0.000000
0.000000
0.015686
0.000000
0.078431
0.607843
0.929412
1.000000
0.988235
0.980392
0.984314
0.992157
0.996078
0.992157
0.984314
0.980392
0.980392
0.988235
0.996078
0.996078
0.980392
1.000000
0.984314
0.152941
0.000000
0.027451
0.000000
0.000000
0.000000
0.000000
0.015686
0.000000
0.074510
0.592157
0.913725
1.000000
0.984314
0.976471
0.988235
0.996078
0.996078
0.992157
0.984314
0.972549
0.972549
0.984314
0.988235
0.996078
0.980392
1.000000
0.976471
0.149020
0.000000
0.027451
0.000000
0.000000
0.000000
0.000000
0.015686
0.000000
0.070588
0.580392
0.901961
1.000000
0.984314
0.976471
0.988235
0.996078
0.996078
0.996078
0.984314
0.972549
0.968627
0.972549
0.988235
0.996078
0.980392
1.000000
0.976471
0.149020
0.000000
0.027451
0.000000
0.000000
0.000000
0.000000
0.015686
0.000000
0.070588
0.584314
0.901961
1.000000
0.984314
0.972549
0.988235
0.996078
0.996078
0.996078
0.988235
0.972549
0.964706
0.968627
0.988235
0.996078
0.980392
1.000000
0.976471
0.149020
0.000000
0.027451
0.000000
0.000000
0.000000
0.000000
0.015686
0.000000
0.074510
0.596078
0.913725
1.000000
0.980392
0.968627
0.988235
0.996078
0.996078
0.996078
0.992157
0.976471
0.964706
0.968627
0.992157
0.996078
0.984314
1.000000
0.980392
0.149020
0.000000
0.027451
0.000000
0.000000
0.000000
0.000000
0.015686
0.000000
0.078431
0.607843
0.921569
1.000000
0.984314
0.968627
0.984314
0.992157
0.996078
0.996078
0.992157
0.980392
0.968627
0.972549
0.992157
0.996078
0.984314
1.000000
0.984314
0.152941
0.000000
0.027451
0.000000
0.000000
0.000000
0.000000
0.015686
0.000000
0.078431
0.619608
0.941176
1.000000
0.984314
0.976471
0.976471
0.976471
1.000000
0.976471
0.964706
0.988235
0.996078
0.980392
0.960784
0.980392
0.992157
1.000000
0.968627
0.149020
0.000000
0.027451
0.000000
0.000000
0.000000
0.000000
0.015686
0.000000
0.082353
0.635294
0.929412
0.992157
0.976471
0.984314
0.992157
0.976471
0.972549
0.980392
0.976471
0.964706
0.972549
0.976471
0.960784
0.968627
0.976471
1.000000
0.941176
0.145098
0.000000
0.027451
0.000000
0.000000
0.000000
0.000000
0.015686
0.000000
0.082353
0.615686
0.905882
0.988235
0.976471
0.992157
1.000000
1.000000
0.984314
1.000000
0.992157
0.960784
0.964706
0.988235
0.988235
0.984314
0.972549
1.000000
0.968627
0.149020
0.000000
0.027451
0.000000
0.000000
0.000000
0.000000
0.015686
0.000000
0.078431
0.607843
0.925490
0.992157
0.968627
0.960784
0.972549
0.976471
0.968627
0.980392
0.972549
0.956863
0.968627
0.988235
0.968627
0.960784
0.960784
0.996078
1.000000
0.156863
0.000000
0.027451
0.000000
0.000000
0.000000
0.000000
0.015686
0.000000
0.074510
0.611765
0.956863
1.000000
0.976471
0.945098
0.941176
0.952941
0.945098
0.964706
0.968627
0.956863
0.976471
0.980392
0.952941
0.945098
0.956863
1.000000
0.988235
0.152941
0.000000
0.027451
0.000000
0.000000
0.000000
0.000000
0.015686
0.000000
0.062745
0.517647
0.862745
0.992157
0.992157
0.984314
0.992157
0.992157
0.996078
0.996078
0.996078
0.996078
0.996078
0.996078
0.996078
0.988235
0.996078
1.000000
0.894118
0.133333
0.000000
0.023529
0.000000
0.000000
0.000000
0.000000
0.007843
0.000000
0.035294
0.309804
0.596078
0.792157
0.870588
0.898039
0.937255
0.956863
0.925490
0.905882
0.909804
0.909804
0.901961
0.890196
0.901961
0.949020
0.933333
0.823529
0.619608
0.086275
0.000000
0.019608
0.000000
0.000000
0.000000
0.000000
0.003922
0.000000
0.007843
0.066667
0.141176
0.211765
0.247059
0.258824
0.278431
0.286274
0.270588
0.262745
0.262745
0.262745
0.262745
0.254902
0.258824
0.282353
0.274510
0.223529
0.149020
0.019608
0.000000
0.003922
0.000000
0.000000
0.000000
0.000000
0.000000
0.000000
0.000000
0.000000
0.000000
0.000000
0.000000
0.000000
0.000000
0.000000
0.000000
0.000000
0.000000
0.000000
0.000000
0.000000
0.000000
0.000000
0.000000
0.000000
0.000000
0.000000
0.000000
0.000000
0.000000
0.000000
0.000000
0.000000
0.000000
0.000000
0.000000
0.007843
0.015686
0.019608
0.023529
0.023529
0.023529
0.023529
0.023529
0.023529
0.023529
0.023529
0.023529
0.023529
0.023529
0.023529
0.023529
0.019608
0.015686
0.003922
0.000000
0.000000
0.000000
0.000000
0.000000
0.000000
0.000000
0.000000
0.000000
0.000000
0.000000
0.000000
0.000000
0.000000
0.000000
0.000000
0.000000
0.000000
0.000000
0.000000
0.000000
0.000000
0.000000
0.000000
0.000000
0.000000
0.000000
0.000000
0.000000
0.000000
0.000000
0.000000
