0.000000
0.000000
0.000000
0.000000
0.000000
0.000000
0.000000
0.000000
0.000000
0.000000
0.000000
0.000000
0.000000
0.000000
0.000000
0.000000
0.000000
0.000000
0.000000
0.000000
0.000000
0.000000
0.000000
0.000000
0.000000
0.000000
0.000000
0.000000
0.000000
0.000000
0.000000
0.000000
0.003922
0.011765
0.019608
0.019608
0.019608
0.015686
0.015686
0.015686
0.015686
0.015686
0.015686
0.015686
0.015686
0.019608
0.019608
0.015686
0.007843
0.003922
0.000000
0.000000
0.000000
0.000000
0.000000
0.000000
0.000000
0.000000
0.000000
0.000000
0.000000
0.000000
0.000000
0.000000
0.000000
0.000000
0.000000
0.000000
0.000000
0.000000
0.000000
0.000000
0.000000
0.000000
0.000000
0.000000
0.000000
0.000000
0.000000
0.000000
0.000000
0.000000
0.000000
0.000000
0.000000
0.000000
0.003922
0.000000
0.027451
0.176471
0.317647
0.341176
0.329412
0.282353
0.250980
0.235294
0.227451
0.254902
0.274510
0.274510
0.274510
0.294118
0.294118
0.223529
0.121569
0.074510
0.011765
0.000000
0.000000
0.000000
0.000000
0.000000
0.000000
0.000000
0.015686
0.000000
0.117647
0.572549
0.866667
0.917647
0.905882
0.839216
0.803922
0.788235
0.780392
0.815686
0.839216
0.835294
0.839216
0.866667
0.854902
0.709804
0.478431
0.294118
0.039216
0.000000
0.007843
0.000000
0.000000
0.000000
0.000000
0.000000
0.019608
0.000000
0.184314
0.752941
0.960784
0.992157
0.992157
0.984314
0.988235
1.000000
0.996078
0.996078
0.960784
0.984314
0.988235
0.988235
0.980392
0.929412
0.796078
0.517647
0.070588
0.000000
0.011765
0.000000
0.000000
0.000000
0.000000
0.000000
0.019608
0.000000
0.188235
0.756863
0.925490
0.917647
0.909804
0.886275
0.886275
0.878431
0.854902
0.874510
0.831373
0.894118
0.878431
0.874510
0.894118
0.925490
0.956863
0.658823
0.090196
0.000000
0.015686
0.000000
0.000000
0.000000
0.000000
0.000000
0.023529
0.000000
0.207843
0.807843
0.937255
0.905882
0.901961
0.901961
0.929412
0.925490
0.890196
0.913725
0.980392
0.996078
0.949020
0.921569
0.894118
0.921569
0.992157
0.650980
0.082353
0.000000
0.015686
0.000000
0.000000
0.000000
0.000000
0.000000
0.019608
0.000000
0.203922
0.792157
0.901961
0.870588
0.882353
0.909804
0.952941
0.949020
0.917647
0.929412
0.882353
0.929412
0.929412
0.937255
0.929412
0.949020
0.996078
0.619608
0.078431
0.000000
0.011765
0.000000
0.000000
0.000000
0.000000
0.000000
0.019608
0.000000
0.207843
0.796078
0.898039
0.862745
0.874510
0.901961
0.937255
0.921569
0.882353
0.886275
0.862745
0.909804
0.945098
0.980392
0.960784
0.945098
0.929412
0.529412
0.058824
0.000000
0.011765
0.000000
0.000000
0.000000
0.000000
0.000000
0.019608
0.000000
0.196078
0.752941
0.866667
0.850980
0.886275
0.925490
0.960784
0.945098
0.909804
0.921569
0.905882
0.909804
0.960784
0.980392
0.929412
0.913725
0.866667
0.490196
0.054902
0.000000
0.011765
0.000000
0.000000
0.000000
0.000000
0.000000
0.019608
0.000000
0.164706
0.658823
0.807843
0.819608
0.878431
0.929412
0.964706
0.960784
0.937255
0.960784
0.905882
0.882353
0.960784
0.960784
0.894118
0.917647
0.858824
0.501961
0.058824
0.000000
0.011765
0.000000
0.000000
0.000000
0.000000
0.000000
0.015686
0.000000
0.160784
0.635294
0.784314
0.792157
0.858824
0.917647
0.952941
0.933333
0.898039
0.925490
0.925490
0.909804
0.976471
0.968627
0.917647
0.949020
0.874510
0.505882
0.058824
0.000000
0.011765
0.000000
0.000000
0.000000
0.000000
0.000000
0.019608
0.000000
0.188235
0.705882
0.796078
0.792157
0.870588
0.952941
0.992157
0.952941
0.905882
0.933333
0.960784
0.980392
0.968627
0.960784
0.956863
0.956863
0.905882
0.537255
0.062745
0.000000
0.011765
0.000000
0.000000
0.000000
0.000000
0.000000
0.023529
0.000000
0.211765
0.788235
0.866667
0.839216
0.886275
0.937255
0.956863
0.937255
0.913725
0.960784
0.980392
0.984314
0.968627
0.964706
0.956863
0.956863
0.901961
0.549020
0.066667
0.000000
0.011765
0.000000
0.000000
0.000000
0.000000
0.000000
0.023529
0.000000
0.227451
0.843137
0.913725
0.870588
0.890196
0.917647
0.929412
0.917647
0.917647
0.972549
0.992157
0.988235
0.964706
0.956863
0.937255
0.917647
0.843137
0.501961
0.062745
0.000000
0.011765
0.000000
0.000000
0.000000
0.000000
0.000000
0.023529
0.000000
0.219608
0.819608
0.898039
0.862745
0.886275
0.913725
0.933333
0.925490
0.917647
0.968627
0.996078
0.984314
0.945098
0.941176
0.921569
0.878431
0.784314
0.454902
0.054902
0.000000
0.011765
0.000000
0.000000
0.000000
0.000000
0.000000
0.023529
0.000000
0.207843
0.788235
0.874510
0.835294
0.870588
0.913725
0.960784
0.960784
0.937255
0.972549
0.984314
0.968627
0.941176
0.949020
0.937255
0.890196
0.796078
0.474510
0.058824
0.000000
0.011765
0.000000
0.000000
0.000000
0.000000
0.000000
0.023529
0.000000
0.215686
0.811765
0.882353
0.835294
0.858824
0.921569
0.980392
0.992157
0.972549
0.988235
0.980392
0.968627
0.956863
0.968627
0.956863
0.917647
0.835294
0.509804
0.066667
0.000000
0.011765
0.000000
0.000000
0.000000
0.000000
0.000000
0.023529
0.000000
0.231373
0.854902
0.917647
0.858824
0.870588
0.925490
0.980392
0.996078
0.984314
0.992157
0.984314
0.984314
0.972549
0.972549
0.952941
0.921569
0.847059
0.517647
0.066667
0.000000
0.011765
0.000000
0.000000
0.000000
0.000000
0.000000
0.023529
0.000000
0.227451
0.843137
0.933333
0.886275
0.898039
0.933333
0.980392
0.980392
0.952941
0.968627
0.960784
0.972549
0.964706
0.952941
0.929412
0.921569
0.882353
0.560784
0.070588
0.000000
0.011765
0.000000
0.000000
0.000000
0.000000
0.000000
0.019608
0.000000
0.203922
0.792157
0.917647
0.898039
0.921569
0.945098
0.968627
0.949020
0.905882
0.913725
0.901961
0.921569
0.925490
0.917647
0.905882
0.937255
0.937255
0.635294
0.086275
0.000000
0.015686
0.000000
0.000000
0.000000
0.000000
0.000000
0.019608
0.000000
0.196078
0.772549
0.941176
0.984314
0.960784
0.968627
0.996078
0.984314
0.968627
0.980392
0.976471
0.968627
0.968627
0.980392
0.984314
0.917647
0.741176
0.498039
0.066667
0.000000
0.011765
0.000000
0.000000
0.000000
0.000000
0.000000
0.019608
0.000000
0.168627
0.674510
0.858824
0.937255
0.882353
0.886275
0.917647
0.909804
0.898039
0.933333
0.956863
0.933333
0.913725
0.917647
0.886275
0.745098
0.513726
0.301961
0.039216
0.000000
0.007843
0.000000
0.000000
0.000000
0.000000
0.000000
0.007843
0.000000
0.058824
0.243137
0.317647
0.352941
0.329412
0.329412
0.345098
0.341176
0.329412
0.349020
0.368627
0.356863
0.345098
0.341176
0.317647
0.254902
0.172549
0.090196
0.011765
0.000000
0.000000
0.000000
0.000000
0.000000
0.000000
0.000000
0.000000
0.000000
0.000000
0.000000
0.000000
0.000000
0.000000
0.000000
0.000000
0.000000
0.000000
0.000000
0.000000
0.000000
0.000000
0.000000
0.000000
0.000000
0.000000
0.000000
0.000000
0.000000
0.000000
0.000000
0.000000
0.000000
0.000000
0.000000
0.000000
0.000000
0.003922
0.015686
0.019608
0.019608
0.019608
0.019608
0.019608
0.019608
0.019608
0.019608
0.019608
0.019608
0.019608
0.019608
0.019608
0.015686
0.011765
0.007843
0.000000
0.000000
0.000000
0.000000
0.000000
0.000000
0.000000
0.000000
0.000000
0.000000
0.000000
0.000000
0.000000
0.000000
0.000000
0.000000
0.000000
0.000000
0.000000
0.000000
0.000000
0.000000
0.000000
0.000000
0.000000
0.000000
0.000000
0.000000
0.000000
0.000000
0.000000
0.000000
0.000000
0.000000
