0.000000
0.000000
0.000000
0.000000
0.000000
0.000000
0.000000
0.000000
0.000000
0.000000
0.000000
0.000000
0.000000
0.000000
0.000000
0.000000
0.000000
0.000000
0.000000
0.000000
0.000000
0.000000
0.000000
0.000000
0.000000
0.000000
0.000000
0.000000
0.000000
0.000000
0.000000
0.003922
0.015686
0.023529
0.027451
0.027451
0.027451
0.027451
0.027451
0.027451
0.027451
0.027451
0.027451
0.027451
0.027451
0.027451
0.027451
0.027451
0.027451
0.023529
0.011765
0.000000
0.000000
0.000000
0.000000
0.000000
0.000000
0.000000
0.000000
0.000000
0.000000
0.000000
0.000000
0.000000
0.000000
0.000000
0.000000
0.000000
0.000000
0.000000
0.000000
0.000000
0.000000
0.000000
0.000000
0.000000
0.000000
0.000000
0.000000
0.000000
0.000000
0.000000
0.000000
0.000000
0.000000
0.003922
0.000000
0.015686
0.098039
0.152941
0.192157
0.207843
0.211765
0.211765
0.215686
0.207843
0.203922
0.207843
0.207843
0.207843
0.207843
0.211765
0.207843
0.203922
0.203922
0.160784
0.066667
0.000000
0.000000
0.003922
0.000000
0.000000
0.000000
0.015686
0.000000
0.090196
0.529412
0.803922
0.952941
1.000000
1.000000
1.000000
1.000000
1.000000
0.996078
1.000000
1.000000
1.000000
1.000000
1.000000
1.000000
0.992157
0.988235
0.831373
0.427451
0.007843
0.000000
0.011765
0.000000
0.000000
0.000000
0.019608
0.000000
0.117647
0.682353
0.964706
1.000000
1.000000
1.000000
0.992157
0.972549
1.000000
1.000000
1.000000
1.000000
1.000000
1.000000
1.000000
1.000000
1.000000
1.000000
1.000000
0.713725
0.019608
0.000000
0.019608
0.000000
0.000000
0.000000
0.019608
0.000000
0.129412
0.713725
0.968627
0.972549
0.941176
0.960784
0.964706
0.956863
0.960784
0.968627
0.976471
0.972549
0.952941
0.937255
0.949020
0.964706
0.976471
0.941176
1.000000
0.819608
0.023529
0.000000
0.019608
0.000000
0.000000
0.000000
0.019608
0.000000
0.137255
0.741176
0.984314
0.968627
0.929412
0.964706
0.992157
0.988235
0.976471
0.976471
0.988235
0.988235
0.972549
0.960784
0.964706
0.976471
0.988235
0.968627
0.996078
0.792157
0.023529
0.000000
0.019608
0.000000
0.000000
0.000000
0.023529
0.000000
0.141176
0.768627
1.000000
0.988235
0.949020
0.964706
0.972549
0.956863
0.964706
0.988235
0.996078
0.996078
0.992157
0.984314
0.984314
0.992157
0.992157
0.980392
1.000000
0.764706
0.019608
0.000000
0.019608
0.000000
0.000000
0.000000
0.019608
0.000000
0.133333
0.745098
0.992157
1.000000
0.992157
1.000000
1.000000
1.000000
0.992157
0.984314
0.992157
0.996078
0.996078
0.996078
0.996078
0.992157
0.988235
0.976471
1.000000
0.780392
0.019608
0.000000
0.019608
0.000000
0.000000
0.000000
0.019608
0.000000
0.137255
0.741176
0.960784
0.984314
0.980392
0.972549
0.960784
0.972549
0.984314
0.988235
0.988235
0.992157
0.992157
0.996078
0.996078
0.992157
0.984314
0.968627
1.000000
0.792157
0.019608
0.000000
0.019608
0.000000
0.000000
0.000000
0.019608
0.000000
0.137255
0.741176
0.949020
0.984314
0.988235
0.968627
0.933333
0.960784
0.992157
0.996078
0.988235
0.984314
0.988235
0.996078
0.996078
0.992157
0.984314
0.964706
1.000000
0.768627
0.019608
0.000000
0.019608
0.000000
0.000000
0.000000
0.019608
0.000000
0.137255
0.752941
0.972549
1.000000
1.000000
0.988235
0.960784
0.976471
0.996078
0.996078
0.992157
0.988235
0.988235
0.996078
0.996078
0.992157
0.988235
0.972549
1.000000
0.752941
0.019608
0.000000
0.019608
0.000000
0.000000
0.000000
0.023529
0.000000
0.141176
0.768627
0.996078
1.000000
0.984314
0.992157
0.996078
0.980392
0.984314
0.996078
0.996078
0.996078
0.996078
0.996078
0.992157
0.992157
0.992157
0.980392
1.000000
0.772549
0.019608
0.000000
0.019608
0.000000
0.000000
0.000000
0.019608
0.000000
0.137255
0.760784
0.996078
1.000000
0.984314
1.000000
1.000000
0.992157
0.984314
0.992157
0.996078
0.996078
0.996078
0.996078
0.996078
0.992157
0.988235
0.976471
1.000000
0.776471
0.019608
0.000000
0.019608
0.000000
0.000000
0.000000
0.019608
0.000000
0.137255
0.760784
0.996078
1.000000
0.984314
1.000000
1.000000
0.992157
0.984314
0.988235
0.992157
0.996078
0.996078
0.996078
0.996078
0.988235
0.984314
0.972549
1.000000
0.780392
0.019608
0.000000
0.019608
0.000000
0.000000
0.000000
0.019608
0.000000
0.141176
0.764706
0.996078
1.000000
0.976471
0.988235
0.988235
0.980392
0.976471
0.980392
0.992157
0.996078
0.996078
0.996078
0.996078
0.988235
0.984314
0.968627
1.000000
0.792157
0.019608
0.000000
0.019608
0.000000
0.000000
0.000000
0.019608
0.000000
0.141176
0.764706
0.996078
1.000000
0.972549
0.976471
0.976471
0.964706
0.968627
0.980392
0.988235
0.996078
0.996078
0.996078
0.996078
0.988235
0.984314
0.964706
1.000000
0.800000
0.019608
0.000000
0.019608
0.000000
0.000000
0.000000
0.019608
0.000000
0.137255
0.760784
0.996078
1.000000
0.968627
0.980392
0.976471
0.964706
0.968627
0.980392
0.984314
0.996078
0.996078
0.992157
0.988235
0.984314
0.984314
0.964706
1.000000
0.784314
0.019608
0.000000
0.019608
0.000000
0.000000
0.000000
0.019608
0.000000
0.137255
0.749020
0.988235
0.996078
0.972549
0.988235
0.988235
0.980392
0.976471
0.980392
0.984314
0.988235
0.984314
0.984314
0.980392
0.976471
0.980392
0.972549
1.000000
0.741176
0.019608
0.000000
0.019608
0.000000
0.000000
0.000000
0.019608
0.000000
0.133333
0.729412
0.972549
0.996078
0.976471
0.996078
0.996078
0.992157
0.984314
0.980392
0.984314
0.984314
0.980392
0.976471
0.972549
0.976471
0.980392
0.980392
0.996078
0.713725
0.019608
0.000000
0.019608
0.000000
0.000000
0.000000
0.019608
0.000000
0.141176
0.760784
0.988235
0.980392
0.952941
0.972549
0.976471
0.968627
0.964706
0.968627
0.968627
0.964706
0.960784
0.949020
0.945098
0.949020
0.960784
0.956863
0.992157
0.772549
0.019608
0.000000
0.019608
0.000000
0.000000
0.000000
0.019608
0.000000
0.129412
0.717647
0.984314
1.000000
1.000000
1.000000
1.000000
1.000000
1.000000
1.000000
1.000000
1.000000
1.000000
1.000000
1.000000
1.000000
1.000000
1.000000
1.000000
0.792157
0.019608
0.000000
0.019608
0.000000
0.000000
0.000000
0.011765
0.000000
0.070588
0.454902
0.780392
0.976471
1.000000
1.000000
0.988235
0.984314
1.000000
1.000000
1.000000
1.000000
1.000000
1.000000
1.000000
1.000000
1.000000
1.000000
0.952941
0.576471
0.011765
0.000000
0.015686
0.000000
0.000000
0.000000
0.003922
0.000000
0.007843
0.074510
0.145098
0.200000
0.211765
0.207843
0.203922
0.203922
0.207843
0.211765
0.207843
0.207843
0.207843
0.211765
0.211765
0.211765
0.207843
0.211765
0.192157
0.101961
0.003922
0.000000
0.003922
0.000000
0.000000
0.000000
0.000000
0.000000
0.000000
0.000000
0.000000
0.000000
0.000000
0.000000
0.000000
0.000000
0.000000
0.000000
0.000000
0.000000
0.000000
0.000000
0.000000
0.000000
0.000000
0.000000
0.000000
0.000000
0.000000
0.000000
0.000000
0.000000
0.000000
0.000000
0.000000
0.000000
0.000000
0.011765
0.023529
0.027451
0.027451
0.027451
0.027451
0.027451
0.027451
0.027451
0.027451
0.027451
0.027451
0.027451
0.027451
0.027451
0.027451
0.027451
0.027451
0.015686
0.000000
0.000000
0.000000
0.000000
0.000000
0.000000
0.000000
0.000000
0.000000
0.000000
0.000000
0.000000
0.000000
0.000000
0.000000
0.000000
0.000000
0.000000
0.000000
0.000000
0.000000
0.000000
0.000000
0.000000
0.000000
0.000000
0.000000
0.000000
0.000000
0.000000
0.000000
0.000000
0.000000
