0.000000
0.000000
0.000000
0.000000
0.000000
0.000000
0.000000
0.000000
0.000000
0.000000
0.000000
0.000000
0.000000
0.000000
0.000000
0.000000
0.000000
0.000000
0.000000
0.000000
0.000000
0.000000
0.000000
0.000000
0.000000
0.000000
0.000000
0.000000
0.000000
0.000000
0.000000
0.000000
0.000000
0.007843
0.015686
0.019608
0.019608
0.019608
0.019608
0.019608
0.019608
0.019608
0.019608
0.019608
0.019608
0.019608
0.019608
0.019608
0.019608
0.015686
0.007843
0.000000
0.000000
0.000000
0.000000
0.000000
0.000000
0.000000
0.000000
0.000000
0.000000
0.000000
0.000000
0.000000
0.000000
0.000000
0.000000
0.000000
0.000000
0.000000
0.000000
0.000000
0.000000
0.000000
0.000000
0.000000
0.000000
0.000000
0.000000
0.000000
0.000000
0.000000
0.000000
0.000000
0.000000
0.000000
0.000000
0.000000
0.007843
0.086275
0.160784
0.196078
0.203922
0.203922
0.203922
0.211765
0.219608
0.227451
0.227451
0.219608
0.211765
0.215686
0.227451
0.223529
0.207843
0.164706
0.062745
0.003922
0.000000
0.003922
0.000000
0.000000
0.000000
0.000000
0.011765
0.000000
0.050980
0.411765
0.654902
0.756863
0.772549
0.768627
0.776471
0.788235
0.815686
0.835294
0.827451
0.807843
0.784314
0.796078
0.827451
0.811765
0.788235
0.662745
0.301961
0.027451
0.000000
0.007843
0.000000
0.000000
0.000000
0.000000
0.019608
0.000000
0.090196
0.682353
0.929412
0.992157
0.980392
0.972549
0.980392
0.980392
0.992157
1.000000
0.996078
0.984314
0.972549
0.976471
0.992157
0.980392
1.000000
0.921569
0.541176
0.062745
0.000000
0.015686
0.000000
0.000000
0.000000
0.000000
0.023529
0.000000
0.121569
0.823529
1.000000
1.000000
0.996078
0.988235
0.996078
0.988235
1.000000
1.000000
1.000000
1.000000
1.000000
1.000000
0.996078
0.992157
1.000000
0.996078
0.721569
0.098039
0.000000
0.019608
0.000000
0.000000
0.000000
0.000000
0.023529
0.000000
0.121569
0.835294
1.000000
0.980392
0.956863
0.968627
0.988235
0.980392
0.980392
0.976471
0.972549
0.980392
0.988235
0.984314
0.968627
0.956863
0.988235
0.996078
0.760784
0.105882
0.000000
0.019608
0.000000
0.000000
0.000000
0.000000
0.023529
0.000000
0.117647
0.815686
0.996078
0.976471
0.956863
0.980392
0.996078
0.996078
0.984314
0.972549
0.980392
0.988235
0.992157
0.992157
0.976471
0.964706
0.996078
0.996078
0.760784
0.105882
0.000000
0.019608
0.000000
0.000000
0.000000
0.000000
0.023529
0.000000
0.117647
0.823529
1.000000
0.988235
0.976471
0.992157
0.996078
0.988235
0.988235
0.988235
0.996078
0.996078
0.996078
0.992157
0.988235
0.980392
1.000000
0.996078
0.788235
0.109804
0.000000
0.019608
0.000000
0.000000
0.000000
0.000000
0.023529
0.000000
0.117647
0.823529
1.000000
0.996078
0.976471
0.988235
0.992157
0.964706
0.980392
0.996078
0.996078
0.996078
0.984314
0.976471
0.980392
0.984314
1.000000
0.996078
0.803922
0.113725
0.000000
0.023529
0.000000
0.000000
0.000000
0.000000
0.023529
0.000000
0.113725
0.800000
0.996078
0.996078
0.972549
0.984314
0.996078
0.984314
0.992157
0.996078
0.996078
0.992157
0.976471
0.968627
0.984314
0.992157
1.000000
0.988235
0.776471
0.109804
0.000000
0.019608
0.000000
0.000000
0.000000
0.000000
0.023529
0.000000
0.117647
0.811765
0.988235
0.984314
0.968627
0.976471
0.992157
0.996078
0.996078
0.996078
0.996078
0.992157
0.988235
0.988235
0.992157
0.992157
1.000000
0.992157
0.780392
0.109804
0.000000
0.023529
0.000000
0.000000
0.000000
0.000000
0.023529
0.000000
0.121569
0.831373
0.996078
0.992157
0.976471
0.980392
0.992157
0.996078
0.996078
0.996078
0.996078
0.992157
0.992157
0.996078
0.996078
0.992157
1.000000
1.000000
0.796078
0.113725
0.000000
0.023529
0.000000
0.000000
0.000000
0.000000
0.023529
0.000000
0.121569
0.839216
1.000000
1.000000
0.988235
0.988235
0.996078
0.996078
0.996078
0.996078
0.996078
0.992157
0.992157
0.992157
0.996078
0.992157
1.000000
1.000000
0.796078
0.113725
0.000000
0.023529
0.000000
0.000000
0.000000
0.000000
0.023529
0.000000
0.121569
0.843137
1.000000
1.000000
0.984314
0.984314
0.996078
0.996078
0.996078
0.996078
0.996078
0.996078
0.992157
0.992157
0.996078
0.992157
1.000000
0.992157
0.760784
0.105882
0.000000
0.019608
0.000000
0.000000
0.000000
0.000000
0.023529
0.000000
0.121569
0.827451
0.996078
0.992157
0.976471
0.976471
0.988235
0.988235
0.996078
0.996078
0.996078
0.996078
0.992157
0.992157
0.996078
0.988235
1.000000
0.988235
0.733333
0.101961
0.000000
0.019608
0.000000
0.000000
0.000000
0.000000
0.023529
0.000000
0.117647
0.811765
0.984314
0.988235
0.980392
0.980392
0.988235
0.988235
0.996078
0.996078
0.996078
0.996078
0.992157
0.992157
0.996078
0.992157
1.000000
0.996078
0.760784
0.105882
0.000000
0.019608
0.000000
0.000000
0.000000
0.000000
0.023529
0.000000
0.117647
0.811765
0.988235
0.992157
0.988235
0.988235
0.992157
0.992157
0.996078
0.996078
0.996078
0.996078
0.992157
0.992157
0.996078
0.992157
1.000000
1.000000
0.823529
0.117647
0.000000
0.023529
0.000000
0.000000
0.000000
0.000000
0.023529
0.000000
0.117647
0.819608
0.996078
1.000000
0.992157
0.992157
1.000000
0.992157
0.992157
0.996078
0.996078
0.996078
0.992157
0.992157
0.996078
0.992157
1.000000
1.000000
0.854902
0.125490
0.000000
0.023529
0.000000
0.000000
0.000000
0.000000
0.023529
0.000000
0.117647
0.823529
0.996078
1.000000
0.992157
0.988235
0.992157
0.980392
0.992157
0.996078
0.996078
0.996078
0.992157
0.992157
0.996078
0.992157
1.000000
1.000000
0.831373
0.117647
0.000000
0.023529
0.000000
0.000000
0.000000
0.000000
0.023529
0.000000
0.117647
0.827451
0.992157
0.992157
0.984314
0.980392
0.976471
0.968627
0.988235
1.000000
0.996078
0.996078
0.992157
0.992157
0.992157
0.988235
0.996078
0.996078
0.776471
0.105882
0.000000
0.023529
0.000000
0.000000
0.000000
0.000000
0.023529
0.000000
0.113725
0.796078
0.976471
0.992157
0.984314
0.972549
0.976471
0.980392
0.988235
0.992157
0.992157
0.992157
0.996078
0.996078
0.992157
0.984314
0.996078
0.980392
0.686275
0.090196
0.000000
0.019608
0.000000
0.000000
0.000000
0.000000
0.019608
0.000000
0.082353
0.650980
0.960784
1.000000
1.000000
1.000000
1.000000
1.000000
1.000000
1.000000
1.000000
1.000000
1.000000
1.000000
1.000000
1.000000
1.000000
1.000000
0.560784
0.062745
0.000000
0.015686
0.000000
0.000000
0.000000
0.000000
0.003922
0.000000
0.019608
0.176471
0.294118
0.345098
0.345098
0.329412
0.337255
0.349020
0.345098
0.333333
0.329412
0.329412
0.329412
0.333333
0.341176
0.337255
0.349020
0.325490
0.156863
0.015686
0.000000
0.003922
0.000000
0.000000
0.000000
0.000000
0.000000
0.000000
0.000000
0.000000
0.000000
0.000000
0.000000
0.000000
0.000000
0.000000
0.000000
0.000000
0.000000
0.000000
0.000000
0.000000
0.000000
0.000000
0.000000
0.000000
0.000000
0.000000
0.000000
0.000000
0.000000
0.000000
0.000000
0.000000
0.000000
0.000000
0.003922
0.015686
0.023529
0.027451
0.027451
0.027451
0.027451
0.027451
0.027451
0.027451
0.027451
0.027451
0.027451
0.027451
0.027451
0.027451
0.027451
0.027451
0.015686
0.000000
0.000000
0.000000
0.000000
0.000000
0.000000
0.000000
0.000000
0.000000
0.000000
0.000000
0.000000
0.000000
0.000000
0.000000
0.000000
0.000000
0.000000
0.000000
0.000000
0.000000
0.000000
0.000000
0.000000
0.000000
0.000000
0.000000
0.000000
0.000000
0.000000
0.000000
0.000000
0.000000
