0.000000
0.000000
0.000000
0.000000
0.000000
0.000000
0.000000
0.000000
0.000000
0.000000
0.000000
0.000000
0.000000
0.000000
0.000000
0.000000
0.000000
0.000000
0.000000
0.000000
0.000000
0.000000
0.000000
0.000000
0.000000
0.000000
0.000000
0.000000
0.000000
0.000000
0.000000
0.000000
0.003922
0.011765
0.019608
0.023529
0.023529
0.023529
0.023529
0.023529
0.023529
0.023529
0.023529
0.023529
0.023529
0.023529
0.019608
0.019608
0.011765
0.007843
0.000000
0.000000
0.000000
0.000000
0.000000
0.000000
0.000000
0.000000
0.000000
0.000000
0.000000
0.000000
0.000000
0.000000
0.000000
0.000000
0.000000
0.000000
0.000000
0.000000
0.000000
0.000000
0.000000
0.000000
0.000000
0.000000
0.000000
0.000000
0.000000
0.000000
0.000000
0.000000
0.000000
0.000000
0.000000
0.000000
0.003922
0.000000
0.047059
0.211765
0.325490
0.407843
0.439216
0.435294
0.431373
0.439216
0.439216
0.419608
0.419608
0.431373
0.431373
0.407843
0.376471
0.317647
0.219608
0.113725
0.011765
0.000000
0.003922
0.000000
0.000000
0.000000
0.000000
0.000000
0.015686
0.000000
0.117647
0.545098
0.827451
1.000000
1.000000
1.000000
1.000000
1.000000
1.000000
1.000000
0.996078
1.000000
1.000000
0.972549
0.917647
0.811765
0.600000
0.345098
0.043137
0.000000
0.007843
0.000000
0.000000
0.000000
0.000000
0.000000
0.015686
0.000000
0.152941
0.647059
0.890196
0.988235
0.972549
0.949020
0.945098
0.941176
0.941176
0.964706
0.925490
0.933333
0.933333
0.905882
0.901961
0.886275
0.752941
0.537255
0.074510
0.000000
0.011765
0.000000
0.000000
0.000000
0.000000
0.000000
0.019608
0.000000
0.192157
0.772549
0.956863
0.988235
0.937255
0.925490
0.945098
0.941176
0.937255
0.968627
0.925490
0.925490
0.921569
0.886275
0.909804
0.956863
0.886275
0.705882
0.105882
0.000000
0.015686
0.000000
0.000000
0.000000
0.000000
0.000000
0.019608
0.000000
0.200000
0.800000
0.984314
1.000000
0.964706
0.980392
0.996078
0.988235
0.980392
0.992157
0.964706
0.988235
0.988235
0.929412
0.925490
0.964706
0.882353
0.686275
0.101961
0.000000
0.015686
0.000000
0.000000
0.000000
0.000000
0.000000
0.023529
0.000000
0.203922
0.811765
0.976471
1.000000
0.980392
0.988235
1.000000
1.000000
0.996078
0.996078
0.984314
0.984314
0.996078
0.984314
0.941176
0.937255
0.976471
0.792157
0.117647
0.000000
0.019608
0.000000
0.000000
0.000000
0.000000
0.000000
0.023529
0.000000
0.215686
0.831373
0.976471
1.000000
0.980392
0.980392
0.992157
0.996078
0.996078
0.996078
0.984314
0.976471
0.992157
0.996078
0.941176
0.929412
1.000000
0.831373
0.121569
0.000000
0.019608
0.000000
0.000000
0.000000
0.000000
0.000000
0.023529
0.000000
0.219608
0.850980
0.984314
1.000000
0.976471
0.976471
0.992157
0.996078
0.996078
0.996078
0.984314
0.984314
0.992157
0.992157
0.941176
0.937255
0.996078
0.815686
0.121569
0.000000
0.019608
0.000000
0.000000
0.000000
0.000000
0.000000
0.023529
0.000000
0.215686
0.847059
0.980392
0.996078
0.968627
0.968627
0.988235
0.992157
0.996078
0.996078
0.984314
0.984314
0.996078
0.996078
0.945098
0.937255
1.000000
0.819608
0.121569
0.000000
0.019608
0.000000
0.000000
0.000000
0.000000
0.000000
0.023529
0.000000
0.207843
0.815686
0.968627
0.992157
0.964706
0.964706
0.980392
0.984314
0.992157
0.996078
0.984314
0.984314
0.996078
0.996078
0.945098
0.937255
1.000000
0.823529
0.125490
0.000000
0.019608
0.000000
0.000000
0.000000
0.000000
0.000000
0.019608
0.000000
0.200000
0.784314
0.952941
0.988235
0.972549
0.972549
0.984314
0.984314
0.988235
0.996078
0.984314
0.984314
0.996078
0.996078
0.952941
0.941176
1.000000
0.827451
0.125490
0.000000
0.019608
0.000000
0.000000
0.000000
0.000000
0.000000
0.019608
0.000000
0.192157
0.760784
0.937255
0.984314
0.972549
0.980392
0.992157
0.992157
0.992157
0.996078
0.984314
0.984314
0.996078
0.996078
0.952941
0.941176
1.000000
0.831373
0.125490
0.000000
0.019608
0.000000
0.000000
0.000000
0.000000
0.000000
0.019608
0.000000
0.188235
0.741176
0.917647
0.968627
0.960784
0.972549
0.988235
0.988235
0.992157
0.996078
0.984314
0.984314
0.992157
1.000000
0.956863
0.941176
1.000000
0.835294
0.125490
0.000000
0.019608
0.000000
0.000000
0.000000
0.000000
0.000000
0.019608
0.000000
0.176471
0.721569
0.901961
0.945098
0.929412
0.945098
0.972549
0.984314
0.992157
0.996078
0.988235
0.988235
0.992157
1.000000
0.956863
0.949020
1.000000
0.839216
0.125490
0.000000
0.019608
0.000000
0.000000
0.000000
0.000000
0.000000
0.019608
0.000000
0.176471
0.705882
0.862745
0.921569
0.937255
0.960784
0.968627
0.980392
0.996078
0.996078
0.964706
0.972549
0.992157
1.000000
0.952941
0.925490
1.000000
0.823529
0.121569
0.000000
0.019608
0.000000
0.000000
0.000000
0.000000
0.000000
0.019608
0.000000
0.192157
0.745098
0.882353
0.937255
0.972549
0.988235
0.980392
0.976471
0.996078
0.984314
0.933333
0.960784
0.980392
0.992157
0.933333
0.890196
1.000000
0.823529
0.125490
0.000000
0.019608
0.000000
0.000000
0.000000
0.000000
0.000000
0.019608
0.000000
0.203922
0.800000
0.952941
0.976471
0.976471
0.988235
0.996078
0.980392
0.980392
0.972549
0.945098
0.980392
0.984314
0.988235
0.925490
0.890196
1.000000
0.831373
0.129412
0.000000
0.019608
0.000000
0.000000
0.000000
0.000000
0.000000
0.019608
0.000000
0.196078
0.784314
0.956863
0.980392
0.956863
0.972549
0.988235
0.980392
0.964706
0.960784
0.972549
0.988235
0.992157
0.988235
0.925490
0.905882
1.000000
0.811765
0.121569
0.000000
0.019608
0.000000
0.000000
0.000000
0.000000
0.000000
0.019608
0.000000
0.184314
0.741176
0.925490
0.964706
0.929412
0.905882
0.905882
0.901961
0.905882
0.937255
0.921569
0.929412
0.882353
0.870588
0.878431
0.917647
1.000000
0.854902
0.129412
0.000000
0.019608
0.000000
0.000000
0.000000
0.000000
0.000000
0.015686
0.000000
0.156863
0.643137
0.866667
0.984314
0.976471
0.937255
0.929412
0.952941
0.968627
0.976471
0.968627
0.972549
0.952941
0.949020
0.964706
0.968627
0.933333
0.749020
0.109804
0.000000
0.015686
0.000000
0.000000
0.000000
0.000000
0.000000
0.011765
0.000000
0.101961
0.466667
0.749020
0.960784
1.000000
0.964706
0.956863
0.992157
0.996078
0.960784
0.968627
0.996078
1.000000
1.000000
1.000000
0.921569
0.741176
0.501961
0.066667
0.000000
0.011765
0.000000
0.000000
0.000000
0.000000
0.000000
0.003922
0.000000
0.027451
0.152941
0.278431
0.380392
0.403922
0.392157
0.388235
0.403922
0.400000
0.376471
0.380392
0.400000
0.407843
0.415686
0.407843
0.352941
0.254902
0.149020
0.019608
0.000000
0.003922
0.000000
0.000000
0.000000
0.000000
0.000000
0.000000
0.000000
0.000000
0.000000
0.000000
0.000000
0.000000
0.000000
0.000000
0.000000
0.000000
0.000000
0.000000
0.000000
0.000000
0.000000
0.000000
0.000000
0.000000
0.000000
0.000000
0.000000
0.000000
0.000000
0.000000
0.000000
0.000000
0.000000
0.000000
0.000000
0.000000
0.007843
0.015686
0.023529
0.023529
0.023529
0.023529
0.023529
0.023529
0.023529
0.023529
0.023529
0.023529
0.023529
0.023529
0.019608
0.015686
0.011765
0.000000
0.000000
0.000000
0.000000
0.000000
0.000000
0.000000
0.000000
0.000000
0.000000
0.000000
0.000000
0.000000
0.000000
0.000000
0.000000
0.000000
0.000000
0.000000
0.000000
0.000000
0.000000
0.000000
0.000000
0.000000
0.000000
0.000000
0.000000
0.000000
0.000000
0.000000
0.000000
0.000000
0.000000
