0.000000
0.000000
0.000000
0.000000
0.000000
0.000000
0.000000
0.000000
0.000000
0.000000
0.000000
0.000000
0.000000
0.000000
0.000000
0.000000
0.000000
0.000000
0.000000
0.000000
0.000000
0.000000
0.000000
0.000000
0.000000
0.000000
0.000000
0.000000
0.000000
0.000000
0.000000
0.000000
0.000000
0.003922
0.015686
0.019608
0.019608
0.019608
0.019608
0.019608
0.019608
0.019608
0.019608
0.019608
0.019608
0.019608
0.019608
0.019608
0.023529
0.019608
0.007843
0.000000
0.000000
0.000000
0.000000
0.000000
0.000000
0.000000
0.000000
0.000000
0.000000
0.000000
0.000000
0.000000
0.000000
0.000000
0.000000
0.000000
0.000000
0.000000
0.000000
0.000000
0.000000
0.000000
0.000000
0.000000
0.000000
0.000000
0.000000
0.000000
0.000000
0.000000
0.000000
0.000000
0.000000
0.000000
0.000000
0.000000
0.000000
0.015686
0.137255
0.196078
0.219608
0.223529
0.211765
0.211765
0.207843
0.223529
0.235294
0.227451
0.223529
0.219608
0.219608
0.239216
0.243137
0.188235
0.082353
0.007843
0.000000
0.000000
0.000000
0.000000
0.000000
0.000000
0.007843
0.000000
0.019608
0.235294
0.600000
0.768627
0.811765
0.823529
0.800000
0.800000
0.784314
0.823529
0.850980
0.835294
0.823529
0.815686
0.807843
0.847059
0.866667
0.717647
0.400000
0.047059
0.000000
0.011765
0.000000
0.000000
0.000000
0.000000
0.015686
0.000000
0.078431
0.607843
0.909804
0.996078
0.996078
0.996078
1.000000
0.996078
0.980392
0.988235
1.000000
0.996078
0.996078
1.000000
0.968627
0.968627
0.996078
0.945098
0.678431
0.090196
0.000000
0.019608
0.000000
0.000000
0.000000
0.000000
0.019608
0.000000
0.094118
0.705882
0.960784
0.988235
0.972549
0.980392
0.984314
1.000000
0.968627
0.960784
0.976471
0.988235
0.996078
1.000000
0.976471
0.952941
0.984314
1.000000
0.815686
0.117647
0.000000
0.023529
0.000000
0.000000
0.000000
0.000000
0.019608
0.000000
0.101961
0.756863
0.988235
0.988235
0.960784
0.972549
0.980392
0.992157
0.972549
0.964706
0.968627
0.972549
0.980392
0.996078
0.980392
0.952941
0.964706
1.000000
0.909804
0.137255
0.000000
0.027451
0.000000
0.000000
0.000000
0.000000
0.019608
0.000000
0.105882
0.756863
0.992157
0.988235
0.956863
0.968627
0.980392
0.996078
0.980392
0.972549
0.984314
0.980392
0.964706
0.980392
1.000000
0.960784
0.945098
1.000000
0.901961
0.133333
0.000000
0.027451
0.000000
0.000000
0.000000
0.000000
0.019608
0.000000
0.101961
0.729412
0.976471
0.984314
0.960784
0.964706
0.968627
0.992157
0.968627
0.960784
0.988235
0.992157
0.964706
0.972549
1.000000
0.968627
0.952941
1.000000
0.870588
0.129412
0.000000
0.023529
0.000000
0.000000
0.000000
0.000000
0.019608
0.000000
0.101961
0.733333
0.988235
1.000000
0.988235
0.988235
0.976471
0.996078
0.972549
0.976471
0.996078
0.992157
0.988235
0.980392
0.992157
1.000000
0.996078
1.000000
0.898039
0.133333
0.000000
0.023529
0.000000
0.000000
0.000000
0.000000
0.019608
0.000000
0.098039
0.725490
0.984314
1.000000
0.984314
0.984314
0.976471
0.996078
0.972549
0.980392
0.976471
0.952941
0.968627
0.937255
0.980392
0.996078
0.980392
1.000000
0.890196
0.133333
0.000000
0.023529
0.000000
0.000000
0.000000
0.000000
0.019608
0.000000
0.098039
0.717647
0.972549
0.996078
0.976471
0.980392
0.976471
0.996078
0.976471
0.984314
0.972549
0.960784
0.992157
0.952941
0.980392
0.996078
0.984314
1.000000
0.898039
0.133333
0.000000
0.023529
0.000000
0.000000
0.000000
0.000000
0.019608
0.000000
0.101961
0.737255
0.984314
0.988235
0.968627
0.992157
0.992157
0.992157
0.988235
0.992157
0.988235
0.976471
0.988235
0.984314
0.996078
0.988235
0.988235
1.000000
0.870588
0.129412
0.000000
0.023529
0.000000
0.000000
0.000000
0.000000
0.019608
0.000000
0.101961
0.749020
1.000000
0.984314
0.968627
1.000000
1.000000
0.992157
0.992157
0.996078
0.992157
0.984314
0.980392
0.996078
1.000000
0.980392
0.980392
1.000000
0.850980
0.125490
0.000000
0.023529
0.000000
0.000000
0.000000
0.000000
0.019608
0.000000
0.101961
0.745098
0.996078
0.984314
0.968627
1.000000
0.996078
0.992157
0.992157
0.996078
0.992157
0.984314
0.984314
0.996078
1.000000
0.972549
0.972549
1.000000
0.854902
0.125490
0.000000
0.023529
0.000000
0.000000
0.000000
0.000000
0.019608
0.000000
0.101961
0.741176
0.996078
0.980392
0.968627
1.000000
0.992157
0.992157
0.992157
0.996078
0.992157
0.988235
0.988235
0.996078
1.000000
0.968627
0.964706
1.000000
0.858824
0.125490
0.000000
0.023529
0.000000
0.000000
0.000000
0.000000
0.019608
0.000000
0.101961
0.741176
0.996078
0.980392
0.968627
1.000000
0.992157
0.988235
0.992157
0.992157
0.992157
0.988235
0.988235
0.996078
1.000000
0.968627
0.964706
1.000000
0.870588
0.129412
0.000000
0.023529
0.000000
0.000000
0.000000
0.000000
0.019608
0.000000
0.101961
0.741176
0.996078
0.980392
0.964706
0.996078
0.992157
0.988235
0.992157
0.992157
0.988235
0.984314
0.984314
0.996078
1.000000
0.972549
0.968627
1.000000
0.882353
0.129412
0.000000
0.023529
0.000000
0.000000
0.000000
0.000000
0.019608
0.000000
0.101961
0.737255
0.996078
0.980392
0.960784
0.996078
0.988235
0.988235
0.988235
0.992157
0.988235
0.980392
0.980392
0.988235
0.996078
0.976471
0.972549
1.000000
0.878431
0.129412
0.000000
0.023529
0.000000
0.000000
0.000000
0.000000
0.019608
0.000000
0.101961
0.733333
0.988235
0.976471
0.960784
0.996078
0.988235
0.984314
0.988235
0.992157
0.992157
0.980392
0.972549
0.976471
0.996078
0.980392
0.980392
1.000000
0.854902
0.125490
0.000000
0.023529
0.000000
0.000000
0.000000
0.000000
0.019608
0.000000
0.101961
0.741176
1.000000
0.976471
0.956863
0.992157
0.984314
0.980392
0.984314
0.988235
0.988235
0.976471
0.964706
0.968627
0.992157
0.976471
0.976471
1.000000
0.839216
0.121569
0.000000
0.023529
0.000000
0.000000
0.000000
0.000000
0.019608
0.000000
0.101961
0.737255
0.996078
0.976471
0.956863
0.988235
0.984314
0.980392
0.984314
0.988235
0.988235
0.980392
0.964706
0.960784
0.984314
0.972549
0.976471
1.000000
0.807843
0.113725
0.000000
0.023529
0.000000
0.000000
0.000000
0.000000
0.019608
0.000000
0.086275
0.619608
0.850980
1.000000
1.000000
1.000000
1.000000
1.000000
1.000000
1.000000
1.000000
1.000000
1.000000
1.000000
1.000000
1.000000
1.000000
0.984314
0.650980
0.082353
0.000000
0.019608
0.000000
0.000000
0.000000
0.000000
0.003922
0.000000
0.023529
0.172549
0.239216
0.313725
0.352941
0.345098
0.345098
0.349020
0.349020
0.345098
0.345098
0.349020
0.352941
0.345098
0.333333
0.341176
0.352941
0.298039
0.176471
0.019608
0.000000
0.003922
0.000000
0.000000
0.000000
0.000000
0.000000
0.000000
0.000000
0.000000
0.000000
0.000000
0.000000
0.000000
0.000000
0.000000
0.000000
0.000000
0.000000
0.000000
0.000000
0.000000
0.000000
0.000000
0.000000
0.000000
0.000000
0.000000
0.000000
0.000000
0.000000
0.000000
0.000000
0.000000
0.000000
0.000000
0.003922
0.015686
0.019608
0.027451
0.027451
0.027451
0.027451
0.027451
0.027451
0.027451
0.027451
0.027451
0.027451
0.027451
0.027451
0.027451
0.027451
0.027451
0.015686
0.003922
0.000000
0.000000
0.000000
0.000000
0.000000
0.000000
0.000000
0.000000
0.000000
0.000000
0.000000
0.000000
0.000000
0.000000
0.000000
0.000000
0.000000
0.000000
0.000000
0.000000
0.000000
0.000000
0.000000
0.000000
0.000000
0.000000
0.000000
0.000000
0.000000
0.000000
0.000000
0.000000
