0.000000
0.000000
0.000000
0.000000
0.000000
0.000000
0.000000
0.000000
0.000000
0.000000
0.000000
0.000000
0.000000
0.000000
0.000000
0.000000
0.000000
0.000000
0.000000
0.000000
0.000000
0.000000
0.000000
0.000000
0.000000
0.000000
0.000000
0.000000
0.000000
0.000000
0.000000
0.000000
0.003922
0.011765
0.015686
0.019608
0.019608
0.019608
0.019608
0.019608
0.019608
0.019608
0.019608
0.019608
0.023529
0.023529
0.023529
0.019608
0.015686
0.007843
0.000000
0.000000
0.000000
0.000000
0.000000
0.000000
0.000000
0.000000
0.000000
0.000000
0.000000
0.000000
0.000000
0.000000
0.000000
0.000000
0.000000
0.000000
0.000000
0.000000
0.000000
0.000000
0.000000
0.000000
0.000000
0.000000
0.000000
0.000000
0.000000
0.000000
0.000000
0.000000
0.000000
0.000000
0.000000
0.000000
0.003922
0.000000
0.035294
0.168627
0.262745
0.341176
0.360784
0.349020
0.337255
0.329412
0.333333
0.352941
0.368627
0.384314
0.392157
0.384314
0.380392
0.345098
0.254902
0.133333
0.015686
0.000000
0.003922
0.000000
0.000000
0.000000
0.000000
0.000000
0.015686
0.000000
0.125490
0.541176
0.756863
0.913725
0.925490
0.898039
0.890196
0.874510
0.874510
0.901961
0.901961
0.929412
0.960784
0.968627
0.964706
0.917647
0.749020
0.470588
0.058824
0.000000
0.011765
0.000000
0.000000
0.000000
0.000000
0.000000
0.019608
0.000000
0.219608
0.819608
0.929412
1.000000
0.960784
0.952941
0.976471
0.964706
0.952941
0.956863
0.925490
0.921569
0.960784
0.984314
0.992157
0.996078
0.945098
0.713725
0.101961
0.000000
0.015686
0.000000
0.000000
0.000000
0.000000
0.000000
0.027451
0.000000
0.286274
1.000000
0.988235
0.996078
0.937255
0.972549
0.996078
0.980392
0.956863
0.980392
0.996078
0.960784
0.960784
0.976471
0.960784
0.968627
1.000000
0.815686
0.121569
0.000000
0.019608
0.000000
0.000000
0.000000
0.000000
0.000000
0.027451
0.000000
0.266667
0.949020
0.972549
0.996078
0.968627
0.988235
0.996078
0.949020
0.929412
0.992157
1.000000
0.960784
0.972549
0.984314
0.945098
0.945098
1.000000
0.847059
0.129412
0.000000
0.019608
0.000000
0.000000
0.000000
0.000000
0.000000
0.027451
0.000000
0.262745
0.941176
0.988235
1.000000
0.976471
0.988235
0.996078
0.980392
0.976471
0.984314
0.988235
0.988235
0.988235
0.992157
0.972549
0.968627
0.984314
0.827451
0.125490
0.000000
0.019608
0.000000
0.000000
0.000000
0.000000
0.000000
0.027451
0.000000
0.258824
0.945098
0.992157
1.000000
0.968627
0.988235
0.992157
0.988235
0.992157
0.976471
0.988235
1.000000
0.992157
0.992157
0.984314
0.984314
0.992157
0.843137
0.129412
0.000000
0.019608
0.000000
0.000000
0.000000
0.000000
0.000000
0.027451
0.000000
0.258824
0.937255
0.992157
0.992157
0.964706
0.988235
0.988235
0.984314
0.980392
0.972549
0.992157
0.996078
0.992157
0.988235
0.984314
0.988235
1.000000
0.870588
0.137255
0.000000
0.019608
0.000000
0.000000
0.000000
0.000000
0.000000
0.027451
0.000000
0.258824
0.937255
0.992157
0.992157
0.964706
0.984314
0.988235
0.984314
0.984314
0.972549
0.992157
0.996078
0.992157
0.988235
0.992157
0.992157
1.000000
0.874510
0.137255
0.000000
0.019608
0.000000
0.000000
0.000000
0.000000
0.000000
0.027451
0.000000
0.258824
0.937255
0.992157
0.992157
0.964706
0.984314
0.992157
0.984314
0.988235
0.976471
0.992157
0.996078
0.992157
0.992157
0.992157
0.996078
1.000000
0.847059
0.129412
0.000000
0.019608
0.000000
0.000000
0.000000
0.000000
0.000000
0.027451
0.000000
0.258824
0.941176
0.996078
0.996078
0.972549
0.988235
0.996078
0.992157
0.992157
0.984314
0.988235
0.996078
0.992157
0.992157
0.992157
1.000000
0.988235
0.803922
0.121569
0.000000
0.019608
0.000000
0.000000
0.000000
0.000000
0.000000
0.027451
0.000000
0.258824
0.941176
0.996078
0.996078
0.972549
0.988235
0.996078
0.992157
0.992157
0.988235
0.984314
0.992157
0.992157
0.996078
0.992157
0.992157
0.976471
0.780392
0.117647
0.000000
0.019608
0.000000
0.000000
0.000000
0.000000
0.000000
0.027451
0.000000
0.258824
0.933333
0.988235
0.992157
0.968627
0.984314
0.996078
0.992157
0.992157
0.988235
0.984314
0.992157
0.992157
0.992157
0.992157
0.996078
0.980392
0.784314
0.117647
0.000000
0.019608
0.000000
0.000000
0.000000
0.000000
0.000000
0.027451
0.000000
0.258824
0.933333
0.984314
0.988235
0.964706
0.984314
0.996078
0.992157
0.996078
0.984314
0.976471
0.988235
0.980392
0.984314
0.992157
1.000000
0.992157
0.811765
0.121569
0.000000
0.019608
0.000000
0.000000
0.000000
0.000000
0.000000
0.023529
0.000000
0.247059
0.901961
0.984314
0.992157
0.960784
0.976471
0.996078
0.976471
0.968627
0.984314
0.996078
0.984314
0.980392
0.984314
0.984314
0.996078
0.996078
0.807843
0.121569
0.000000
0.019608
0.000000
0.000000
0.000000
0.000000
0.000000
0.023529
0.000000
0.250980
0.921569
0.992157
1.000000
0.949020
0.964706
0.988235
0.956863
0.945098
0.984314
0.968627
0.956863
0.984314
0.992157
0.968627
0.988235
0.996078
0.788235
0.117647
0.000000
0.019608
0.000000
0.000000
0.000000
0.000000
0.000000
0.027451
0.000000
0.270588
0.952941
0.968627
0.984314
0.949020
0.968627
0.992157
0.964706
0.956863
0.988235
0.925490
0.945098
0.992157
0.984314
0.952941
0.976471
0.996078
0.788235
0.117647
0.000000
0.019608
0.000000
0.000000
0.000000
0.000000
0.000000
0.023529
0.000000
0.254902
0.913725
0.933333
0.968627
0.972549
0.988235
1.000000
0.984314
0.964706
0.984314
1.000000
1.000000
1.000000
0.960784
0.921569
0.964706
1.000000
0.780392
0.113725
0.000000
0.019608
0.000000
0.000000
0.000000
0.000000
0.000000
0.027451
0.000000
0.278431
0.984314
0.988235
0.992157
0.964706
0.952941
0.968627
0.972549
0.968627
0.984314
0.996078
0.984314
0.964706
0.941176
0.952941
0.992157
0.992157
0.745098
0.105882
0.000000
0.015686
0.000000
0.000000
0.000000
0.000000
0.000000
0.023529
0.000000
0.223529
0.823529
0.929412
1.000000
1.000000
0.960784
0.960784
0.972549
0.964706
0.941176
0.937255
0.933333
0.949020
0.980392
1.000000
1.000000
0.878431
0.572549
0.074510
0.000000
0.011765
0.000000
0.000000
0.000000
0.000000
0.000000
0.007843
0.000000
0.086275
0.388235
0.607843
0.788235
0.807843
0.745098
0.733333
0.752941
0.745098
0.698039
0.654902
0.686275
0.752941
0.819608
0.835294
0.752941
0.549020
0.282353
0.027451
0.000000
0.007843
0.000000
0.000000
0.000000
0.000000
0.000000
0.000000
0.000000
0.003922
0.054902
0.160784
0.250980
0.262745
0.235294
0.231373
0.239216
0.235294
0.215686
0.192157
0.211765
0.247059
0.278431
0.278431
0.231373
0.145098
0.054902
0.003922
0.000000
0.000000
0.000000
0.000000
0.000000
0.000000
0.000000
0.000000
0.000000
0.000000
0.000000
0.000000
0.000000
0.000000
0.000000
0.000000
0.000000
0.000000
0.000000
0.000000
0.000000
0.000000
0.000000
0.000000
0.000000
0.000000
0.000000
0.000000
0.000000
0.000000
0.000000
0.000000
0.000000
0.000000
0.000000
0.000000
0.000000
0.000000
0.003922
0.011765
0.015686
0.015686
0.015686
0.015686
0.015686
0.015686
0.015686
0.011765
0.011765
0.015686
0.015686
0.015686
0.015686
0.011765
0.003922
0.000000
0.000000
0.000000
0.000000
0.000000
0.000000
0.000000
0.000000
0.000000
0.000000
0.000000
0.000000
0.000000
0.000000
0.000000
0.000000
0.000000
0.000000
0.000000
0.000000
0.000000
0.000000
0.000000
0.000000
0.000000
0.000000
0.000000
0.000000
0.000000
0.000000
0.000000
0.000000
0.000000
0.000000
