0.000000
0.000000
0.000000
0.000000
0.000000
0.000000
0.000000
0.000000
0.000000
0.000000
0.000000
0.000000
0.000000
0.000000
0.000000
0.000000
0.000000
0.000000
0.000000
0.000000
0.000000
0.000000
0.000000
0.000000
0.000000
0.000000
0.000000
0.000000
0.000000
0.000000
0.000000
0.000000
0.003922
0.007843
0.011765
0.011765
0.011765
0.015686
0.015686
0.015686
0.015686
0.015686
0.015686
0.015686
0.015686
0.015686
0.015686
0.011765
0.007843
0.003922
0.000000
0.000000
0.000000
0.000000
0.000000
0.000000
0.000000
0.000000
0.000000
0.000000
0.000000
0.000000
0.000000
0.000000
0.000000
0.000000
0.000000
0.000000
0.000000
0.000000
0.000000
0.000000
0.000000
0.000000
0.000000
0.000000
0.000000
0.000000
0.000000
0.000000
0.000000
0.000000
0.000000
0.000000
0.000000
0.000000
0.003922
0.000000
0.027451
0.113725
0.160784
0.196078
0.196078
0.211765
0.219608
0.211765
0.215686
0.215686
0.219608
0.219608
0.223529
0.239216
0.243137
0.200000
0.129412
0.054902
0.003922
0.000000
0.000000
0.000000
0.000000
0.000000
0.000000
0.000000
0.011765
0.000000
0.109804
0.470588
0.658823
0.729412
0.701961
0.721569
0.725490
0.709804
0.721569
0.733333
0.729412
0.725490
0.737255
0.768627
0.788235
0.709804
0.458824
0.203922
0.019608
0.000000
0.003922
0.000000
0.000000
0.000000
0.000000
0.000000
0.023529
0.000000
0.215686
0.823529
1.000000
1.000000
0.992157
0.984314
0.984314
0.972549
0.980392
0.988235
0.988235
0.980392
0.984314
0.996078
1.000000
1.000000
0.760784
0.396078
0.043137
0.000000
0.007843
0.000000
0.000000
0.000000
0.000000
0.000000
0.031373
0.000000
0.313725
1.000000
0.980392
0.956863
0.976471
0.988235
0.988235
0.980392
0.976471
0.976471
0.984314
0.984314
0.980392
0.972549
0.968627
0.996078
0.984314
0.588235
0.070588
0.000000
0.011765
0.000000
0.000000
0.000000
0.000000
0.000000
0.027451
0.000000
0.305882
1.000000
0.984314
0.964706
0.984314
0.996078
0.992157
0.984314
0.980392
0.984314
0.988235
0.988235
0.988235
0.976471
0.972549
1.000000
0.988235
0.607843
0.074510
0.000000
0.011765
0.000000
0.000000
0.000000
0.000000
0.000000
0.027451
0.000000
0.298039
1.000000
0.980392
0.964706
0.988235
1.000000
0.992157
0.984314
0.984314
0.984314
0.988235
0.988235
0.988235
0.980392
0.972549
1.000000
0.984314
0.615686
0.078431
0.000000
0.015686
0.000000
0.000000
0.000000
0.000000
0.000000
0.027451
0.000000
0.298039
1.000000
0.984314
0.964706
0.988235
1.000000
0.992157
0.984314
0.984314
0.984314
0.988235
0.992157
0.988235
0.984314
0.968627
0.996078
0.988235
0.627451
0.078431
0.000000
0.015686
0.000000
0.000000
0.000000
0.000000
0.000000
0.027451
0.000000
0.298039
1.000000
0.984314
0.972549
0.988235
1.000000
0.992157
0.984314
0.984314
0.984314
0.988235
0.992157
0.988235
0.984314
0.968627
0.992157
0.988235
0.627451
0.078431
0.000000
0.015686
0.000000
0.000000
0.000000
0.000000
0.000000
0.027451
0.000000
0.298039
1.000000
0.984314
0.980392
0.992157
1.000000
0.996078
0.988235
0.984314
0.988235
0.992157
0.992157
0.988235
0.984314
0.972549
0.996078
0.988235
0.635294
0.082353
0.000000
0.015686
0.000000
0.000000
0.000000
0.000000
0.000000
0.027451
0.000000
0.298039
1.000000
0.984314
0.980392
0.992157
0.996078
0.996078
0.992157
0.988235
0.988235
0.992157
0.992157
0.992157
0.984314
0.976471
1.000000
0.984314
0.635294
0.082353
0.000000
0.015686
0.000000
0.000000
0.000000
0.000000
0.000000
0.027451
0.000000
0.286274
1.000000
0.988235
0.980392
0.988235
0.996078
0.996078
0.992157
0.988235
0.988235
0.992157
0.996078
0.992157
0.984314
0.980392
1.000000
0.988235
0.623529
0.078431
0.000000
0.015686
0.000000
0.000000
0.000000
0.000000
0.000000
0.027451
0.000000
0.278431
0.988235
0.988235
0.980392
0.984314
0.996078
0.996078
0.992157
0.988235
0.988235
0.996078
0.996078
0.992157
0.984314
0.976471
1.000000
0.984314
0.607843
0.074510
0.000000
0.015686
0.000000
0.000000
0.000000
0.000000
0.000000
0.027451
0.000000
0.282353
0.984314
0.972549
0.972549
0.956863
0.984314
1.000000
0.996078
0.996078
0.996078
0.992157
0.984314
0.980392
0.976471
0.968627
1.000000
0.988235
0.607843
0.074510
0.000000
0.011765
0.000000
0.000000
0.000000
0.000000
0.000000
0.027451
0.000000
0.290196
0.996078
0.984314
0.992157
0.984314
0.992157
1.000000
0.996078
0.996078
0.996078
0.996078
0.992157
0.992157
0.984314
0.984314
1.000000
0.988235
0.588235
0.070588
0.000000
0.011765
0.000000
0.000000
0.000000
0.000000
0.000000
0.027451
0.000000
0.286274
1.000000
0.984314
0.984314
0.984314
0.988235
0.992157
0.992157
0.992157
0.992157
0.996078
0.992157
0.992157
0.992157
0.968627
0.968627
0.976471
0.580392
0.070588
0.000000
0.011765
0.000000
0.000000
0.000000
0.000000
0.000000
0.027451
0.000000
0.290196
0.996078
0.980392
0.980392
0.976471
0.984314
0.988235
0.988235
0.988235
0.992157
0.992157
0.988235
0.984314
0.988235
0.960784
0.960784
0.980392
0.596078
0.070588
0.000000
0.011765
0.000000
0.000000
0.000000
0.000000
0.000000
0.027451
0.000000
0.298039
1.000000
0.988235
0.988235
0.988235
0.996078
1.000000
0.996078
0.996078
0.996078
0.992157
0.988235
0.988235
0.980392
0.980392
1.000000
0.988235
0.611765
0.074510
0.000000
0.015686
0.000000
0.000000
0.000000
0.000000
0.000000
0.027451
0.000000
0.298039
1.000000
0.984314
0.960784
0.949020
0.980392
1.000000
0.996078
0.996078
0.996078
0.988235
0.980392
0.976471
0.976471
0.960784
0.984314
0.976471
0.623529
0.078431
0.000000
0.015686
0.000000
0.000000
0.000000
0.000000
0.000000
0.027451
0.000000
0.290196
1.000000
0.984314
0.988235
0.976471
0.976471
0.976471
0.976471
0.976471
0.972549
0.968627
0.960784
0.960784
0.949020
0.960784
0.992157
0.945098
0.619608
0.078431
0.000000
0.015686
0.000000
0.000000
0.000000
0.000000
0.000000
0.023529
0.000000
0.235294
0.874510
0.960784
1.000000
1.000000
1.000000
1.000000
1.000000
1.000000
1.000000
1.000000
1.000000
1.000000
1.000000
1.000000
1.000000
0.858824
0.478431
0.054902
0.000000
0.011765
0.000000
0.000000
0.000000
0.000000
0.000000
0.011765
0.000000
0.121569
0.513726
0.701961
0.800000
0.776471
0.741176
0.733333
0.741176
0.741176
0.749020
0.756863
0.756863
0.756863
0.764706
0.741176
0.662745
0.498039
0.180392
0.011765
0.000000
0.000000
0.000000
0.000000
0.000000
0.000000
0.000000
0.003922
0.000000
0.023529
0.121569
0.211765
0.254902
0.243137
0.211765
0.200000
0.207843
0.211765
0.215686
0.219608
0.219608
0.219608
0.227451
0.207843
0.156863
0.105882
0.007843
0.000000
0.000000
0.000000
0.000000
0.000000
0.000000
0.000000
0.000000
0.000000
0.000000
0.000000
0.000000
0.000000
0.000000
0.000000
0.000000
0.000000
0.000000
0.000000
0.000000
0.000000
0.000000
0.000000
0.000000
0.000000
0.000000
0.000000
0.000000
0.000000
0.000000
0.000000
0.000000
0.000000
0.000000
0.000000
0.000000
0.000000
0.000000
0.003922
0.007843
0.015686
0.015686
0.015686
0.015686
0.015686
0.015686
0.015686
0.015686
0.015686
0.015686
0.015686
0.015686
0.015686
0.011765
0.007843
0.003922
0.000000
0.000000
0.000000
0.000000
0.000000
0.000000
0.000000
0.000000
0.000000
0.000000
0.000000
0.000000
0.000000
0.000000
0.000000
0.000000
0.000000
0.000000
0.000000
0.000000
0.000000
0.000000
0.000000
0.000000
0.000000
0.000000
0.000000
0.000000
0.000000
0.000000
0.000000
0.000000
0.000000
0.000000
