0.000000
0.000000
0.000000
0.000000
0.000000
0.000000
0.000000
0.000000
0.000000
0.000000
0.000000
0.000000
0.000000
0.000000
0.000000
0.000000
0.000000
0.000000
0.000000
0.000000
0.000000
0.000000
0.000000
0.000000
0.000000
0.000000
0.000000
0.000000
0.000000
0.000000
0.000000
0.000000
0.000000
0.007843
0.011765
0.015686
0.015686
0.015686
0.015686
0.015686
0.015686
0.015686
0.015686
0.015686
0.015686
0.015686
0.015686
0.015686
0.015686
0.011765
0.003922
0.000000
0.000000
0.000000
0.000000
0.000000
0.000000
0.000000
0.000000
0.000000
0.000000
0.000000
0.000000
0.000000
0.000000
0.000000
0.000000
0.000000
0.000000
0.000000
0.000000
0.000000
0.000000
0.000000
0.000000
0.000000
0.000000
0.000000
0.000000
0.000000
0.000000
0.000000
0.000000
0.000000
0.000000
0.000000
0.003922
0.000000
0.003922
0.050980
0.109804
0.152941
0.168627
0.160784
0.160784
0.156863
0.149020
0.152941
0.152941
0.152941
0.156863
0.164706
0.156863
0.160784
0.156863
0.094118
0.027451
0.000000
0.000000
0.000000
0.000000
0.000000
0.000000
0.000000
0.007843
0.000000
0.035294
0.298039
0.498039
0.662745
0.713725
0.694118
0.694118
0.682353
0.670588
0.670588
0.670588
0.674510
0.678431
0.694118
0.678431
0.690196
0.654902
0.474510
0.227451
0.023529
0.000000
0.003922
0.000000
0.000000
0.000000
0.000000
0.015686
0.000000
0.082353
0.600000
0.815686
0.960784
1.000000
0.992157
1.000000
1.000000
1.000000
0.996078
0.996078
0.996078
0.992157
0.964706
0.992157
0.984314
0.933333
0.831373
0.552941
0.070588
0.000000
0.015686
0.000000
0.000000
0.000000
0.000000
0.023529
0.000000
0.121569
0.835294
0.996078
0.937255
0.913725
0.956863
0.968627
0.976471
0.976471
0.964706
0.960784
0.964706
0.964706
0.917647
0.988235
0.960784
0.945098
0.996078
0.807843
0.117647
0.000000
0.023529
0.000000
0.000000
0.000000
0.000000
0.027451
0.000000
0.141176
0.925490
0.972549
0.858824
0.854902
0.921569
0.960784
0.972549
0.960784
0.941176
0.941176
0.960784
0.972549
0.945098
0.984314
0.882353
0.850980
1.000000
0.925490
0.137255
0.000000
0.027451
0.000000
0.000000
0.000000
0.000000
0.027451
0.000000
0.141176
0.913725
0.956863
0.850980
0.866667
0.929412
0.960784
0.980392
0.980392
0.976471
0.972549
0.980392
0.992157
1.000000
1.000000
0.901961
0.878431
0.996078
0.901961
0.133333
0.000000
0.027451
0.000000
0.000000
0.000000
0.000000
0.023529
0.000000
0.137255
0.894118
0.988235
0.870588
0.866667
0.933333
0.941176
0.956863
0.980392
0.988235
0.976471
0.964706
0.976471
0.984314
0.984314
0.929412
0.933333
1.000000
0.854902
0.125490
0.000000
0.023529
0.000000
0.000000
0.000000
0.000000
0.023529
0.000000
0.133333
0.890196
0.980392
0.866667
0.870588
0.941176
0.956863
0.960784
0.976471
0.976471
0.964706
0.964706
0.980392
0.960784
0.964706
0.898039
0.901961
1.000000
0.854902
0.125490
0.000000
0.023529
0.000000
0.000000
0.000000
0.000000
0.023529
0.000000
0.129412
0.866667
0.984314
0.878431
0.878431
0.956863
0.968627
0.960784
0.964706
0.960784
0.952941
0.956863
0.976471
0.964706
0.968627
0.905882
0.913725
1.000000
0.870588
0.129412
0.000000
0.023529
0.000000
0.000000
0.000000
0.000000
0.023529
0.000000
0.125490
0.858824
0.988235
0.882353
0.886275
0.968627
0.980392
0.956863
0.956863
0.949020
0.941176
0.949020
0.972549
0.976471
0.980392
0.917647
0.921569
1.000000
0.878431
0.129412
0.000000
0.023529
0.000000
0.000000
0.000000
0.000000
0.023529
0.000000
0.129412
0.874510
0.988235
0.878431
0.890196
0.980392
0.980392
0.952941
0.945098
0.945098
0.941176
0.949020
0.972549
0.972549
0.972549
0.909804
0.913725
1.000000
0.870588
0.125490
0.000000
0.023529
0.000000
0.000000
0.000000
0.000000
0.023529
0.000000
0.137255
0.909804
0.976471
0.870588
0.894118
0.976471
0.972549
0.945098
0.937255
0.945098
0.949020
0.956863
0.972549
0.960784
0.960784
0.898039
0.901961
1.000000
0.850980
0.125490
0.000000
0.023529
0.000000
0.000000
0.000000
0.000000
0.027451
0.000000
0.141176
0.929412
0.968627
0.862745
0.894118
0.972549
0.964706
0.929412
0.933333
0.952941
0.956863
0.960784
0.972549
0.968627
0.968627
0.905882
0.905882
1.000000
0.850980
0.125490
0.000000
0.023529
0.000000
0.000000
0.000000
0.000000
0.023529
0.000000
0.141176
0.909804
0.968627
0.862745
0.894118
0.968627
0.956863
0.917647
0.929412
0.960784
0.972549
0.968627
0.972549
0.976471
0.980392
0.913725
0.913725
1.000000
0.862745
0.125490
0.000000
0.023529
0.000000
0.000000
0.000000
0.000000
0.023529
0.000000
0.129412
0.874510
0.972549
0.870588
0.886275
0.956863
0.941176
0.905882
0.921569
0.964706
0.980392
0.976471
0.972549
0.972549
0.976471
0.909804
0.913725
1.000000
0.862745
0.125490
0.000000
0.023529
0.000000
0.000000
0.000000
0.000000
0.027451
0.000000
0.141176
0.925490
0.988235
0.858824
0.890196
0.980392
0.972549
0.941176
0.956863
0.976471
0.964706
0.949020
0.972549
0.988235
0.996078
0.929412
0.909804
0.984314
0.886275
0.133333
0.000000
0.023529
0.000000
0.000000
0.000000
0.000000
0.027451
0.000000
0.149020
0.960784
0.988235
0.854902
0.894118
0.992157
0.988235
0.960784
0.984314
0.996078
0.968627
0.956863
0.984314
0.980392
0.984314
0.937255
0.913725
0.976471
0.862745
0.129412
0.000000
0.023529
0.000000
0.000000
0.000000
0.000000
0.027451
0.000000
0.141176
0.913725
0.960784
0.850980
0.882353
0.960784
0.956863
0.941176
0.968627
0.988235
0.972549
0.964706
0.972549
0.949020
0.937255
0.898039
0.913725
0.992157
0.866667
0.129412
0.000000
0.023529
0.000000
0.000000
0.000000
0.000000
0.023529
0.000000
0.125490
0.854902
0.964706
0.862745
0.858824
0.917647
0.909804
0.901961
0.925490
0.945098
0.933333
0.917647
0.917647
0.929412
0.909804
0.858824
0.898039
1.000000
0.913725
0.137255
0.000000
0.023529
0.000000
0.000000
0.000000
0.000000
0.023529
0.000000
0.113725
0.811765
1.000000
0.905882
0.854902
0.898039
0.894118
0.886275
0.898039
0.913725
0.909804
0.886275
0.878431
0.913725
0.917647
0.886275
0.894118
0.949020
0.819608
0.121569
0.000000
0.023529
0.000000
0.000000
0.000000
0.000000
0.019608
0.000000
0.090196
0.643137
0.823529
0.956863
1.000000
0.992157
1.000000
1.000000
1.000000
1.000000
1.000000
1.000000
0.988235
0.992157
1.000000
1.000000
0.945098
0.815686
0.564706
0.074510
0.000000
0.015686
0.000000
0.000000
0.000000
0.000000
0.003922
0.000000
0.023529
0.172549
0.223529
0.298039
0.333333
0.321569
0.325490
0.329412
0.329412
0.329412
0.337255
0.329412
0.321569
0.317647
0.341176
0.337255
0.298039
0.231373
0.137255
0.015686
0.000000
0.003922
0.000000
0.000000
0.000000
0.000000
0.000000
0.000000
0.000000
0.000000
0.000000
0.000000
0.000000
0.000000
0.000000
0.000000
0.000000
0.000000
0.000000
0.000000
0.000000
0.000000
0.000000
0.000000
0.000000
0.000000
0.000000
0.000000
0.000000
0.000000
0.000000
0.000000
0.000000
0.000000
0.000000
0.000000
0.003922
0.015686
0.019608
0.023529
0.027451
0.027451
0.027451
0.027451
0.027451
0.027451
0.027451
0.027451
0.027451
0.027451
0.027451
0.027451
0.023529
0.019608
0.011765
0.000000
0.000000
0.000000
0.000000
0.000000
0.000000
0.000000
0.000000
0.000000
0.000000
0.000000
0.000000
0.000000
0.000000
0.000000
0.000000
0.000000
0.000000
0.000000
0.000000
0.000000
0.000000
0.000000
0.000000
0.000000
0.000000
0.000000
0.000000
0.000000
0.000000
0.000000
0.000000
0.000000
