0.000000
0.000000
0.000000
0.000000
0.000000
0.000000
0.000000
0.000000
0.003922
0.007843
0.007843
0.007843
0.007843
0.007843
0.007843
0.007843
0.007843
0.007843
0.007843
0.000000
0.000000
0.000000
0.000000
0.000000
0.000000
0.000000
0.000000
0.000000
0.000000
0.000000
0.000000
0.000000
0.000000
0.000000
0.000000
0.000000
0.000000
0.000000
0.000000
0.000000
0.000000
0.000000
0.000000
0.000000
0.000000
0.000000
0.000000
0.000000
0.000000
0.000000
0.000000
0.000000
0.000000
0.000000
0.000000
0.000000
0.000000
0.000000
0.000000
0.000000
0.000000
0.000000
0.011765
0.000000
0.203922
0.772549
0.800000
0.784314
0.796078
0.803922
0.796078
0.800000
0.803922
0.815686
0.701961
0.152941
0.000000
0.011765
0.000000
0.000000
0.000000
0.000000
0.000000
0.000000
0.000000
0.000000
0.000000
0.000000
0.000000
0.000000
0.015686
0.000000
0.282353
1.000000
1.000000
0.996078
1.000000
1.000000
1.000000
1.000000
1.000000
1.000000
0.972549
0.207843
0.000000
0.011765
0.000000
0.000000
0.000000
0.000000
0.000000
0.000000
0.000000
0.000000
0.000000
0.000000
0.000000
0.000000
0.015686
0.000000
0.266667
0.972549
0.972549
0.964706
0.988235
0.992157
0.988235
0.988235
0.984314
0.992157
0.886275
0.184314
0.000000
0.011765
0.000000
0.000000
0.000000
0.000000
0.000000
0.000000
0.000000
0.000000
0.000000
0.000000
0.000000
0.000000
0.011765
0.000000
0.254902
0.964706
0.984314
0.984314
0.992157
0.996078
1.000000
1.000000
0.996078
1.000000
0.874510
0.176471
0.000000
0.011765
0.000000
0.000000
0.000000
0.000000
0.000000
0.000000
0.000000
0.000000
0.000000
0.000000
0.000000
0.000000
0.015686
0.000000
0.250980
0.980392
1.000000
0.988235
0.992157
0.996078
1.000000
1.000000
0.996078
1.000000
0.890196
0.176471
0.000000
0.011765
0.000000
0.000000
0.000000
0.000000
0.000000
0.000000
0.000000
0.000000
0.000000
0.000000
0.000000
0.000000
0.011765
0.000000
0.250980
0.980392
1.000000
0.988235
1.000000
1.000000
1.000000
1.000000
0.996078
1.000000
0.890196
0.180392
0.000000
0.011765
0.000000
0.000000
0.000000
0.000000
0.000000
0.000000
0.000000
0.000000
0.000000
0.000000
0.000000
0.000000
0.011765
0.000000
0.250980
0.980392
1.000000
0.988235
1.000000
1.000000
1.000000
1.000000
0.996078
1.000000
0.890196
0.180392
0.000000
0.011765
0.000000
0.000000
0.000000
0.000000
0.000000
0.000000
0.000000
0.000000
0.000000
0.000000
0.000000
0.000000
0.011765
0.000000
0.250980
0.980392
1.000000
0.988235
1.000000
1.000000
1.000000
1.000000
0.996078
1.000000
0.890196
0.180392
0.000000
0.011765
0.000000
0.000000
0.000000
0.000000
0.000000
0.000000
0.000000
0.000000
0.000000
0.000000
0.000000
0.000000
0.011765
0.000000
0.250980
0.980392
1.000000
0.988235
1.000000
1.000000
1.000000
1.000000
0.996078
1.000000
0.890196
0.180392
0.000000
0.011765
0.000000
0.000000
0.000000
0.000000
0.000000
0.000000
0.000000
0.000000
0.000000
0.000000
0.000000
0.000000
0.011765
0.000000
0.250980
0.980392
1.000000
0.988235
1.000000
1.000000
1.000000
1.000000
0.996078
1.000000
0.890196
0.180392
0.000000
0.011765
0.000000
0.000000
0.000000
0.000000
0.000000
0.000000
0.000000
0.000000
0.000000
0.000000
0.000000
0.000000
0.015686
0.000000
0.254902
0.984314
1.000000
0.988235
1.000000
1.000000
1.000000
1.000000
0.996078
1.000000
0.890196
0.180392
0.000000
0.011765
0.000000
0.000000
0.000000
0.000000
0.000000
0.000000
0.000000
0.000000
0.000000
0.000000
0.000000
0.000000
0.015686
0.000000
0.254902
0.984314
1.000000
0.988235
1.000000
1.000000
1.000000
1.000000
0.996078
1.000000
0.890196
0.180392
0.000000
0.011765
0.000000
0.000000
0.000000
0.000000
0.000000
0.000000
0.000000
0.000000
0.000000
0.000000
0.000000
0.000000
0.015686
0.000000
0.254902
0.984314
1.000000
0.988235
1.000000
1.000000
1.000000
1.000000
0.996078
1.000000
0.890196
0.180392
0.000000
0.011765
0.000000
0.000000
0.000000
0.000000
0.000000
0.000000
0.000000
0.000000
0.000000
0.000000
0.000000
0.000000
0.015686
0.000000
0.254902
0.984314
1.000000
0.988235
1.000000
1.000000
1.000000
1.000000
0.996078
1.000000
0.890196
0.180392
0.000000
0.011765
0.000000
0.000000
0.000000
0.000000
0.000000
0.000000
0.000000
0.000000
0.000000
0.000000
0.000000
0.000000
0.015686
0.000000
0.254902
0.984314
1.000000
0.988235
1.000000
1.000000
1.000000
1.000000
0.996078
1.000000
0.890196
0.180392
0.000000
0.011765
0.000000
0.000000
0.000000
0.000000
0.000000
0.000000
0.000000
0.000000
0.000000
0.000000
0.000000
0.000000
0.015686
0.000000
0.254902
0.984314
1.000000
0.988235
1.000000
1.000000
1.000000
1.000000
0.996078
1.000000
0.890196
0.180392
0.000000
0.011765
0.000000
0.000000
0.000000
0.000000
0.000000
0.000000
0.000000
0.000000
0.000000
0.000000
0.000000
0.000000
0.015686
0.000000
0.258824
0.980392
1.000000
0.996078
1.000000
1.000000
1.000000
1.000000
0.996078
1.000000
0.882353
0.180392
0.000000
0.011765
0.000000
0.000000
0.000000
0.000000
0.000000
0.000000
0.000000
0.000000
0.000000
0.000000
0.000000
0.000000
0.015686
0.000000
0.254902
0.972549
1.000000
0.996078
1.000000
1.000000
1.000000
1.000000
0.996078
1.000000
0.886275
0.184314
0.000000
0.011765
0.000000
0.000000
0.000000
0.000000
0.000000
0.000000
0.000000
0.000000
0.000000
0.000000
0.000000
0.000000
0.015686
0.000000
0.254902
0.972549
1.000000
0.996078
1.000000
1.000000
1.000000
1.000000
0.996078
1.000000
0.894118
0.184314
0.000000
0.011765
0.000000
0.000000
0.000000
0.000000
0.000000
0.000000
0.000000
0.000000
0.000000
0.000000
0.000000
0.000000
0.015686
0.000000
0.258824
0.976471
1.000000
0.996078
1.000000
1.000000
1.000000
1.000000
0.996078
1.000000
0.898039
0.184314
0.000000
0.011765
0.000000
0.000000
0.000000
0.000000
0.000000
0.000000
0.000000
0.000000
0.000000
0.000000
0.000000
0.000000
0.015686
0.000000
0.258824
0.980392
1.000000
0.996078
1.000000
1.000000
1.000000
1.000000
0.996078
1.000000
0.898039
0.184314
0.000000
0.011765
0.000000
0.000000
0.000000
0.000000
0.000000
0.000000
0.000000
0.000000
0.000000
0.000000
0.000000
0.000000
0.015686
0.000000
0.270588
0.988235
0.996078
0.992157
0.996078
0.996078
0.996078
0.996078
0.988235
0.996078
0.917647
0.200000
0.000000
0.011765
0.000000
0.000000
0.000000
0.000000
0.000000
0.000000
0.000000
0.000000
0.000000
0.000000
0.000000
0.000000
0.015686
0.000000
0.282353
0.996078
1.000000
0.996078
1.000000
1.000000
1.000000
1.000000
1.000000
1.000000
0.909804
0.219608
0.000000
0.011765
0.000000
0.000000
0.000000
0.000000
0.000000
0.000000
0.000000
0.000000
0.000000
0.000000
0.000000
0.000000
0.007843
0.000000
0.156863
0.556863
0.564706
0.549020
0.525490
0.509804
0.498039
0.505882
0.533333
0.560784
0.517647
0.125490
0.000000
0.007843
0.000000
0.000000
0.000000
0.000000
0.000000
0.000000
0.000000
0.000000
0.000000
0.000000
0.000000
0.000000
0.000000
0.000000
0.000000
0.000000
0.000000
0.000000
0.000000
0.000000
0.000000
0.000000
0.000000
0.000000
0.000000
0.000000
0.000000
0.000000
0.000000
0.000000
0.000000
0.000000
0.000000
0.000000
0.000000
0.000000
0.000000
0.000000
0.000000
0.000000
0.000000
0.000000
0.003922
0.007843
0.007843
0.007843
0.007843
0.007843
0.007843
0.007843
0.007843
0.007843
0.007843
0.000000
0.000000
0.000000
0.000000
0.000000
0.000000
0.000000
0.000000
0.000000
