0.000000
0.000000
0.000000
0.000000
0.000000
0.000000
0.000000
0.000000
0.000000
0.000000
0.000000
0.000000
0.000000
0.000000
0.000000
0.000000
0.000000
0.000000
0.000000
0.000000
0.000000
0.000000
0.000000
0.000000
0.000000
0.000000
0.000000
0.000000
0.000000
0.000000
0.000000
0.000000
0.000000
0.007843
0.011765
0.015686
0.015686
0.015686
0.015686
0.015686
0.015686
0.015686
0.015686
0.015686
0.015686
0.015686
0.015686
0.015686
0.011765
0.007843
0.000000
0.000000
0.000000
0.000000
0.000000
0.000000
0.000000
0.000000
0.000000
0.000000
0.000000
0.000000
0.000000
0.000000
0.000000
0.000000
0.000000
0.000000
0.000000
0.000000
0.000000
0.000000
0.000000
0.000000
0.000000
0.000000
0.000000
0.000000
0.000000
0.000000
0.000000
0.000000
0.000000
0.000000
0.000000
0.000000
0.003922
0.000000
0.003922
0.054902
0.117647
0.141176
0.137255
0.137255
0.145098
0.152941
0.152941
0.149020
0.145098
0.141176
0.141176
0.141176
0.164706
0.149020
0.105882
0.062745
0.000000
0.000000
0.000000
0.000000
0.000000
0.000000
0.000000
0.000000
0.007843
0.000000
0.031373
0.294118
0.525490
0.615686
0.603922
0.592157
0.619608
0.635294
0.635294
0.623529
0.611765
0.607843
0.615686
0.615686
0.678431
0.631373
0.494118
0.294118
0.003922
0.000000
0.003922
0.000000
0.000000
0.000000
0.000000
0.000000
0.015686
0.000000
0.078431
0.588235
0.831373
0.925490
0.917647
0.898039
0.917647
0.921569
0.921569
0.913725
0.905882
0.905882
0.917647
0.925490
0.960784
0.917647
0.815686
0.529412
0.007843
0.000000
0.007843
0.000000
0.000000
0.000000
0.000000
0.000000
0.023529
0.000000
0.121569
0.850980
0.992157
0.996078
0.988235
0.996078
1.000000
1.000000
1.000000
1.000000
1.000000
1.000000
1.000000
1.000000
1.000000
0.992157
0.992157
0.745098
0.007843
0.000000
0.015686
0.000000
0.000000
0.000000
0.000000
0.000000
0.027451
0.000000
0.152941
0.984314
1.000000
0.933333
0.933333
0.976471
0.976471
0.984314
0.988235
0.984314
0.984314
0.980392
0.980392
0.980392
0.945098
0.952941
1.000000
0.843137
0.011765
0.000000
0.015686
0.000000
0.000000
0.000000
0.000000
0.000000
0.027451
0.000000
0.156863
1.000000
0.996078
0.894118
0.909804
0.960784
0.960784
0.976471
0.980392
0.980392
0.980392
0.972549
0.964706
0.964706
0.945098
0.956863
0.996078
0.800000
0.011765
0.000000
0.011765
0.000000
0.000000
0.000000
0.000000
0.000000
0.027451
0.000000
0.156863
0.996078
0.996078
0.913725
0.945098
0.976471
0.980392
0.988235
0.996078
0.996078
0.996078
0.992157
0.984314
0.976471
0.984314
0.992157
1.000000
0.717647
0.007843
0.000000
0.011765
0.000000
0.000000
0.000000
0.000000
0.000000
0.027451
0.000000
0.156863
1.000000
0.976471
0.913725
0.964706
0.988235
0.984314
0.984314
0.988235
0.992157
0.992157
0.996078
0.992157
0.988235
0.988235
0.984314
1.000000
0.713725
0.007843
0.000000
0.011765
0.000000
0.000000
0.000000
0.000000
0.000000
0.027451
0.000000
0.160784
1.000000
0.968627
0.886275
0.949020
0.992157
0.972549
0.968627
0.968627
0.968627
0.976471
0.980392
0.984314
0.988235
0.972549
0.968627
1.000000
0.768627
0.007843
0.000000
0.015686
0.000000
0.000000
0.000000
0.000000
0.000000
0.027451
0.000000
0.156863
0.996078
0.988235
0.913725
0.956863
0.988235
0.988235
0.988235
0.984314
0.984314
0.988235
0.992157
0.992157
0.984314
0.972549
0.972549
1.000000
0.764706
0.007843
0.000000
0.011765
0.000000
0.000000
0.000000
0.000000
0.000000
0.027451
0.000000
0.156863
1.000000
1.000000
0.937255
0.960784
0.980392
0.992157
0.996078
0.992157
0.984314
0.992157
0.996078
0.996078
0.980392
0.980392
0.984314
1.000000
0.760784
0.007843
0.000000
0.011765
0.000000
0.000000
0.000000
0.000000
0.000000
0.027451
0.000000
0.156863
1.000000
1.000000
0.929412
0.952941
0.980392
0.988235
0.992157
0.988235
0.980392
0.988235
0.996078
0.992157
0.980392
0.980392
0.984314
1.000000
0.776471
0.007843
0.000000
0.015686
0.000000
0.000000
0.000000
0.000000
0.000000
0.027451
0.000000
0.156863
1.000000
0.996078
0.909804
0.941176
0.980392
0.988235
0.996078
0.988235
0.988235
0.992157
0.996078
0.996078
0.980392
0.972549
0.972549
1.000000
0.788235
0.011765
0.000000
0.015686
0.000000
0.000000
0.000000
0.000000
0.000000
0.027451
0.000000
0.156863
1.000000
0.988235
0.898039
0.933333
0.976471
0.984314
0.992157
0.984314
0.984314
0.992157
0.996078
0.988235
0.976471
0.960784
0.968627
1.000000
0.780392
0.011765
0.000000
0.015686
0.000000
0.000000
0.000000
0.000000
0.000000
0.027451
0.000000
0.156863
0.996078
0.988235
0.913725
0.937255
0.964706
0.976471
0.984314
0.984314
0.984314
0.988235
0.992157
0.984314
0.964706
0.960784
0.976471
1.000000
0.749020
0.007843
0.000000
0.011765
0.000000
0.000000
0.000000
0.000000
0.000000
0.027451
0.000000
0.156863
1.000000
0.996078
0.937255
0.952941
0.972549
0.984314
0.992157
0.992157
0.992157
0.992157
0.992157
0.992157
0.972549
0.980392
0.992157
1.000000
0.721569
0.007843
0.000000
0.011765
0.000000
0.000000
0.000000
0.000000
0.000000
0.027451
0.000000
0.156863
1.000000
1.000000
0.933333
0.952941
0.976471
0.988235
1.000000
0.996078
0.996078
1.000000
1.000000
0.996078
0.976471
0.980392
0.992157
1.000000
0.709804
0.007843
0.000000
0.011765
0.000000
0.000000
0.000000
0.000000
0.000000
0.027451
0.000000
0.156863
0.996078
0.968627
0.874510
0.894118
0.925490
0.945098
0.956863
0.952941
0.952941
0.964706
0.964706
0.949020
0.925490
0.929412
0.956863
0.996078
0.713725
0.007843
0.000000
0.011765
0.000000
0.000000
0.000000
0.000000
0.000000
0.027451
0.000000
0.156863
1.000000
0.968627
0.862745
0.878431
0.917647
0.929412
0.933333
0.933333
0.933333
0.937255
0.937255
0.925490
0.905882
0.913725
0.945098
1.000000
0.760784
0.007843
0.000000
0.011765
0.000000
0.000000
0.000000
0.000000
0.000000
0.027451
0.000000
0.149020
0.972549
1.000000
0.949020
0.964706
1.000000
0.996078
0.992157
0.996078
0.996078
0.992157
0.976471
0.976471
0.984314
0.976471
0.976471
1.000000
0.796078
0.011765
0.000000
0.015686
0.000000
0.000000
0.000000
0.000000
0.000000
0.019608
0.000000
0.098039
0.690196
0.847059
0.905882
0.913725
0.898039
0.901961
0.925490
0.949020
0.968627
0.968627
0.956863
0.960784
0.980392
0.913725
0.874510
0.862745
0.592157
0.007843
0.000000
0.011765
0.000000
0.000000
0.000000
0.000000
0.000000
0.003922
0.000000
0.023529
0.168627
0.231373
0.266667
0.266667
0.254902
0.258824
0.270588
0.282353
0.290196
0.290196
0.290196
0.290196
0.294118
0.266667
0.250980
0.243137
0.145098
0.003922
0.000000
0.003922
0.000000
0.000000
0.000000
0.000000
0.000000
0.000000
0.000000
0.000000
0.000000
0.000000
0.000000
0.000000
0.000000
0.000000
0.000000
0.000000
0.000000
0.000000
0.000000
0.000000
0.000000
0.000000
0.000000
0.000000
0.000000
0.000000
0.000000
0.000000
0.000000
0.000000
0.000000
0.000000
0.000000
0.000000
0.000000
0.003922
0.015686
0.019608
0.023529
0.023529
0.023529
0.023529
0.023529
0.023529
0.023529
0.023529
0.023529
0.023529
0.023529
0.023529
0.023529
0.023529
0.015686
0.000000
0.000000
0.000000
0.000000
0.000000
0.000000
0.000000
0.000000
0.000000
0.000000
0.000000
0.000000
0.000000
0.000000
0.000000
0.000000
0.000000
0.000000
0.000000
0.000000
0.000000
0.000000
0.000000
0.000000
0.000000
0.000000
0.000000
0.000000
0.000000
0.000000
0.000000
0.000000
0.000000
0.000000
