0.000000
0.000000
0.000000
0.000000
0.000000
0.000000
0.000000
0.000000
0.000000
0.000000
0.000000
0.000000
0.000000
0.000000
0.000000
0.000000
0.000000
0.000000
0.000000
0.000000
0.000000
0.000000
0.000000
0.000000
0.000000
0.000000
0.000000
0.000000
0.000000
0.000000
0.000000
0.000000
0.000000
0.011765
0.015686
0.019608
0.023529
0.023529
0.023529
0.023529
0.023529
0.023529
0.023529
0.023529
0.023529
0.023529
0.023529
0.023529
0.023529
0.019608
0.011765
0.000000
0.000000
0.000000
0.000000
0.000000
0.000000
0.000000
0.000000
0.000000
0.000000
0.000000
0.000000
0.000000
0.000000
0.000000
0.000000
0.000000
0.000000
0.000000
0.000000
0.000000
0.000000
0.000000
0.000000
0.000000
0.000000
0.000000
0.000000
0.000000
0.000000
0.000000
0.000000
0.000000
0.000000
0.000000
0.003922
0.000000
0.011765
0.109804
0.176471
0.235294
0.266667
0.270588
0.262745
0.258824
0.266667
0.278431
0.282353
0.282353
0.278431
0.278431
0.258824
0.254902
0.243137
0.200000
0.121569
0.015686
0.000000
0.003922
0.000000
0.000000
0.000000
0.000000
0.015686
0.000000
0.058824
0.454902
0.674510
0.843137
0.913725
0.898039
0.874510
0.866667
0.886275
0.913725
0.925490
0.917647
0.905882
0.905882
0.878431
0.870588
0.847059
0.729412
0.482353
0.058824
0.000000
0.015686
0.000000
0.000000
0.000000
0.000000
0.019608
0.000000
0.094118
0.674510
0.882353
0.980392
0.984314
0.933333
0.925490
0.913725
0.921569
0.933333
0.933333
0.921569
0.917647
0.921569
0.933333
0.941176
0.937255
0.886275
0.666667
0.090196
0.000000
0.019608
0.000000
0.000000
0.000000
0.000000
0.023529
0.000000
0.117647
0.800000
0.968627
0.980392
0.984314
0.972549
0.968627
0.964706
0.964706
0.960784
0.941176
0.929412
0.937255
0.952941
0.933333
0.913725
0.933333
0.956863
0.788235
0.113725
0.000000
0.023529
0.000000
0.000000
0.000000
0.000000
0.023529
0.000000
0.121569
0.827451
0.968627
0.956863
0.956863
0.964706
0.964706
0.972549
0.972549
0.952941
0.925490
0.917647
0.937255
0.964706
0.984314
0.952941
0.949020
0.992157
0.870588
0.129412
0.000000
0.023529
0.000000
0.000000
0.000000
0.000000
0.023529
0.000000
0.121569
0.831373
0.964706
0.972549
0.964706
0.956863
0.960784
0.964706
0.964706
0.952941
0.929412
0.921569
0.941176
0.976471
0.992157
0.949020
0.941176
1.000000
0.882353
0.129412
0.000000
0.023529
0.000000
0.000000
0.000000
0.000000
0.023529
0.000000
0.125490
0.835294
0.952941
0.984314
0.992157
0.972549
0.964706
0.964706
0.964706
0.964706
0.952941
0.945098
0.956863
0.980392
0.972549
0.921569
0.925490
0.996078
0.858824
0.125490
0.000000
0.023529
0.000000
0.000000
0.000000
0.000000
0.023529
0.000000
0.125490
0.831373
0.937255
0.960784
0.996078
0.984314
0.968627
0.964706
0.968627
0.972549
0.964706
0.956863
0.960784
0.968627
0.988235
0.960784
0.960784
1.000000
0.870588
0.125490
0.000000
0.023529
0.000000
0.000000
0.000000
0.000000
0.023529
0.000000
0.121569
0.835294
0.968627
0.960784
0.976471
0.984314
0.980392
0.976471
0.972549
0.972549
0.964706
0.952941
0.949020
0.945098
0.956863
0.949020
0.949020
0.992157
0.882353
0.133333
0.000000
0.023529
0.000000
0.000000
0.000000
0.000000
0.023529
0.000000
0.117647
0.815686
0.956863
0.968627
0.976471
0.980392
0.980392
0.972549
0.972549
0.972549
0.964706
0.960784
0.949020
0.945098
0.956863
0.952941
0.949020
0.988235
0.878431
0.129412
0.000000
0.023529
0.000000
0.000000
0.000000
0.000000
0.023529
0.000000
0.113725
0.792157
0.949020
0.984314
0.984314
0.972549
0.972549
0.972549
0.968627
0.968627
0.964706
0.960784
0.956863
0.952941
0.964706
0.952941
0.949020
0.976471
0.866667
0.129412
0.000000
0.023529
0.000000
0.000000
0.000000
0.000000
0.023529
0.000000
0.113725
0.784314
0.952941
0.992157
0.988235
0.964706
0.964706
0.968627
0.968627
0.964706
0.964706
0.960784
0.964706
0.960784
0.964706
0.952941
0.945098
0.968627
0.850980
0.129412
0.000000
0.023529
0.000000
0.000000
0.000000
0.000000
0.023529
0.000000
0.113725
0.788235
0.952941
0.984314
0.980392
0.964706
0.964706
0.964706
0.964706
0.964706
0.964706
0.964706
0.964706
0.968627
0.968627
0.952941
0.941176
0.960784
0.839216
0.125490
0.000000
0.023529
0.000000
0.000000
0.000000
0.000000
0.023529
0.000000
0.113725
0.796078
0.949020
0.968627
0.972549
0.960784
0.960784
0.960784
0.956863
0.956863
0.960784
0.964706
0.968627
0.972549
0.972549
0.952941
0.937255
0.952941
0.831373
0.121569
0.000000
0.023529
0.000000
0.000000
0.000000
0.000000
0.023529
0.000000
0.117647
0.803922
0.941176
0.949020
0.956863
0.964706
0.960784
0.956863
0.952941
0.952941
0.956863
0.960784
0.968627
0.972549
0.972549
0.952941
0.937255
0.952941
0.831373
0.121569
0.000000
0.023529
0.000000
0.000000
0.000000
0.000000
0.023529
0.000000
0.117647
0.803922
0.941176
0.941176
0.956863
0.968627
0.960784
0.956863
0.952941
0.952941
0.956863
0.964706
0.968627
0.972549
0.972549
0.952941
0.937255
0.952941
0.831373
0.121569
0.000000
0.023529
0.000000
0.000000
0.000000
0.000000
0.023529
0.000000
0.121569
0.815686
0.949020
0.952941
0.964706
0.968627
0.964706
0.956863
0.952941
0.952941
0.952941
0.960784
0.964706
0.972549
0.976471
0.952941
0.937255
0.952941
0.831373
0.121569
0.000000
0.023529
0.000000
0.000000
0.000000
0.000000
0.023529
0.000000
0.121569
0.811765
0.960784
0.968627
0.968627
0.964706
0.960784
0.956863
0.952941
0.952941
0.952941
0.956863
0.964706
0.972549
0.960784
0.945098
0.949020
0.964706
0.839216
0.121569
0.000000
0.023529
0.000000
0.000000
0.000000
0.000000
0.019608
0.000000
0.105882
0.745098
0.941176
0.988235
0.988235
0.976471
0.980392
0.980392
0.980392
0.980392
0.980392
0.984314
0.988235
0.996078
0.956863
0.952941
0.968627
0.956863
0.792157
0.113725
0.000000
0.023529
0.000000
0.000000
0.000000
0.000000
0.015686
0.000000
0.078431
0.588235
0.823529
0.949020
0.992157
0.984314
0.988235
0.988235
0.988235
0.988235
0.988235
0.992157
0.992157
0.996078
0.976471
0.960784
0.925490
0.831373
0.615686
0.082353
0.000000
0.015686
0.000000
0.000000
0.000000
0.000000
0.007843
0.000000
0.047059
0.372549
0.584314
0.749020
0.823529
0.823529
0.823529
0.823529
0.827451
0.827451
0.827451
0.831373
0.831373
0.835294
0.815686
0.803922
0.745098
0.596078
0.364706
0.043137
0.000000
0.007843
0.000000
0.000000
0.000000
0.000000
0.003922
0.000000
0.011765
0.086275
0.145098
0.196078
0.223529
0.227451
0.227451
0.227451
0.227451
0.227451
0.227451
0.227451
0.227451
0.227451
0.223529
0.219608
0.200000
0.149020
0.078431
0.007843
0.000000
0.003922
0.000000
0.000000
0.000000
0.000000
0.000000
0.000000
0.000000
0.000000
0.000000
0.000000
0.000000
0.000000
0.000000
0.000000
0.000000
0.000000
0.000000
0.000000
0.000000
0.000000
0.000000
0.000000
0.000000
0.000000
0.000000
0.000000
0.000000
0.000000
0.000000
0.000000
0.000000
0.000000
0.000000
0.000000
0.000000
0.007843
0.015686
0.019608
0.019608
0.019608
0.019608
0.019608
0.019608
0.019608
0.019608
0.019608
0.019608
0.019608
0.019608
0.019608
0.019608
0.015686
0.007843
0.000000
0.000000
0.000000
0.000000
0.000000
0.000000
0.000000
0.000000
0.000000
0.000000
0.000000
0.000000
0.000000
0.000000
0.000000
0.000000
0.000000
0.000000
0.000000
0.000000
0.000000
0.000000
0.000000
0.000000
0.000000
0.000000
0.000000
0.000000
0.000000
0.000000
0.000000
0.000000
0.000000
