0.000000
0.000000
0.000000
0.000000
0.000000
0.000000
0.000000
0.000000
0.000000
0.000000
0.000000
0.000000
0.000000
0.000000
0.000000
0.000000
0.000000
0.000000
0.000000
0.000000
0.000000
0.000000
0.000000
0.000000
0.000000
0.000000
0.000000
0.000000
0.000000
0.000000
0.000000
0.000000
0.000000
0.007843
0.011765
0.015686
0.015686
0.015686
0.015686
0.019608
0.019608
0.019608
0.019608
0.015686
0.015686
0.015686
0.015686
0.011765
0.007843
0.003922
0.000000
0.000000
0.000000
0.000000
0.000000
0.000000
0.000000
0.000000
0.000000
0.000000
0.000000
0.000000
0.000000
0.000000
0.000000
0.000000
0.000000
0.000000
0.000000
0.000000
0.000000
0.000000
0.000000
0.000000
0.000000
0.000000
0.000000
0.000000
0.000000
0.000000
0.000000
0.000000
0.000000
0.000000
0.000000
0.000000
0.003922
0.000000
0.011765
0.086275
0.188235
0.262745
0.286274
0.290196
0.286274
0.298039
0.313725
0.313725
0.301961
0.270588
0.254902
0.254902
0.231373
0.188235
0.133333
0.043137
0.003922
0.000000
0.000000
0.000000
0.000000
0.000000
0.000000
0.000000
0.011765
0.000000
0.098039
0.443137
0.650980
0.788235
0.819608
0.811765
0.811765
0.823529
0.847059
0.858824
0.847059
0.803922
0.780392
0.784314
0.745098
0.670588
0.541176
0.203922
0.011765
0.000000
0.003922
0.000000
0.000000
0.000000
0.000000
0.000000
0.023529
0.000000
0.227451
0.839216
0.941176
0.980392
0.960784
0.949020
0.964706
0.960784
0.952941
0.972549
0.976471
0.972549
0.984314
1.000000
0.988235
0.968627
0.878431
0.415686
0.039216
0.000000
0.007843
0.000000
0.000000
0.000000
0.000000
0.000000
0.027451
0.000000
0.274510
0.976471
0.988235
0.992157
0.960784
0.964706
0.992157
0.988235
0.972549
0.976471
0.964706
0.956863
0.972549
0.988235
0.988235
0.996078
0.960784
0.572549
0.066667
0.000000
0.011765
0.000000
0.000000
0.000000
0.000000
0.000000
0.027451
0.000000
0.262745
0.945098
0.968627
0.976471
0.988235
0.996078
0.992157
0.992157
0.996078
0.996078
0.976471
0.960784
0.960784
0.972549
0.972549
0.996078
0.964706
0.627451
0.082353
0.000000
0.015686
0.000000
0.000000
0.000000
0.000000
0.000000
0.027451
0.000000
0.278431
0.984314
0.984314
0.960784
0.964706
0.980392
0.976471
0.968627
0.980392
0.972549
0.976471
0.984314
0.988235
0.992157
0.992157
1.000000
0.988235
0.666667
0.090196
0.000000
0.015686
0.000000
0.000000
0.000000
0.000000
0.000000
0.027451
0.000000
0.298039
1.000000
0.996078
0.956863
0.941176
0.976471
0.996078
0.984314
0.972549
0.968627
0.980392
0.996078
1.000000
0.984314
0.964706
0.972549
0.968627
0.686275
0.094118
0.000000
0.015686
0.000000
0.000000
0.000000
0.000000
0.000000
0.027451
0.000000
0.278431
0.968627
0.976471
0.972549
0.968627
0.992157
0.988235
0.980392
0.988235
0.976471
0.984314
0.996078
1.000000
0.976471
0.949020
0.976471
0.968627
0.635294
0.082353
0.000000
0.011765
0.000000
0.000000
0.000000
0.000000
0.000000
0.027451
0.000000
0.266667
0.945098
0.964706
0.984314
0.996078
1.000000
0.976471
0.972549
1.000000
0.988235
0.992157
0.996078
0.996078
0.988235
0.972549
1.000000
0.988235
0.600000
0.074510
0.000000
0.011765
0.000000
0.000000
0.000000
0.000000
0.000000
0.027451
0.000000
0.274510
0.972549
0.972549
0.984314
0.992157
0.996078
1.000000
1.000000
0.996078
0.996078
0.996078
0.992157
0.988235
0.988235
0.984314
1.000000
0.984314
0.619608
0.078431
0.000000
0.015686
0.000000
0.000000
0.000000
0.000000
0.000000
0.027451
0.000000
0.274510
0.972549
0.984314
0.996078
0.992157
0.988235
0.992157
0.996078
0.996078
0.996078
0.996078
0.992157
0.988235
0.988235
0.984314
1.000000
0.984314
0.615686
0.078431
0.000000
0.015686
0.000000
0.000000
0.000000
0.000000
0.000000
0.027451
0.000000
0.266667
0.960784
0.992157
0.996078
0.992157
0.976471
0.984314
0.996078
0.992157
0.996078
0.996078
0.996078
0.992157
0.988235
0.984314
1.000000
0.988235
0.654902
0.086275
0.000000
0.015686
0.000000
0.000000
0.000000
0.000000
0.000000
0.027451
0.000000
0.258824
0.929412
0.984314
1.000000
0.988235
0.968627
0.980392
1.000000
0.992157
0.996078
0.996078
0.992157
0.988235
0.984314
0.980392
1.000000
0.988235
0.670588
0.090196
0.000000
0.015686
0.000000
0.000000
0.000000
0.000000
0.000000
0.027451
0.000000
0.250980
0.921569
0.980392
1.000000
0.984314
0.964706
0.980392
1.000000
0.988235
0.992157
0.996078
0.992157
0.988235
0.984314
0.980392
1.000000
0.984314
0.635294
0.086275
0.000000
0.015686
0.000000
0.000000
0.000000
0.000000
0.000000
0.027451
0.000000
0.258824
0.941176
0.988235
1.000000
0.984314
0.964706
0.976471
0.992157
0.988235
0.992157
0.992157
0.992157
0.988235
0.984314
0.980392
1.000000
0.984314
0.639216
0.086275
0.000000
0.015686
0.000000
0.000000
0.000000
0.000000
0.000000
0.027451
0.000000
0.270588
0.964706
0.992157
0.996078
0.984314
0.968627
0.972549
0.988235
0.988235
0.992157
0.992157
0.988235
0.984314
0.984314
0.976471
1.000000
0.988235
0.686275
0.094118
0.000000
0.015686
0.000000
0.000000
0.000000
0.000000
0.000000
0.027451
0.000000
0.274510
0.968627
0.972549
0.984314
0.980392
0.976471
0.976471
0.984314
0.988235
0.996078
0.992157
0.988235
0.984314
0.980392
0.980392
1.000000
0.984314
0.678431
0.090196
0.000000
0.015686
0.000000
0.000000
0.000000
0.000000
0.000000
0.027451
0.000000
0.274510
0.968627
0.964706
0.972549
0.976471
0.980392
0.980392
0.984314
0.988235
0.988235
0.992157
0.988235
0.984314
0.976471
0.972549
1.000000
0.988235
0.623529
0.078431
0.000000
0.015686
0.000000
0.000000
0.000000
0.000000
0.000000
0.027451
0.000000
0.254902
0.929412
0.988235
0.992157
0.968627
0.972549
0.992157
1.000000
0.984314
0.945098
0.964706
0.992157
0.976471
0.937255
0.925490
0.992157
0.988235
0.603922
0.074510
0.000000
0.011765
0.000000
0.000000
0.000000
0.000000
0.000000
0.023529
0.000000
0.227451
0.854902
0.960784
1.000000
0.992157
0.972549
0.952941
0.952941
0.972549
0.968627
0.976471
0.960784
0.956863
0.972549
0.980392
0.945098
0.803922
0.462745
0.054902
0.000000
0.007843
0.000000
0.000000
0.000000
0.000000
0.000000
0.011765
0.000000
0.129412
0.513726
0.666667
0.784314
0.839216
0.847059
0.839216
0.815686
0.811765
0.850980
0.850980
0.803922
0.811765
0.905882
0.933333
0.772549
0.513726
0.254902
0.027451
0.000000
0.003922
0.000000
0.000000
0.000000
0.000000
0.000000
0.003922
0.000000
0.023529
0.117647
0.188235
0.250980
0.290196
0.305882
0.313725
0.298039
0.282353
0.305882
0.305882
0.282353
0.286274
0.337255
0.352941
0.266667
0.152941
0.062745
0.007843
0.000000
0.000000
0.000000
0.000000
0.000000
0.000000
0.000000
0.000000
0.000000
0.000000
0.000000
0.000000
0.000000
0.000000
0.000000
0.000000
0.000000
0.000000
0.000000
0.000000
0.000000
0.000000
0.000000
0.000000
0.000000
0.000000
0.000000
0.000000
0.000000
0.000000
0.000000
0.000000
0.000000
0.000000
0.000000
0.000000
0.000000
0.003922
0.007843
0.011765
0.015686
0.019608
0.019608
0.019608
0.019608
0.015686
0.019608
0.019608
0.015686
0.015686
0.019608
0.019608
0.015686
0.011765
0.003922
0.000000
0.000000
0.000000
0.000000
0.000000
0.000000
0.000000
0.000000
0.000000
0.000000
0.000000
0.000000
0.000000
0.000000
0.000000
0.000000
0.000000
0.000000
0.000000
0.000000
0.000000
0.000000
0.000000
0.000000
0.000000
0.000000
0.000000
0.000000
0.000000
0.000000
0.000000
0.000000
0.000000
0.000000
