0.000000
0.000000
0.000000
0.000000
0.000000
0.000000
0.000000
0.000000
0.000000
0.000000
0.000000
0.000000
0.000000
0.000000
0.000000
0.000000
0.000000
0.000000
0.000000
0.000000
0.000000
0.000000
0.000000
0.000000
0.000000
0.000000
0.000000
0.000000
0.000000
0.000000
0.000000
0.003922
0.019608
0.027451
0.027451
0.027451
0.027451
0.027451
0.027451
0.027451
0.027451
0.027451
0.027451
0.027451
0.027451
0.027451
0.027451
0.027451
0.027451
0.019608
0.007843
0.000000
0.000000
0.000000
0.000000
0.000000
0.000000
0.000000
0.000000
0.000000
0.000000
0.000000
0.000000
0.000000
0.000000
0.000000
0.000000
0.000000
0.000000
0.000000
0.000000
0.000000
0.000000
0.000000
0.000000
0.000000
0.000000
0.000000
0.000000
0.000000
0.000000
0.000000
0.000000
0.000000
0.000000
0.003922
0.000000
0.019608
0.125490
0.200000
0.215686
0.211765
0.211765
0.211765
0.207843
0.207843
0.207843
0.207843
0.207843
0.211765
0.207843
0.203922
0.211765
0.211765
0.184314
0.117647
0.039216
0.000000
0.000000
0.000000
0.000000
0.000000
0.000000
0.019608
0.000000
0.121569
0.701961
0.980392
1.000000
1.000000
1.000000
1.000000
1.000000
1.000000
1.000000
1.000000
1.000000
1.000000
1.000000
0.988235
1.000000
1.000000
0.921569
0.654902
0.290196
0.003922
0.000000
0.007843
0.000000
0.000000
0.000000
0.027451
0.000000
0.200000
0.976471
1.000000
0.964706
0.996078
1.000000
1.000000
1.000000
1.000000
1.000000
1.000000
1.000000
1.000000
1.000000
1.000000
1.000000
1.000000
0.996078
0.898039
0.545098
0.015686
0.000000
0.015686
0.000000
0.000000
0.000000
0.027451
0.000000
0.211765
1.000000
0.976471
0.909804
0.949020
0.960784
0.972549
0.980392
0.980392
0.976471
0.968627
0.960784
0.964706
0.972549
0.972549
0.956863
0.960784
0.972549
0.949020
0.615686
0.015686
0.000000
0.015686
0.000000
0.000000
0.000000
0.027451
0.000000
0.207843
0.996078
1.000000
0.964706
0.992157
1.000000
1.000000
0.996078
0.996078
0.996078
0.988235
0.984314
0.984314
0.988235
0.988235
0.980392
0.984314
0.992157
0.945098
0.600000
0.015686
0.000000
0.015686
0.000000
0.000000
0.000000
0.027451
0.000000
0.211765
0.996078
1.000000
0.968627
0.992157
0.992157
0.996078
0.996078
0.996078
0.996078
0.992157
0.988235
0.980392
0.984314
0.984314
0.972549
0.976471
0.992157
0.952941
0.607843
0.015686
0.000000
0.015686
0.000000
0.000000
0.000000
0.027451
0.000000
0.200000
0.972549
1.000000
0.960784
0.976471
0.980392
0.984314
0.988235
0.992157
0.992157
0.992157
0.992157
0.984314
0.984314
0.980392
0.968627
0.972549
0.984314
0.949020
0.603922
0.015686
0.000000
0.015686
0.000000
0.000000
0.000000
0.027451
0.000000
0.200000
0.976471
1.000000
0.956863
0.972549
0.972549
0.980392
0.984314
0.988235
0.988235
0.992157
0.992157
0.992157
0.988235
0.984314
0.976471
0.976471
0.984314
0.945098
0.603922
0.015686
0.000000
0.015686
0.000000
0.000000
0.000000
0.027451
0.000000
0.211765
0.996078
1.000000
0.968627
0.988235
0.988235
0.984314
0.988235
0.988235
0.988235
0.988235
0.988235
0.992157
0.996078
0.988235
0.980392
0.980392
0.976471
0.929412
0.588235
0.015686
0.000000
0.015686
0.000000
0.000000
0.000000
0.027451
0.000000
0.207843
0.992157
1.000000
0.984314
1.000000
1.000000
0.996078
0.996078
0.992157
0.992157
0.988235
0.988235
0.984314
0.988235
0.984314
0.972549
0.972549
0.960784
0.905882
0.568627
0.015686
0.000000
0.015686
0.000000
0.000000
0.000000
0.027451
0.000000
0.200000
0.976471
1.000000
0.984314
0.996078
0.996078
0.996078
0.996078
0.996078
0.996078
0.992157
0.992157
0.976471
0.976471
0.984314
0.972549
0.964706
0.952941
0.890196
0.556863
0.011765
0.000000
0.015686
0.000000
0.000000
0.000000
0.027451
0.000000
0.203922
0.988235
1.000000
0.960784
0.984314
0.988235
0.996078
0.996078
0.996078
0.996078
0.996078
0.996078
0.980392
0.984314
0.996078
0.984314
0.980392
0.960784
0.898039
0.568627
0.015686
0.000000
0.015686
0.000000
0.000000
0.000000
0.027451
0.000000
0.207843
1.000000
1.000000
0.956863
0.984314
0.992157
0.996078
0.992157
0.992157
0.992157
0.996078
0.996078
1.000000
0.972549
0.952941
0.976471
0.988235
0.972549
0.901961
0.564706
0.015686
0.000000
0.015686
0.000000
0.000000
0.000000
0.027451
0.000000
0.207843
1.000000
1.000000
0.964706
0.988235
0.992157
0.996078
0.992157
0.988235
0.988235
0.992157
0.992157
0.984314
0.956863
0.941176
0.972549
0.992157
0.972549
0.909804
0.580392
0.015686
0.000000
0.015686
0.000000
0.000000
0.000000
0.027451
0.000000
0.207843
1.000000
1.000000
0.964706
0.988235
0.992157
0.992157
0.988235
0.980392
0.980392
0.984314
0.988235
0.968627
0.964706
0.976471
0.992157
0.984314
0.952941
0.917647
0.611765
0.015686
0.000000
0.015686
0.000000
0.000000
0.000000
0.027451
0.000000
0.211765
1.000000
1.000000
0.956863
0.984314
0.988235
0.988235
0.984314
0.980392
0.980392
0.984314
0.988235
0.980392
0.984314
1.000000
0.996078
0.968627
0.941176
0.937255
0.639216
0.015686
0.000000
0.015686
0.000000
0.000000
0.000000
0.027451
0.000000
0.203922
0.996078
1.000000
0.960784
0.988235
0.992157
0.992157
0.992157
0.992157
0.992157
0.996078
1.000000
0.960784
0.972549
0.996078
0.964706
0.945098
0.956863
0.988235
0.678431
0.015686
0.000000
0.019608
0.000000
0.000000
0.000000
0.027451
0.000000
0.200000
0.968627
1.000000
0.964706
0.988235
0.992157
0.992157
0.992157
0.992157
0.992157
0.996078
1.000000
0.980392
0.988235
0.984314
0.925490
0.945098
0.972549
0.941176
0.607843
0.015686
0.000000
0.015686
0.000000
0.000000
0.000000
0.027451
0.000000
0.203922
0.992157
0.984314
0.945098
0.972549
0.976471
0.976471
0.968627
0.964706
0.964706
0.968627
0.968627
0.976471
0.980392
0.949020
0.905882
0.949020
0.992157
0.929412
0.568627
0.015686
0.000000
0.015686
0.000000
0.000000
0.000000
0.027451
0.000000
0.200000
0.988235
1.000000
1.000000
1.000000
1.000000
1.000000
1.000000
1.000000
1.000000
1.000000
1.000000
1.000000
1.000000
1.000000
0.992157
1.000000
1.000000
0.898039
0.533333
0.011765
0.000000
0.015686
0.000000
0.000000
0.000000
0.019608
0.000000
0.137255
0.749020
0.992157
1.000000
1.000000
1.000000
1.000000
1.000000
1.000000
1.000000
1.000000
1.000000
1.000000
1.000000
1.000000
0.976471
1.000000
0.858824
0.615686
0.329412
0.007843
0.000000
0.007843
0.000000
0.000000
0.000000
0.003922
0.000000
0.023529
0.137255
0.203922
0.211765
0.207843
0.207843
0.211765
0.211765
0.211765
0.211765
0.211765
0.211765
0.211765
0.211765
0.207843
0.200000
0.207843
0.164706
0.105882
0.050980
0.000000
0.000000
0.000000
0.000000
0.000000
0.000000
0.000000
0.000000
0.000000
0.000000
0.000000
0.000000
0.000000
0.000000
0.000000
0.000000
0.000000
0.000000
0.000000
0.000000
0.000000
0.000000
0.000000
0.000000
0.000000
0.000000
0.000000
0.000000
0.000000
0.000000
0.000000
0.000000
0.000000
0.000000
0.000000
0.000000
0.003922
0.019608
0.027451
0.027451
0.027451
0.027451
0.027451
0.027451
0.027451
0.027451
0.027451
0.027451
0.027451
0.027451
0.027451
0.027451
0.027451
0.023529
0.015686
0.007843
0.000000
0.000000
0.000000
0.000000
0.000000
0.000000
0.000000
0.000000
0.000000
0.000000
0.000000
0.000000
0.000000
0.000000
0.000000
0.000000
0.000000
0.000000
0.000000
0.000000
0.000000
0.000000
0.000000
0.000000
0.000000
0.000000
0.000000
0.000000
0.000000
0.000000
0.000000
0.000000
0.000000
