0.000000
0.000000
0.000000
0.000000
0.000000
0.000000
0.000000
0.000000
0.000000
0.000000
0.000000
0.000000
0.000000
0.000000
0.000000
0.000000
0.000000
0.000000
0.000000
0.000000
0.000000
0.000000
0.000000
0.000000
0.000000
0.000000
0.000000
0.000000
0.000000
0.000000
0.000000
0.000000
0.003922
0.019608
0.027451
0.027451
0.027451
0.027451
0.027451
0.027451
0.027451
0.027451
0.027451
0.027451
0.027451
0.023529
0.027451
0.027451
0.023529
0.015686
0.007843
0.000000
0.000000
0.000000
0.000000
0.000000
0.000000
0.000000
0.000000
0.000000
0.000000
0.000000
0.000000
0.000000
0.000000
0.000000
0.000000
0.000000
0.000000
0.000000
0.000000
0.000000
0.000000
0.000000
0.000000
0.000000
0.000000
0.000000
0.000000
0.000000
0.000000
0.000000
0.000000
0.000000
0.000000
0.000000
0.007843
0.000000
0.031373
0.235294
0.309804
0.329412
0.333333
0.329412
0.325490
0.325490
0.321569
0.329412
0.345098
0.345098
0.317647
0.294118
0.309804
0.313725
0.262745
0.168627
0.066667
0.003922
0.000000
0.003922
0.000000
0.000000
0.000000
0.000000
0.023529
0.000000
0.117647
0.823529
1.000000
1.000000
1.000000
1.000000
1.000000
1.000000
1.000000
1.000000
1.000000
1.000000
1.000000
0.968627
1.000000
1.000000
0.898039
0.639216
0.290196
0.023529
0.000000
0.007843
0.000000
0.000000
0.000000
0.000000
0.027451
0.000000
0.141176
0.945098
0.996078
0.980392
0.980392
0.988235
0.996078
0.996078
0.996078
0.949020
0.929412
0.972549
0.992157
0.984314
0.984314
0.992157
0.984314
0.835294
0.474510
0.054902
0.000000
0.011765
0.000000
0.000000
0.000000
0.000000
0.027451
0.000000
0.156863
1.000000
1.000000
0.980392
0.984314
0.984314
0.992157
0.996078
1.000000
0.984314
0.976471
0.992157
0.992157
0.984314
0.988235
0.996078
0.984314
0.898039
0.623529
0.086275
0.000000
0.015686
0.000000
0.000000
0.000000
0.000000
0.027451
0.000000
0.156863
0.996078
1.000000
0.972549
0.988235
0.984314
0.992157
0.996078
0.996078
0.996078
0.992157
1.000000
0.992157
0.980392
0.988235
0.992157
0.980392
0.890196
0.600000
0.078431
0.000000
0.015686
0.000000
0.000000
0.000000
0.000000
0.027451
0.000000
0.152941
0.992157
1.000000
0.972549
0.988235
0.988235
0.996078
0.996078
0.996078
0.992157
0.988235
1.000000
0.996078
0.980392
0.988235
0.992157
0.984314
0.882353
0.545098
0.066667
0.000000
0.015686
0.000000
0.000000
0.000000
0.000000
0.027451
0.000000
0.152941
0.996078
1.000000
0.980392
0.992157
0.988235
0.996078
0.996078
0.996078
0.992157
0.988235
1.000000
0.996078
0.980392
0.988235
0.992157
0.984314
0.882353
0.556863
0.066667
0.000000
0.015686
0.000000
0.000000
0.000000
0.000000
0.027451
0.000000
0.156863
1.000000
1.000000
0.984314
0.992157
0.988235
0.992157
0.992157
0.996078
0.992157
0.988235
1.000000
0.996078
0.980392
0.988235
0.992157
0.980392
0.886275
0.580392
0.070588
0.000000
0.015686
0.000000
0.000000
0.000000
0.000000
0.027451
0.000000
0.156863
1.000000
1.000000
0.980392
0.996078
0.992157
0.992157
0.992157
0.996078
0.992157
0.988235
1.000000
0.996078
0.980392
0.988235
0.992157
0.980392
0.886275
0.584314
0.074510
0.000000
0.015686
0.000000
0.000000
0.000000
0.000000
0.027451
0.000000
0.152941
0.992157
1.000000
0.980392
0.996078
0.992157
0.996078
0.996078
0.996078
0.992157
0.988235
1.000000
0.996078
0.980392
0.988235
0.992157
0.984314
0.886275
0.580392
0.074510
0.000000
0.015686
0.000000
0.000000
0.000000
0.000000
0.027451
0.000000
0.149020
0.980392
1.000000
0.980392
0.996078
0.992157
0.996078
0.996078
0.996078
0.992157
0.988235
1.000000
0.996078
0.980392
0.988235
0.992157
0.984314
0.886275
0.584314
0.074510
0.000000
0.015686
0.000000
0.000000
0.000000
0.000000
0.027451
0.000000
0.149020
0.980392
1.000000
0.980392
0.996078
0.992157
0.996078
0.996078
0.996078
0.992157
0.988235
1.000000
0.996078
0.980392
0.988235
0.992157
0.984314
0.894118
0.603922
0.074510
0.000000
0.015686
0.000000
0.000000
0.000000
0.000000
0.027451
0.000000
0.152941
0.992157
1.000000
0.976471
0.996078
1.000000
0.996078
0.992157
0.996078
0.996078
0.988235
0.996078
0.996078
0.984314
0.988235
0.992157
0.988235
0.886275
0.572549
0.070588
0.000000
0.015686
0.000000
0.000000
0.000000
0.000000
0.027451
0.000000
0.156863
1.000000
0.996078
0.968627
1.000000
0.996078
0.996078
0.984314
0.992157
1.000000
0.984314
0.976471
0.996078
0.992157
0.972549
0.988235
1.000000
0.874510
0.513726
0.058824
0.000000
0.015686
0.000000
0.000000
0.000000
0.000000
0.027451
0.000000
0.152941
0.976471
0.984314
0.972549
0.988235
0.968627
0.996078
0.996078
0.968627
0.976471
0.984314
0.976471
0.988235
0.964706
0.945098
0.972549
0.996078
0.898039
0.603922
0.074510
0.000000
0.015686
0.000000
0.000000
0.000000
0.000000
0.027451
0.000000
0.156863
0.988235
0.996078
0.968627
0.968627
0.945098
0.968627
0.980392
0.976471
0.988235
0.992157
0.988235
0.996078
0.988235
0.980392
0.992157
0.980392
0.862745
0.596078
0.078431
0.000000
0.015686
0.000000
0.000000
0.000000
0.000000
0.027451
0.000000
0.156863
0.996078
1.000000
0.949020
0.968627
0.976471
0.976471
0.968627
0.972549
0.992157
0.988235
0.976471
0.988235
0.988235
0.992157
1.000000
0.976471
0.831373
0.541176
0.070588
0.000000
0.015686
0.000000
0.000000
0.000000
0.000000
0.027451
0.000000
0.156863
1.000000
0.996078
0.921569
0.956863
1.000000
0.992157
0.956863
0.945098
0.980392
0.984314
0.972549
0.968627
0.945098
0.956863
0.988235
0.996078
0.882353
0.556863
0.066667
0.000000
0.015686
0.000000
0.000000
0.000000
0.000000
0.027451
0.000000
0.149020
0.976471
1.000000
0.945098
0.956863
0.992157
0.996078
0.968627
0.952941
0.984314
1.000000
1.000000
0.980392
0.945098
0.956863
0.984314
0.996078
0.886275
0.541176
0.062745
0.000000
0.015686
0.000000
0.000000
0.000000
0.000000
0.023529
0.000000
0.113725
0.800000
0.996078
1.000000
0.992157
0.988235
0.984314
0.996078
0.960784
0.976471
0.996078
0.988235
0.996078
0.992157
0.992157
0.984314
0.898039
0.674510
0.352941
0.035294
0.000000
0.007843
0.000000
0.000000
0.000000
0.000000
0.015686
0.000000
0.062745
0.498039
0.768627
0.886275
0.874510
0.831373
0.839216
0.874510
0.854902
0.882353
0.894118
0.882353
0.909804
0.941176
0.960784
0.913725
0.752941
0.458824
0.113725
0.003922
0.000000
0.003922
0.000000
0.000000
0.000000
0.000000
0.003922
0.000000
0.011765
0.109804
0.200000
0.250980
0.247059
0.231373
0.235294
0.247059
0.243137
0.254902
0.258824
0.254902
0.266667
0.278431
0.286274
0.266667
0.211765
0.113725
0.003922
0.000000
0.000000
0.000000
0.000000
0.000000
0.000000
0.000000
0.000000
0.000000
0.000000
0.000000
0.000000
0.000000
0.000000
0.000000
0.000000
0.000000
0.000000
0.000000
0.000000
0.000000
0.000000
0.000000
0.000000
0.000000
0.000000
0.000000
0.000000
0.000000
0.000000
0.000000
0.000000
0.000000
0.000000
0.000000
0.000000
0.000000
0.000000
0.011765
0.019608
0.023529
0.023529
0.019608
0.019608
0.023529
0.023529
0.023529
0.023529
0.023529
0.023529
0.023529
0.023529
0.023529
0.019608
0.011765
0.003922
0.000000
0.000000
0.000000
0.000000
0.000000
0.000000
0.000000
0.000000
0.000000
0.000000
0.000000
0.000000
0.000000
0.000000
0.000000
0.000000
0.000000
0.000000
0.000000
0.000000
0.000000
0.000000
0.000000
0.000000
0.000000
0.000000
0.000000
0.000000
0.000000
0.000000
0.000000
0.000000
0.000000
