0.000000
0.000000
0.000000
0.000000
0.000000
0.000000
0.000000
0.000000
0.000000
0.000000
0.008547
0.012821
0.012821
0.012821
0.012821
0.012821
0.008547
0.004274
0.000000
0.000000
0.000000
0.000000
0.000000
0.000000
0.000000
0.000000
0.000000
0.000000
0.000000
0.000000
0.000000
0.000000
0.000000
0.000000
0.000000
0.000000
0.000000
0.000000
0.000000
0.000000
0.000000
0.000000
0.000000
0.000000
0.000000
0.000000
0.000000
0.000000
0.000000
0.000000
0.000000
0.000000
0.000000
0.000000
0.000000
0.000000
0.000000
0.000000
0.000000
0.000000
0.000000
0.000000
0.000000
0.000000
0.000000
0.034188
0.145299
0.217949
0.235043
0.205128
0.205128
0.205128
0.183761
0.064103
0.000000
0.004274
0.000000
0.000000
0.000000
0.000000
0.000000
0.000000
0.000000
0.000000
0.000000
0.000000
0.000000
0.000000
0.000000
0.000000
0.000000
0.004274
0.000000
0.145299
0.649573
0.905983
0.940171
0.820513
0.837607
0.863248
0.803419
0.290598
0.000000
0.017094
0.000000
0.000000
0.000000
0.000000
0.000000
0.000000
0.000000
0.000000
0.000000
0.000000
0.000000
0.000000
0.000000
0.000000
0.000000
0.012821
0.000000
0.200855
0.820513
0.987180
0.974359
0.901709
0.901709
0.961538
0.978633
0.376068
0.000000
0.021368
0.000000
0.000000
0.000000
0.000000
0.000000
0.000000
0.000000
0.000000
0.000000
0.000000
0.000000
0.000000
0.000000
0.000000
0.000000
0.012821
0.000000
0.230769
0.854701
0.901709
0.880342
0.888889
0.858974
0.880342
0.927350
0.376068
0.000000
0.017094
0.000000
0.000000
0.000000
0.000000
0.000000
0.000000
0.000000
0.000000
0.000000
0.000000
0.000000
0.000000
0.000000
0.000000
0.000000
0.012821
0.000000
0.226496
0.846154
0.888889
0.841880
0.850427
0.829060
0.794872
0.833333
0.350427
0.000000
0.017094
0.000000
0.000000
0.000000
0.000000
0.000000
0.000000
0.000000
0.000000
0.000000
0.000000
0.000000
0.000000
0.000000
0.000000
0.000000
0.012821
0.000000
0.226496
0.871795
0.931624
0.876068
0.846154
0.739316
0.760684
0.876068
0.380342
0.000000
0.017094
0.000000
0.000000
0.000000
0.000000
0.000000
0.000000
0.000000
0.000000
0.000000
0.000000
0.000000
0.000000
0.000000
0.000000
0.000000
0.012821
0.000000
0.252137
0.944444
0.987180
0.961538
0.944444
0.773504
0.807692
0.957265
0.418803
0.000000
0.021368
0.000000
0.000000
0.000000
0.000000
0.000000
0.000000
0.000000
0.000000
0.000000
0.000000
0.000000
0.000000
0.000000
0.000000
0.000000
0.012821
0.000000
0.269231
0.948718
0.970086
0.961538
0.948718
0.974359
0.871795
0.923077
0.388889
0.000000
0.021368
0.000000
0.000000
0.000000
0.000000
0.000000
0.000000
0.000000
0.000000
0.000000
0.000000
0.000000
0.000000
0.000000
0.000000
0.000000
0.012821
0.000000
0.252137
0.910256
0.918803
0.884615
0.863248
0.923077
0.871795
0.948718
0.401709
0.000000
0.021368
0.000000
0.000000
0.000000
0.000000
0.000000
0.000000
0.000000
0.000000
0.000000
0.000000
0.000000
0.000000
0.000000
0.000000
0.000000
0.012821
0.000000
0.243590
0.888889
0.914530
0.893162
0.876068
0.923077
0.893162
0.978633
0.410256
0.000000
0.021368
0.000000
0.000000
0.000000
0.000000
0.000000
0.000000
0.000000
0.000000
0.000000
0.000000
0.000000
0.000000
0.000000
0.000000
0.000000
0.012821
0.000000
0.235043
0.876068
0.931624
0.940171
0.940171
0.927350
0.914530
1.000000
0.418803
0.000000
0.021368
0.000000
0.000000
0.000000
0.000000
0.000000
0.000000
0.000000
0.000000
0.000000
0.000000
0.000000
0.000000
0.000000
0.000000
0.000000
0.012821
0.000000
0.235043
0.876068
0.935897
0.944444
0.948718
0.927350
0.918803
0.995727
0.410256
0.000000
0.021368
0.000000
0.000000
0.000000
0.000000
0.000000
0.000000
0.000000
0.000000
0.000000
0.000000
0.000000
0.000000
0.000000
0.000000
0.000000
0.012821
0.000000
0.239316
0.888889
0.935897
0.931624
0.910256
0.914530
0.905983
0.982906
0.405983
0.000000
0.021368
0.000000
0.000000
0.000000
0.000000
0.000000
0.000000
0.000000
0.000000
0.000000
0.000000
0.000000
0.000000
0.000000
0.000000
0.000000
0.012821
0.000000
0.239316
0.897436
0.948718
0.927350
0.905983
0.918803
0.910256
0.965812
0.397436
0.000000
0.021368
0.000000
0.000000
0.000000
0.000000
0.000000
0.000000
0.000000
0.000000
0.000000
0.000000
0.000000
0.000000
0.000000
0.000000
0.000000
0.012821
0.000000
0.230769
0.854701
0.914530
0.923077
0.927350
0.961538
0.948718
0.970086
0.393162
0.000000
0.021368
0.000000
0.000000
0.000000
0.000000
0.000000
0.000000
0.000000
0.000000
0.000000
0.000000
0.000000
0.000000
0.000000
0.000000
0.000000
0.012821
0.000000
0.235043
0.858974
0.897436
0.923077
0.940171
0.940171
0.957265
0.995727
0.401709
0.000000
0.021368
0.000000
0.000000
0.000000
0.000000
0.000000
0.000000
0.000000
0.000000
0.000000
0.000000
0.000000
0.000000
0.000000
0.000000
0.000000
0.012821
0.000000
0.243590
0.876068
0.918803
0.935897
0.935897
0.905983
0.935897
0.982906
0.397436
0.000000
0.021368
0.000000
0.000000
0.000000
0.000000
0.000000
0.000000
0.000000
0.000000
0.000000
0.000000
0.000000
0.000000
0.000000
0.000000
0.000000
0.012821
0.000000
0.239316
0.876068
0.927350
0.910256
0.867521
0.863248
0.884615
0.940171
0.384615
0.000000
0.021368
0.000000
0.000000
0.000000
0.000000
0.000000
0.000000
0.000000
0.000000
0.000000
0.000000
0.000000
0.000000
0.000000
0.000000
0.000000
0.012821
0.000000
0.239316
0.880342
0.940171
0.910256
0.841880
0.854701
0.863248
0.914530
0.376068
0.000000
0.017094
0.000000
0.000000
0.000000
0.000000
0.000000
0.000000
0.000000
0.000000
0.000000
0.000000
0.000000
0.000000
0.000000
0.000000
0.000000
0.012821
0.000000
0.243590
0.880342
0.940171
0.944444
0.888889
0.871795
0.893162
0.940171
0.384615
0.000000
0.021368
0.000000
0.000000
0.000000
0.000000
0.000000
0.000000
0.000000
0.000000
0.000000
0.000000
0.000000
0.000000
0.000000
0.000000
0.000000
0.012821
0.000000
0.230769
0.858974
0.910256
0.923077
0.905983
0.888889
0.905983
0.952991
0.388889
0.000000
0.021368
0.000000
0.000000
0.000000
0.000000
0.000000
0.000000
0.000000
0.000000
0.000000
0.000000
0.000000
0.000000
0.000000
0.000000
0.000000
0.012821
0.000000
0.183761
0.769231
0.876068
0.867521
0.901709
0.858974
0.824786
0.884615
0.371795
0.000000
0.017094
0.000000
0.000000
0.000000
0.000000
0.000000
0.000000
0.000000
0.000000
0.000000
0.000000
0.000000
0.000000
0.000000
0.000000
0.000000
0.004274
0.000000
0.111111
0.487179
0.628205
0.730769
0.829060
0.854701
0.803419
0.764957
0.294872
0.000000
0.017094
0.000000
0.000000
0.000000
0.000000
0.000000
0.000000
0.000000
0.000000
0.000000
0.000000
0.000000
0.000000
0.000000
0.000000
0.000000
0.000000
0.000000
0.017094
0.081197
0.119658
0.162393
0.200855
0.252137
0.226496
0.183761
0.064103
0.000000
0.004274
0.000000
0.000000
0.000000
0.000000
0.000000
0.000000
0.000000
0.000000
0.000000
0.000000
0.000000
0.000000
0.000000
0.000000
0.000000
0.000000
0.000000
0.000000
0.000000
0.000000
0.000000
0.000000
0.000000
0.000000
0.000000
0.000000
0.000000
0.000000
0.000000
0.000000
0.000000
0.000000
0.000000
0.000000
0.000000
0.000000
0.000000
0.000000
0.000000
0.000000
0.000000
0.000000
0.000000
0.000000
0.000000
0.000000
0.004274
0.008547
0.008547
0.012821
0.012821
0.012821
0.008547
0.004274
0.000000
0.000000
0.000000
0.000000
0.000000
0.000000
0.000000
0.000000
0.000000
0.000000
