0.000000
0.000000
0.000000
0.000000
0.000000
0.000000
0.000000
0.000000
0.000000
0.000000
0.000000
0.000000
0.000000
0.000000
0.000000
0.000000
0.000000
0.000000
0.000000
0.000000
0.000000
0.000000
0.000000
0.000000
0.000000
0.000000
0.000000
0.000000
0.000000
0.000000
0.000000
0.000000
0.000000
0.003922
0.007843
0.011765
0.015686
0.015686
0.019608
0.019608
0.019608
0.015686
0.015686
0.015686
0.019608
0.019608
0.019608
0.019608
0.019608
0.015686
0.011765
0.000000
0.000000
0.000000
0.000000
0.000000
0.000000
0.000000
0.000000
0.000000
0.000000
0.000000
0.000000
0.000000
0.000000
0.000000
0.000000
0.000000
0.000000
0.000000
0.000000
0.000000
0.000000
0.000000
0.000000
0.000000
0.000000
0.000000
0.000000
0.000000
0.000000
0.000000
0.000000
0.000000
0.000000
0.000000
0.000000
0.000000
0.000000
0.011765
0.054902
0.109804
0.149020
0.180392
0.211765
0.211765
0.192157
0.176471
0.168627
0.172549
0.192157
0.203922
0.207843
0.211765
0.196078
0.156863
0.101961
0.011765
0.000000
0.003922
0.000000
0.000000
0.000000
0.000000
0.003922
0.000000
0.007843
0.133333
0.337255
0.521569
0.627451
0.717647
0.796078
0.792157
0.749020
0.694118
0.670588
0.694118
0.745098
0.780392
0.788235
0.776471
0.741176
0.650980
0.458824
0.062745
0.000000
0.011765
0.000000
0.000000
0.000000
0.000000
0.007843
0.000000
0.035294
0.349020
0.690196
0.858824
0.921569
0.972549
1.000000
1.000000
0.976471
0.941176
0.925490
0.952941
0.988235
0.996078
0.984314
0.949020
0.937255
0.941176
0.764706
0.109804
0.000000
0.019608
0.000000
0.000000
0.000000
0.000000
0.015686
0.000000
0.062745
0.541176
0.937255
1.000000
0.996078
1.000000
1.000000
1.000000
1.000000
0.992157
0.988235
1.000000
1.000000
1.000000
1.000000
0.960784
0.949020
1.000000
0.960784
0.145098
0.000000
0.027451
0.000000
0.000000
0.000000
0.000000
0.015686
0.000000
0.070588
0.576471
0.956863
0.921569
0.874510
0.941176
0.941176
0.952941
0.952941
0.949020
0.949020
0.952941
0.952941
0.949020
0.937255
0.937255
0.898039
0.941176
1.000000
0.160784
0.000000
0.027451
0.000000
0.000000
0.000000
0.000000
0.015686
0.000000
0.066667
0.556863
0.909804
0.886275
0.850980
0.925490
0.937255
0.960784
0.952941
0.952941
0.960784
0.960784
0.956863
0.960784
0.956863
0.949020
0.878431
0.917647
0.996078
0.160784
0.000000
0.027451
0.000000
0.000000
0.000000
0.000000
0.015686
0.000000
0.066667
0.568627
0.917647
0.949020
0.921569
0.964706
0.972549
0.996078
0.980392
0.984314
1.000000
1.000000
0.992157
1.000000
1.000000
0.960784
0.890196
0.952941
1.000000
0.160784
0.000000
0.027451
0.000000
0.000000
0.000000
0.000000
0.015686
0.000000
0.070588
0.580392
0.937255
0.952941
0.929412
0.972549
0.976471
0.992157
0.976471
0.980392
0.996078
0.992157
0.984314
0.996078
0.996078
0.952941
0.890196
0.952941
1.000000
0.160784
0.000000
0.027451
0.000000
0.000000
0.000000
0.000000
0.015686
0.000000
0.070588
0.584314
0.937255
0.956863
0.937255
0.976471
0.976471
0.996078
0.984314
0.980392
0.992157
0.992157
0.984314
0.996078
0.992157
0.949020
0.890196
0.960784
1.000000
0.160784
0.000000
0.027451
0.000000
0.000000
0.000000
0.000000
0.015686
0.000000
0.066667
0.568627
0.925490
0.949020
0.933333
0.972549
0.972549
0.996078
0.984314
0.984314
0.996078
0.992157
0.984314
0.992157
0.988235
0.945098
0.886275
0.956863
1.000000
0.160784
0.000000
0.027451
0.000000
0.000000
0.000000
0.000000
0.015686
0.000000
0.066667
0.556863
0.901961
0.933333
0.925490
0.972549
0.972549
0.996078
0.984314
0.984314
0.996078
0.992157
0.984314
0.992157
0.988235
0.945098
0.886275
0.956863
0.996078
0.156863
0.000000
0.027451
0.000000
0.000000
0.000000
0.000000
0.015686
0.000000
0.066667
0.552941
0.890196
0.921569
0.925490
0.980392
0.980392
0.996078
0.984314
0.984314
0.996078
0.992157
0.984314
0.992157
0.988235
0.945098
0.886275
0.960784
0.996078
0.156863
0.000000
0.027451
0.000000
0.000000
0.000000
0.000000
0.015686
0.000000
0.066667
0.556863
0.890196
0.925490
0.929412
0.984314
0.984314
0.996078
0.984314
0.980392
0.992157
0.992157
0.984314
0.996078
0.992157
0.949020
0.890196
0.964706
1.000000
0.160784
0.000000
0.027451
0.000000
0.000000
0.000000
0.000000
0.015686
0.000000
0.070588
0.560784
0.894118
0.929412
0.929412
0.984314
0.980392
0.992157
0.976471
0.980392
0.992157
0.988235
0.984314
0.996078
0.996078
0.952941
0.890196
0.956863
0.996078
0.156863
0.000000
0.027451
0.000000
0.000000
0.000000
0.000000
0.015686
0.000000
0.070588
0.564706
0.894118
0.925490
0.929412
0.980392
0.968627
0.988235
0.976471
0.976471
0.992157
0.992157
0.984314
0.992157
1.000000
0.960784
0.890196
0.945098
0.984314
0.156863
0.000000
0.027451
0.000000
0.000000
0.000000
0.000000
0.015686
0.000000
0.062745
0.529412
0.909804
0.976471
0.909804
0.929412
0.988235
0.976471
0.968627
0.972549
0.972549
0.976471
0.980392
0.984314
0.972549
0.941176
0.886275
0.952941
0.992157
0.160784
0.000000
0.027451
0.000000
0.000000
0.000000
0.000000
0.015686
0.000000
0.058824
0.505882
0.894118
0.976471
0.921569
0.945098
1.000000
0.992157
0.996078
0.996078
0.992157
0.992157
1.000000
1.000000
0.992157
0.964706
0.921569
0.984314
1.000000
0.160784
0.000000
0.027451
0.000000
0.000000
0.000000
0.000000
0.015686
0.000000
0.070588
0.572549
0.929412
0.921569
0.874510
0.925490
0.941176
0.952941
0.960784
0.960784
0.956863
0.952941
0.964706
0.964706
0.956863
0.937255
0.878431
0.921569
0.984314
0.160784
0.000000
0.027451
0.000000
0.000000
0.000000
0.000000
0.015686
0.000000
0.078431
0.631373
0.992157
0.909804
0.811765
0.862745
0.878431
0.882353
0.886275
0.886275
0.878431
0.874510
0.882353
0.886275
0.874510
0.854902
0.803922
0.866667
0.968627
0.156863
0.000000
0.027451
0.000000
0.000000
0.000000
0.000000
0.011765
0.000000
0.054902
0.498039
0.878431
0.941176
0.905882
0.937255
0.941176
0.921569
0.925490
0.925490
0.917647
0.913725
0.917647
0.925490
0.921569
0.890196
0.898039
0.996078
1.000000
0.156863
0.000000
0.027451
0.000000
0.000000
0.000000
0.000000
0.003922
0.000000
0.023529
0.262745
0.588235
0.898039
1.000000
0.988235
0.952941
0.972549
0.988235
0.992157
0.992157
0.988235
0.996078
1.000000
1.000000
1.000000
0.988235
1.000000
0.925490
0.141176
0.000000
0.027451
0.000000
0.000000
0.000000
0.000000
0.000000
0.000000
0.003922
0.047059
0.137255
0.266667
0.329412
0.309804
0.290196
0.305882
0.313725
0.313725
0.313725
0.313725
0.317647
0.325490
0.325490
0.325490
0.313725
0.305882
0.270588
0.039216
0.000000
0.007843
0.000000
0.000000
0.000000
0.000000
0.000000
0.000000
0.000000
0.000000
0.000000
0.000000
0.000000
0.000000
0.000000
0.000000
0.000000
0.000000
0.000000
0.000000
0.000000
0.000000
0.000000
0.000000
0.000000
0.000000
0.000000
0.000000
0.000000
0.000000
0.000000
0.000000
0.000000
0.000000
0.000000
0.000000
0.000000
0.003922
0.015686
0.023529
0.027451
0.027451
0.023529
0.027451
0.027451
0.027451
0.027451
0.027451
0.027451
0.027451
0.027451
0.027451
0.027451
0.027451
0.023529
0.003922
0.000000
0.000000
0.000000
0.000000
0.000000
0.000000
0.000000
0.000000
0.000000
0.000000
0.000000
0.000000
0.000000
0.000000
0.000000
0.000000
0.000000
0.000000
0.000000
0.000000
0.000000
0.000000
0.000000
0.000000
0.000000
0.000000
0.000000
0.000000
0.000000
0.000000
0.000000
0.000000
