0.000000
0.000000
0.000000
0.000000
0.000000
0.000000
0.000000
0.000000
0.000000
0.000000
0.000000
0.000000
0.000000
0.000000
0.000000
0.000000
0.000000
0.000000
0.000000
0.000000
0.000000
0.000000
0.000000
0.000000
0.000000
0.000000
0.000000
0.000000
0.000000
0.000000
0.000000
0.000000
0.000000
0.003922
0.015686
0.019608
0.023529
0.027451
0.023529
0.023529
0.027451
0.023529
0.023529
0.023529
0.027451
0.027451
0.027451
0.023529
0.023529
0.023529
0.011765
0.000000
0.000000
0.000000
0.000000
0.000000
0.000000
0.000000
0.000000
0.000000
0.000000
0.000000
0.000000
0.000000
0.000000
0.000000
0.000000
0.000000
0.000000
0.000000
0.000000
0.000000
0.000000
0.000000
0.000000
0.000000
0.000000
0.000000
0.000000
0.000000
0.000000
0.000000
0.000000
0.000000
0.000000
0.000000
0.000000
0.000000
0.003922
0.047059
0.145098
0.219608
0.274510
0.298039
0.286274
0.282353
0.298039
0.294118
0.278431
0.286274
0.305882
0.313725
0.305882
0.282353
0.278431
0.247059
0.125490
0.011765
0.000000
0.003922
0.000000
0.000000
0.000000
0.000000
0.003922
0.000000
0.023529
0.254902
0.576471
0.800000
0.929412
0.984314
0.960784
0.952941
0.984314
0.968627
0.929412
0.941176
0.988235
1.000000
1.000000
0.945098
0.929412
0.874510
0.568627
0.070588
0.000000
0.015686
0.000000
0.000000
0.000000
0.000000
0.011765
0.000000
0.054902
0.470588
0.800000
0.972549
1.000000
0.992157
0.996078
0.996078
0.992157
0.988235
0.968627
0.956863
0.972549
0.992157
0.996078
0.988235
0.976471
0.996078
0.890196
0.133333
0.000000
0.023529
0.000000
0.000000
0.000000
0.000000
0.015686
0.000000
0.074510
0.588235
0.894118
1.000000
0.984314
0.941176
0.921569
0.941176
0.992157
0.996078
0.972549
0.968627
0.964706
0.972549
0.976471
0.984314
0.984314
1.000000
1.000000
0.156863
0.000000
0.027451
0.000000
0.000000
0.000000
0.000000
0.015686
0.000000
0.078431
0.615686
0.901961
0.992157
0.992157
0.968627
0.956863
0.976471
0.976471
0.972549
0.980392
0.980392
0.972549
0.964706
0.956863
0.964706
0.968627
0.996078
1.000000
0.156863
0.000000
0.027451
0.000000
0.000000
0.000000
0.000000
0.015686
0.000000
0.082353
0.627451
0.890196
0.984314
1.000000
0.996078
0.996078
1.000000
0.972549
0.972549
0.996078
0.996078
0.996078
0.984314
0.972549
0.972549
0.964706
1.000000
0.988235
0.152941
0.000000
0.027451
0.000000
0.000000
0.000000
0.000000
0.019608
0.000000
0.094118
0.666667
0.901961
0.976471
0.992157
0.988235
0.988235
0.992157
0.980392
0.984314
0.992157
0.988235
0.988235
0.992157
0.992157
0.988235
0.976471
1.000000
0.984314
0.152941
0.000000
0.027451
0.000000
0.000000
0.000000
0.000000
0.019608
0.000000
0.098039
0.705882
0.929412
0.988235
0.992157
0.996078
1.000000
1.000000
0.984314
0.980392
0.980392
0.976471
0.972549
0.980392
0.988235
0.992157
0.976471
1.000000
0.996078
0.152941
0.000000
0.027451
0.000000
0.000000
0.000000
0.000000
0.019608
0.000000
0.094118
0.690196
0.945098
1.000000
0.984314
0.972549
0.992157
0.996078
0.996078
0.996078
0.996078
0.996078
0.992157
0.992157
0.988235
0.988235
0.976471
1.000000
1.000000
0.156863
0.000000
0.027451
0.000000
0.000000
0.000000
0.000000
0.019608
0.000000
0.086275
0.666667
0.929412
1.000000
0.988235
0.976471
0.992157
0.996078
0.996078
0.996078
0.996078
0.996078
0.992157
0.992157
0.988235
0.988235
0.976471
1.000000
0.988235
0.152941
0.000000
0.027451
0.000000
0.000000
0.000000
0.000000
0.019608
0.000000
0.086275
0.643137
0.905882
0.992157
0.992157
0.984314
0.996078
0.996078
0.996078
0.996078
0.996078
0.996078
0.992157
0.992157
0.988235
0.988235
0.976471
1.000000
0.976471
0.149020
0.000000
0.027451
0.000000
0.000000
0.000000
0.000000
0.019608
0.000000
0.086275
0.639216
0.901961
0.992157
0.996078
0.992157
0.996078
0.988235
0.996078
0.996078
0.996078
0.996078
0.992157
0.992157
0.988235
0.988235
0.976471
1.000000
0.988235
0.149020
0.000000
0.027451
0.000000
0.000000
0.000000
0.000000
0.019608
0.000000
0.086275
0.639216
0.901961
0.992157
1.000000
0.996078
0.996078
0.980392
0.992157
0.996078
0.996078
0.996078
0.992157
0.992157
0.988235
0.988235
0.976471
1.000000
1.000000
0.152941
0.000000
0.027451
0.000000
0.000000
0.000000
0.000000
0.015686
0.000000
0.082353
0.627451
0.894118
0.988235
1.000000
1.000000
0.996078
0.980392
0.992157
0.996078
0.996078
0.996078
0.992157
0.992157
0.988235
0.988235
0.976471
1.000000
1.000000
0.156863
0.000000
0.027451
0.000000
0.000000
0.000000
0.000000
0.015686
0.000000
0.082353
0.611765
0.882353
0.980392
0.996078
0.996078
1.000000
0.992157
0.996078
0.996078
0.996078
0.996078
0.992157
0.992157
0.988235
0.988235
0.976471
1.000000
0.996078
0.152941
0.000000
0.027451
0.000000
0.000000
0.000000
0.000000
0.015686
0.000000
0.082353
0.615686
0.886275
0.980392
0.988235
0.992157
1.000000
0.996078
0.996078
0.996078
0.996078
0.996078
0.992157
0.992157
0.988235
0.988235
0.976471
1.000000
1.000000
0.156863
0.000000
0.027451
0.000000
0.000000
0.000000
0.000000
0.019608
0.000000
0.086275
0.647059
0.898039
0.984314
0.988235
0.988235
1.000000
1.000000
1.000000
0.996078
0.996078
0.996078
0.992157
0.992157
0.992157
0.992157
0.980392
1.000000
0.996078
0.156863
0.000000
0.027451
0.000000
0.000000
0.000000
0.000000
0.019608
0.000000
0.082353
0.627451
0.913725
0.988235
0.984314
0.980392
0.992157
0.984314
0.984314
0.988235
0.992157
0.996078
0.992157
0.984314
0.976471
0.976471
0.968627
0.996078
1.000000
0.156863
0.000000
0.027451
0.000000
0.000000
0.000000
0.000000
0.015686
0.000000
0.070588
0.572549
0.925490
1.000000
0.988235
0.980392
0.996078
0.980392
0.976471
0.992157
1.000000
1.000000
1.000000
0.984314
0.972549
0.972549
0.968627
1.000000
1.000000
0.156863
0.000000
0.027451
0.000000
0.000000
0.000000
0.000000
0.015686
0.000000
0.066667
0.560784
0.890196
0.996078
0.992157
0.988235
1.000000
1.000000
1.000000
1.000000
1.000000
1.000000
1.000000
1.000000
1.000000
0.996078
0.992157
1.000000
0.882353
0.129412
0.000000
0.023529
0.000000
0.000000
0.000000
0.000000
0.007843
0.000000
0.031373
0.329412
0.647059
0.835294
0.913725
0.945098
0.945098
0.901961
0.905882
0.898039
0.882353
0.886275
0.898039
0.925490
0.941176
0.917647
0.921569
0.850980
0.525490
0.062745
0.000000
0.015686
0.000000
0.000000
0.000000
0.000000
0.003922
0.000000
0.003922
0.062745
0.160784
0.231373
0.266667
0.282353
0.282353
0.258824
0.262745
0.258824
0.250980
0.254902
0.258824
0.270588
0.278431
0.266667
0.270588
0.239216
0.109804
0.007843
0.000000
0.003922
0.000000
0.000000
0.000000
0.000000
0.000000
0.000000
0.000000
0.000000
0.000000
0.000000
0.000000
0.000000
0.000000
0.000000
0.000000
0.000000
0.000000
0.000000
0.000000
0.000000
0.000000
0.000000
0.000000
0.000000
0.000000
0.000000
0.000000
0.000000
0.000000
0.000000
0.000000
0.000000
0.000000
0.000000
0.000000
0.007843
0.015686
0.019608
0.023529
0.023529
0.023529
0.023529
0.023529
0.023529
0.023529
0.023529
0.023529
0.023529
0.023529
0.023529
0.023529
0.019608
0.011765
0.000000
0.000000
0.000000
0.000000
0.000000
0.000000
0.000000
0.000000
0.000000
0.000000
0.000000
0.000000
0.000000
0.000000
0.000000
0.000000
0.000000
0.000000
0.000000
0.000000
0.000000
0.000000
0.000000
0.000000
0.000000
0.000000
0.000000
0.000000
0.000000
0.000000
0.000000
0.000000
0.000000
