0.000000
0.000000
0.000000
0.000000
0.000000
0.000000
0.000000
0.000000
0.000000
0.000000
0.000000
0.000000
0.000000
0.000000
0.000000
0.000000
0.000000
0.000000
0.000000
0.000000
0.000000
0.000000
0.000000
0.000000
0.000000
0.000000
0.000000
0.000000
0.000000
0.000000
0.000000
0.000000
0.007843
0.011765
0.019608
0.023529
0.019608
0.019608
0.019608
0.019608
0.019608
0.019608
0.019608
0.019608
0.019608
0.019608
0.019608
0.019608
0.015686
0.011765
0.003922
0.000000
0.000000
0.000000
0.000000
0.000000
0.000000
0.000000
0.000000
0.000000
0.000000
0.000000
0.000000
0.000000
0.000000
0.000000
0.000000
0.000000
0.000000
0.000000
0.000000
0.000000
0.000000
0.000000
0.000000
0.000000
0.000000
0.000000
0.000000
0.000000
0.000000
0.000000
0.000000
0.000000
0.000000
0.000000
0.000000
0.007843
0.054902
0.117647
0.192157
0.239216
0.235294
0.203922
0.203922
0.227451
0.227451
0.223529
0.227451
0.231373
0.235294
0.231373
0.219608
0.215686
0.172549
0.086275
0.035294
0.003922
0.000000
0.000000
0.000000
0.000000
0.000000
0.007843
0.000000
0.062745
0.301961
0.537255
0.745098
0.858824
0.839216
0.772549
0.776471
0.823529
0.823529
0.815686
0.823529
0.835294
0.847059
0.839216
0.803922
0.807843
0.698039
0.431373
0.200000
0.019608
0.000000
0.003922
0.000000
0.000000
0.000000
0.015686
0.000000
0.145098
0.596078
0.854902
0.988235
1.000000
0.972549
0.968627
0.996078
0.984314
0.980392
0.980392
0.984314
0.988235
0.992157
0.992157
0.984314
0.992157
0.960784
0.772549
0.411765
0.043137
0.000000
0.011765
0.000000
0.000000
0.000000
0.019608
0.000000
0.215686
0.811765
0.996078
1.000000
0.964706
0.929412
0.964706
1.000000
0.988235
0.988235
0.996078
0.996078
0.996078
1.000000
1.000000
1.000000
0.992157
1.000000
0.956863
0.580392
0.066667
0.000000
0.015686
0.000000
0.000000
0.000000
0.019608
0.000000
0.231373
0.839216
0.996078
0.996078
0.968627
0.952941
0.964706
0.984314
0.972549
0.976471
0.984314
0.992157
0.992157
0.992157
0.988235
0.988235
0.988235
1.000000
0.952941
0.631373
0.082353
0.000000
0.015686
0.000000
0.000000
0.000000
0.019608
0.000000
0.215686
0.800000
0.976471
1.000000
1.000000
1.000000
0.984314
0.972549
0.968627
0.980392
0.988235
0.996078
0.996078
0.992157
0.984314
0.980392
0.984314
0.984314
0.890196
0.619608
0.082353
0.000000
0.015686
0.000000
0.000000
0.000000
0.019608
0.000000
0.215686
0.800000
0.984314
0.996078
0.984314
0.996078
0.984314
0.964706
0.980392
0.984314
0.996078
0.996078
0.996078
0.992157
0.988235
0.984314
0.980392
0.972549
0.890196
0.631373
0.082353
0.000000
0.015686
0.000000
0.000000
0.000000
0.019608
0.000000
0.211765
0.792157
0.992157
0.988235
0.964706
0.980392
0.980392
0.972549
0.996078
0.996078
0.996078
0.996078
0.996078
0.996078
0.996078
0.996078
0.992157
0.996078
0.929412
0.662745
0.086275
0.000000
0.019608
0.000000
0.000000
0.000000
0.019608
0.000000
0.188235
0.741176
0.980392
1.000000
0.972549
0.980392
0.996078
0.996078
0.996078
0.992157
0.984314
0.980392
0.980392
0.988235
0.996078
0.996078
0.988235
0.996078
0.949020
0.678431
0.090196
0.000000
0.019608
0.000000
0.000000
0.000000
0.019608
0.000000
0.203922
0.772549
0.988235
1.000000
0.988235
0.988235
0.992157
0.996078
0.992157
0.988235
0.988235
0.984314
0.984314
0.988235
0.992157
0.996078
0.992157
1.000000
0.956863
0.662745
0.086275
0.000000
0.019608
0.000000
0.000000
0.000000
0.019608
0.000000
0.211765
0.792157
0.992157
1.000000
0.992157
0.992157
0.992157
0.996078
0.992157
0.988235
0.988235
0.988235
0.988235
0.988235
0.992157
0.992157
0.996078
0.996078
0.917647
0.627451
0.082353
0.000000
0.015686
0.000000
0.000000
0.000000
0.019608
0.000000
0.215686
0.807843
0.988235
0.996078
0.984314
0.992157
0.996078
0.996078
0.992157
0.988235
0.988235
0.988235
0.988235
0.988235
0.992157
0.988235
1.000000
0.988235
0.882353
0.600000
0.078431
0.000000
0.015686
0.000000
0.000000
0.000000
0.019608
0.000000
0.231373
0.843137
0.992157
0.992157
0.984314
0.996078
0.996078
0.992157
0.988235
0.988235
0.988235
0.988235
0.988235
0.988235
0.992157
0.992157
1.000000
0.992157
0.894118
0.603922
0.078431
0.000000
0.015686
0.000000
0.000000
0.000000
0.023529
0.000000
0.247059
0.874510
0.996078
0.988235
0.984314
0.996078
0.992157
0.984314
0.988235
0.988235
0.984314
0.984314
0.984314
0.988235
0.988235
0.988235
0.992157
1.000000
0.921569
0.623529
0.082353
0.000000
0.015686
0.000000
0.000000
0.000000
0.023529
0.000000
0.250980
0.882353
0.996078
0.984314
0.984314
0.996078
0.988235
0.980392
0.988235
0.984314
0.980392
0.980392
0.984314
0.984314
0.988235
0.988235
0.992157
1.000000
0.913725
0.623529
0.078431
0.000000
0.015686
0.000000
0.000000
0.000000
0.019608
0.000000
0.239216
0.850980
0.992157
0.984314
0.980392
0.996078
0.984314
0.980392
0.984314
0.984314
0.980392
0.980392
0.980392
0.984314
0.988235
0.988235
0.996078
0.980392
0.870588
0.592157
0.074510
0.000000
0.015686
0.000000
0.000000
0.000000
0.019608
0.000000
0.219608
0.811765
0.988235
0.996078
0.984314
0.988235
0.984314
0.980392
0.980392
0.984314
0.980392
0.980392
0.980392
0.984314
0.988235
0.988235
0.996078
0.976471
0.850980
0.576471
0.074510
0.000000
0.015686
0.000000
0.000000
0.000000
0.019608
0.000000
0.215686
0.807843
0.996078
1.000000
0.980392
0.976471
0.976471
0.976471
0.980392
0.976471
0.980392
0.980392
0.976471
0.980392
0.980392
0.980392
0.988235
0.984314
0.886275
0.607843
0.082353
0.000000
0.015686
0.000000
0.000000
0.000000
0.019608
0.000000
0.207843
0.788235
0.996078
1.000000
0.988235
0.972549
0.968627
0.976471
0.984314
0.980392
0.980392
0.980392
0.984314
0.984314
0.988235
0.988235
0.984314
1.000000
0.949020
0.627451
0.082353
0.000000
0.015686
0.000000
0.000000
0.000000
0.015686
0.000000
0.164706
0.666667
0.921569
1.000000
1.000000
0.972549
0.968627
0.996078
0.980392
0.984314
0.984314
0.984314
0.988235
0.988235
0.988235
0.988235
0.976471
1.000000
0.913725
0.513726
0.058824
0.000000
0.015686
0.000000
0.000000
0.000000
0.007843
0.000000
0.105882
0.466667
0.733333
0.909804
0.956863
0.945098
0.968627
1.000000
1.000000
1.000000
0.992157
0.984314
0.984314
0.980392
0.980392
0.968627
1.000000
0.894118
0.549020
0.286274
0.031373
0.000000
0.007843
0.000000
0.000000
0.000000
0.003922
0.000000
0.027451
0.117647
0.196078
0.266667
0.286274
0.286274
0.298039
0.309804
0.309804
0.309804
0.305882
0.301961
0.301961
0.298039
0.298039
0.294118
0.317647
0.254902
0.109804
0.054902
0.003922
0.000000
0.003922
0.000000
0.000000
0.000000
0.000000
0.000000
0.000000
0.000000
0.000000
0.000000
0.000000
0.000000
0.000000
0.000000
0.000000
0.000000
0.000000
0.000000
0.000000
0.000000
0.000000
0.000000
0.000000
0.000000
0.000000
0.000000
0.000000
0.000000
0.000000
0.000000
0.000000
0.000000
0.000000
0.000000
0.003922
0.011765
0.019608
0.023529
0.023529
0.023529
0.023529
0.027451
0.027451
0.027451
0.027451
0.027451
0.027451
0.023529
0.023529
0.023529
0.027451
0.023529
0.011765
0.007843
0.000000
0.000000
0.000000
0.000000
0.000000
0.000000
0.000000
0.000000
0.000000
0.000000
0.000000
0.000000
0.000000
0.000000
0.000000
0.000000
0.000000
0.000000
0.000000
0.000000
0.000000
0.000000
0.000000
0.000000
0.000000
0.000000
0.000000
0.000000
0.000000
0.000000
0.000000
0.000000
0.000000
