0.000000
0.000000
0.000000
0.000000
0.000000
0.000000
0.000000
0.000000
0.000000
0.000000
0.000000
0.000000
0.000000
0.000000
0.000000
0.000000
0.000000
0.000000
0.000000
0.000000
0.000000
0.000000
0.000000
0.000000
0.000000
0.000000
0.000000
0.000000
0.000000
0.000000
0.000000
0.000000
0.000000
0.007843
0.015686
0.019608
0.023529
0.023529
0.023529
0.019608
0.019608
0.023529
0.023529
0.023529
0.023529
0.023529
0.023529
0.023529
0.015686
0.011765
0.003922
0.000000
0.000000
0.000000
0.000000
0.000000
0.000000
0.000000
0.000000
0.000000
0.000000
0.000000
0.000000
0.000000
0.000000
0.000000
0.000000
0.000000
0.000000
0.000000
0.000000
0.000000
0.000000
0.000000
0.000000
0.000000
0.000000
0.000000
0.000000
0.000000
0.000000
0.000000
0.000000
0.000000
0.000000
0.000000
0.000000
0.000000
0.007843
0.066667
0.137255
0.215686
0.262745
0.266667
0.250980
0.235294
0.239216
0.247059
0.250980
0.262745
0.270588
0.274510
0.278431
0.239216
0.164706
0.090196
0.027451
0.000000
0.000000
0.000000
0.000000
0.000000
0.000000
0.000000
0.011765
0.000000
0.039216
0.352941
0.615686
0.807843
0.898039
0.898039
0.858824
0.835294
0.839216
0.858824
0.886275
0.905882
0.905882
0.917647
0.933333
0.854902
0.682353
0.427451
0.125490
0.003922
0.000000
0.003922
0.000000
0.000000
0.000000
0.000000
0.019608
0.000000
0.090196
0.690196
0.949020
1.000000
0.984314
0.956863
0.949020
0.976471
0.949020
0.964706
1.000000
0.988235
0.956863
0.960784
0.984314
1.000000
0.972549
0.741176
0.274510
0.015686
0.000000
0.007843
0.000000
0.000000
0.000000
0.000000
0.027451
0.000000
0.141176
0.941176
1.000000
0.988235
0.968627
0.964706
0.980392
0.988235
0.980392
0.984314
0.996078
1.000000
0.992157
0.964706
0.968627
0.988235
1.000000
0.921569
0.537255
0.062745
0.000000
0.015686
0.000000
0.000000
0.000000
0.000000
0.027451
0.000000
0.152941
0.984314
1.000000
0.972549
0.956863
0.956863
0.976471
0.968627
0.980392
0.980392
0.980392
1.000000
0.992157
0.956863
0.956863
0.972549
0.996078
0.952941
0.658823
0.086275
0.000000
0.019608
0.000000
0.000000
0.000000
0.000000
0.027451
0.000000
0.149020
0.968627
1.000000
0.976471
0.960784
0.956863
0.972549
0.968627
0.980392
0.980392
0.984314
1.000000
0.992157
0.964706
0.964706
0.984314
1.000000
0.949020
0.690196
0.094118
0.000000
0.019608
0.000000
0.000000
0.000000
0.000000
0.027451
0.000000
0.149020
0.972549
1.000000
0.976471
0.968627
0.968627
0.984314
0.980392
0.984314
0.980392
0.984314
1.000000
0.996078
0.968627
0.968627
0.984314
1.000000
0.945098
0.670588
0.090196
0.000000
0.019608
0.000000
0.000000
0.000000
0.000000
0.027451
0.000000
0.149020
0.968627
1.000000
0.984314
0.980392
0.980392
0.996078
0.992157
0.988235
0.980392
0.984314
1.000000
0.996078
0.972549
0.972549
0.984314
1.000000
0.933333
0.611765
0.078431
0.000000
0.015686
0.000000
0.000000
0.000000
0.000000
0.027451
0.000000
0.149020
0.968627
1.000000
0.988235
0.984314
0.988235
0.996078
0.992157
0.988235
0.980392
0.984314
1.000000
0.996078
0.976471
0.980392
0.988235
1.000000
0.929412
0.611765
0.078431
0.000000
0.015686
0.000000
0.000000
0.000000
0.000000
0.027451
0.000000
0.149020
0.972549
1.000000
0.984314
0.980392
0.980392
0.992157
0.984314
0.988235
0.984314
0.984314
1.000000
0.996078
0.980392
0.988235
0.996078
0.996078
0.933333
0.662745
0.086275
0.000000
0.019608
0.000000
0.000000
0.000000
0.000000
0.027451
0.000000
0.149020
0.968627
1.000000
0.980392
0.980392
0.980392
0.988235
0.980392
0.988235
0.984314
0.980392
0.996078
0.992157
0.980392
0.992157
0.996078
1.000000
0.933333
0.678431
0.090196
0.000000
0.019608
0.000000
0.000000
0.000000
0.000000
0.027451
0.000000
0.149020
0.960784
1.000000
0.980392
0.980392
0.992157
0.996078
0.984314
0.988235
0.984314
0.980392
0.992157
0.992157
0.988235
0.992157
0.992157
1.000000
0.921569
0.600000
0.078431
0.000000
0.019608
0.000000
0.000000
0.000000
0.000000
0.027451
0.000000
0.145098
0.952941
1.000000
0.980392
0.984314
0.988235
0.988235
0.988235
0.988235
0.984314
0.976471
0.988235
0.988235
0.984314
0.992157
0.992157
1.000000
0.913725
0.556863
0.066667
0.000000
0.015686
0.000000
0.000000
0.000000
0.000000
0.027451
0.000000
0.141176
0.945098
1.000000
0.984314
0.988235
0.972549
0.956863
0.992157
0.996078
0.980392
0.968627
0.972549
0.976471
0.972549
0.988235
0.996078
1.000000
0.925490
0.627451
0.078431
0.000000
0.015686
0.000000
0.000000
0.000000
0.000000
0.027451
0.000000
0.149020
0.968627
1.000000
0.988235
0.996078
0.984314
0.964706
0.988235
0.988235
0.972549
0.972549
0.980392
0.980392
0.968627
0.984314
0.992157
1.000000
0.933333
0.635294
0.082353
0.000000
0.015686
0.000000
0.000000
0.000000
0.000000
0.027451
0.000000
0.145098
0.949020
0.980392
0.945098
0.980392
1.000000
0.976471
0.980392
0.976471
0.968627
0.976471
0.992157
0.984314
0.964706
0.976471
0.988235
1.000000
0.941176
0.662745
0.086275
0.000000
0.019608
0.000000
0.000000
0.000000
0.000000
0.027451
0.000000
0.149020
0.960784
0.984314
0.925490
0.960784
1.000000
0.984314
0.976471
0.980392
0.980392
0.988235
1.000000
0.996078
0.968627
0.976471
0.988235
1.000000
0.968627
0.713725
0.098039
0.000000
0.019608
0.000000
0.000000
0.000000
0.000000
0.027451
0.000000
0.156863
1.000000
1.000000
0.941176
0.960784
0.988235
0.972549
0.968627
0.980392
0.980392
0.980392
0.992157
0.988235
0.956863
0.968627
0.980392
0.996078
0.972549
0.733333
0.101961
0.000000
0.019608
0.000000
0.000000
0.000000
0.000000
0.027451
0.000000
0.149020
0.988235
1.000000
0.976471
0.984314
0.988235
0.976471
0.972549
0.988235
0.980392
0.980392
0.992157
0.984314
0.960784
0.968627
0.988235
1.000000
0.945098
0.658823
0.086275
0.000000
0.019608
0.000000
0.000000
0.000000
0.000000
0.023529
0.000000
0.117647
0.827451
1.000000
0.996078
0.988235
0.996078
0.996078
1.000000
1.000000
0.980392
0.980392
0.996078
0.996078
0.992157
0.992157
0.992157
1.000000
0.882353
0.478431
0.050980
0.000000
0.011765
0.000000
0.000000
0.000000
0.000000
0.015686
0.000000
0.070588
0.552941
0.819608
0.862745
0.870588
0.894118
0.886275
0.913725
0.894118
0.858824
0.850980
0.882353
0.909804
0.925490
0.929412
0.890196
0.854902
0.686275
0.258824
0.015686
0.000000
0.003922
0.000000
0.000000
0.000000
0.000000
0.003922
0.000000
0.015686
0.133333
0.223529
0.243137
0.247059
0.254902
0.250980
0.262745
0.254902
0.243137
0.239216
0.250980
0.266667
0.270588
0.274510
0.258824
0.239216
0.180392
0.050980
0.000000
0.000000
0.000000
0.000000
0.000000
0.000000
0.000000
0.000000
0.000000
0.000000
0.000000
0.000000
0.000000
0.000000
0.000000
0.000000
0.000000
0.000000
0.000000
0.000000
0.000000
0.000000
0.000000
0.000000
0.000000
0.000000
0.000000
0.000000
0.000000
0.000000
0.000000
0.000000
0.000000
0.000000
0.000000
0.000000
0.000000
0.000000
0.011765
0.019608
0.023529
0.023529
0.023529
0.023529
0.023529
0.023529
0.023529
0.023529
0.023529
0.023529
0.023529
0.023529
0.023529
0.023529
0.015686
0.007843
0.000000
0.000000
0.000000
0.000000
0.000000
0.000000
0.000000
0.000000
0.000000
0.000000
0.000000
0.000000
0.000000
0.000000
0.000000
0.000000
0.000000
0.000000
0.000000
0.000000
0.000000
0.000000
0.000000
0.000000
0.000000
0.000000
0.000000
0.000000
0.000000
0.000000
0.000000
0.000000
0.000000
