0.000000
0.000000
0.000000
0.000000
0.000000
0.000000
0.000000
0.000000
0.000000
0.000000
0.000000
0.000000
0.000000
0.000000
0.000000
0.000000
0.000000
0.000000
0.000000
0.000000
0.000000
0.000000
0.000000
0.000000
0.000000
0.000000
0.000000
0.000000
0.000000
0.000000
0.000000
0.000000
0.007843
0.015686
0.023529
0.023529
0.027451
0.027451
0.027451
0.023529
0.023529
0.023529
0.023529
0.023529
0.023529
0.023529
0.023529
0.023529
0.023529
0.011765
0.003922
0.000000
0.000000
0.000000
0.000000
0.000000
0.000000
0.000000
0.000000
0.000000
0.000000
0.000000
0.000000
0.000000
0.000000
0.000000
0.000000
0.000000
0.000000
0.000000
0.000000
0.000000
0.000000
0.000000
0.000000
0.000000
0.000000
0.000000
0.000000
0.000000
0.000000
0.000000
0.000000
0.000000
0.000000
0.003922
0.000000
0.011765
0.074510
0.168627
0.250980
0.290196
0.309804
0.321569
0.317647
0.278431
0.274510
0.282353
0.278431
0.278431
0.274510
0.282353
0.278431
0.294118
0.239216
0.113725
0.043137
0.003922
0.000000
0.000000
0.000000
0.000000
0.000000
0.007843
0.000000
0.066667
0.349020
0.670588
0.878431
0.972549
1.000000
1.000000
0.992157
0.929412
0.929412
0.941176
0.933333
0.929412
0.929412
0.941176
0.937255
0.968627
0.854902
0.533333
0.243137
0.019608
0.000000
0.003922
0.000000
0.000000
0.000000
0.015686
0.000000
0.133333
0.596078
0.917647
1.000000
0.992157
0.996078
0.968627
0.925490
0.976471
0.992157
0.996078
0.992157
0.984314
0.988235
0.996078
0.996078
0.992157
0.996078
0.866667
0.478431
0.050980
0.000000
0.011765
0.000000
0.000000
0.000000
0.019608
0.000000
0.180392
0.729412
1.000000
1.000000
0.945098
0.960784
0.996078
0.984314
0.980392
0.992157
1.000000
0.992157
0.988235
0.988235
1.000000
1.000000
0.988235
1.000000
0.949020
0.611765
0.074510
0.000000
0.015686
0.000000
0.000000
0.000000
0.015686
0.000000
0.180392
0.725490
1.000000
0.992157
0.960784
0.972549
0.988235
0.992157
0.976471
0.980392
0.988235
0.988235
0.988235
0.984314
0.988235
0.988235
0.988235
0.992157
0.941176
0.690196
0.094118
0.000000
0.019608
0.000000
0.000000
0.000000
0.015686
0.000000
0.168627
0.709804
0.996078
0.996078
0.984314
0.992157
0.988235
0.988235
0.976471
0.980392
0.988235
0.992157
0.992157
0.988235
0.988235
0.988235
0.996078
0.992157
0.929412
0.705882
0.098039
0.000000
0.019608
0.000000
0.000000
0.000000
0.015686
0.000000
0.172549
0.717647
1.000000
1.000000
0.980392
0.988235
0.996078
0.996078
0.976471
0.980392
0.988235
0.992157
0.992157
0.988235
0.988235
0.988235
0.996078
0.992157
0.921569
0.686275
0.094118
0.000000
0.019608
0.000000
0.000000
0.000000
0.015686
0.000000
0.172549
0.713725
0.996078
1.000000
0.980392
0.988235
0.992157
0.996078
0.980392
0.984314
0.992157
0.992157
0.992157
0.984314
0.984314
0.984314
0.996078
0.988235
0.913725
0.674510
0.094118
0.000000
0.019608
0.000000
0.000000
0.000000
0.015686
0.000000
0.168627
0.705882
1.000000
1.000000
0.980392
0.980392
0.984314
0.988235
0.984314
0.988235
0.992157
0.992157
0.988235
0.984314
0.984314
0.984314
0.996078
0.984314
0.901961
0.658823
0.090196
0.000000
0.019608
0.000000
0.000000
0.000000
0.015686
0.000000
0.168627
0.701961
1.000000
1.000000
0.984314
0.984314
0.976471
0.984314
0.988235
0.992157
0.992157
0.992157
0.988235
0.980392
0.980392
0.984314
0.996078
0.988235
0.901961
0.647059
0.086275
0.000000
0.019608
0.000000
0.000000
0.000000
0.015686
0.000000
0.168627
0.698039
1.000000
1.000000
0.992157
0.988235
0.984314
0.992157
0.992157
0.996078
0.996078
0.988235
0.984314
0.976471
0.976471
0.980392
0.996078
0.988235
0.901961
0.643137
0.086275
0.000000
0.019608
0.000000
0.000000
0.000000
0.015686
0.000000
0.160784
0.686275
1.000000
1.000000
0.992157
0.984314
0.988235
0.996078
0.992157
0.996078
0.996078
0.988235
0.980392
0.976471
0.976471
0.980392
0.996078
0.988235
0.905882
0.643137
0.086275
0.000000
0.019608
0.000000
0.000000
0.000000
0.015686
0.000000
0.149020
0.654902
0.972549
0.996078
0.972549
0.968627
0.984314
0.996078
0.992157
0.992157
0.992157
0.988235
0.980392
0.976471
0.976471
0.980392
0.992157
0.996078
0.913725
0.643137
0.086275
0.000000
0.019608
0.000000
0.000000
0.000000
0.015686
0.000000
0.141176
0.631373
0.949020
0.972549
0.952941
0.956863
0.976471
0.996078
0.996078
0.992157
0.992157
0.988235
0.980392
0.976471
0.976471
0.980392
0.992157
0.992157
0.913725
0.647059
0.086275
0.000000
0.019608
0.000000
0.000000
0.000000
0.015686
0.000000
0.141176
0.647059
0.996078
0.968627
0.972549
0.972549
0.949020
0.968627
0.984314
0.992157
1.000000
0.988235
0.968627
0.968627
0.988235
0.996078
0.980392
0.952941
0.894118
0.686275
0.098039
0.000000
0.019608
0.000000
0.000000
0.000000
0.015686
0.000000
0.141176
0.643137
0.996078
0.968627
0.980392
1.000000
0.992157
0.988235
0.968627
0.972549
0.980392
0.984314
0.988235
0.988235
0.992157
0.992157
0.988235
0.980392
0.925490
0.698039
0.098039
0.000000
0.019608
0.000000
0.000000
0.000000
0.015686
0.000000
0.160784
0.690196
0.988235
0.960784
0.964706
0.984314
0.976471
0.980392
0.980392
0.960784
0.952941
0.976471
1.000000
0.996078
0.976471
0.964706
0.984314
1.000000
0.929412
0.666667
0.090196
0.000000
0.019608
0.000000
0.000000
0.000000
0.019608
0.000000
0.188235
0.752941
1.000000
0.972549
0.968627
0.976471
0.956863
0.976471
1.000000
0.980392
0.960784
0.972549
0.992157
0.988235
0.964706
0.956863
0.984314
1.000000
0.925490
0.639216
0.082353
0.000000
0.019608
0.000000
0.000000
0.000000
0.019608
0.000000
0.180392
0.725490
0.992157
1.000000
0.996078
0.984314
0.988235
1.000000
0.992157
0.988235
0.984314
0.976471
0.980392
0.980392
0.980392
0.984314
0.992157
1.000000
0.929412
0.615686
0.078431
0.000000
0.015686
0.000000
0.000000
0.000000
0.015686
0.000000
0.133333
0.592157
0.898039
0.984314
0.984314
0.952941
0.960784
0.976471
0.929412
0.956863
0.992157
0.980392
0.960784
0.968627
0.992157
0.996078
0.972549
0.937255
0.815686
0.513726
0.062745
0.000000
0.015686
0.000000
0.000000
0.000000
0.007843
0.000000
0.066667
0.360784
0.678431
0.882353
0.972549
0.988235
0.992157
0.992157
0.949020
1.000000
1.000000
1.000000
1.000000
1.000000
1.000000
1.000000
0.980392
0.800000
0.478431
0.274510
0.031373
0.000000
0.007843
0.000000
0.000000
0.000000
0.003922
0.000000
0.011765
0.078431
0.176471
0.254902
0.298039
0.309804
0.309804
0.309804
0.298039
0.317647
0.341176
0.333333
0.321569
0.317647
0.325490
0.309804
0.301961
0.223529
0.098039
0.050980
0.003922
0.000000
0.003922
0.000000
0.000000
0.000000
0.000000
0.000000
0.000000
0.000000
0.000000
0.000000
0.000000
0.000000
0.000000
0.000000
0.000000
0.000000
0.000000
0.000000
0.000000
0.000000
0.000000
0.000000
0.000000
0.000000
0.000000
0.000000
0.000000
0.000000
0.000000
0.000000
0.000000
0.000000
0.000000
0.000000
0.000000
0.007843
0.015686
0.023529
0.023529
0.027451
0.027451
0.027451
0.023529
0.027451
0.027451
0.027451
0.027451
0.027451
0.027451
0.027451
0.027451
0.019608
0.011765
0.007843
0.000000
0.000000
0.000000
0.000000
0.000000
0.000000
0.000000
0.000000
0.000000
0.000000
0.000000
0.000000
0.000000
0.000000
0.000000
0.000000
0.000000
0.000000
0.000000
0.000000
0.000000
0.000000
0.000000
0.000000
0.000000
0.000000
0.000000
0.000000
0.000000
0.000000
0.000000
0.000000
0.000000
