0.000000
0.000000
0.000000
0.000000
0.000000
0.000000
0.000000
0.000000
0.000000
0.000000
0.000000
0.000000
0.000000
0.000000
0.000000
0.000000
0.000000
0.000000
0.000000
0.000000
0.000000
0.000000
0.000000
0.000000
0.000000
0.000000
0.000000
0.000000
0.000000
0.000000
0.000000
0.000000
0.000000
0.007843
0.015686
0.019608
0.019608
0.019608
0.015686
0.015686
0.019608
0.019608
0.019608
0.023529
0.023529
0.023529
0.019608
0.019608
0.015686
0.007843
0.003922
0.000000
0.000000
0.000000
0.000000
0.000000
0.000000
0.000000
0.000000
0.000000
0.000000
0.000000
0.000000
0.000000
0.000000
0.000000
0.000000
0.000000
0.000000
0.000000
0.000000
0.000000
0.000000
0.000000
0.000000
0.000000
0.000000
0.000000
0.000000
0.000000
0.000000
0.000000
0.000000
0.000000
0.000000
0.000000
0.000000
0.000000
0.003922
0.054902
0.145098
0.207843
0.239216
0.223529
0.180392
0.188235
0.196078
0.207843
0.223529
0.247059
0.258824
0.258824
0.239216
0.235294
0.172549
0.058824
0.015686
0.000000
0.000000
0.000000
0.000000
0.000000
0.000000
0.000000
0.011765
0.000000
0.039216
0.337255
0.600000
0.749020
0.827451
0.788235
0.682353
0.705882
0.721569
0.749020
0.792157
0.843137
0.874510
0.874510
0.827451
0.831373
0.666667
0.329412
0.137255
0.011765
0.000000
0.003922
0.000000
0.000000
0.000000
0.000000
0.019608
0.000000
0.094118
0.686275
0.878431
0.882353
0.898039
0.905882
0.878431
0.898039
0.901961
0.905882
0.913725
0.921569
0.929412
0.933333
0.929412
0.956863
0.894118
0.658823
0.352941
0.039216
0.000000
0.007843
0.000000
0.000000
0.000000
0.000000
0.023529
0.000000
0.129412
0.874510
0.996078
0.925490
0.886275
0.925490
0.956863
0.968627
0.972549
0.968627
0.956863
0.937255
0.925490
0.929412
0.960784
0.980392
0.996078
0.933333
0.549020
0.062745
0.000000
0.015686
0.000000
0.000000
0.000000
0.000000
0.023529
0.000000
0.125490
0.874510
1.000000
0.905882
0.850980
0.913725
0.952941
0.941176
0.949020
0.960784
0.956863
0.941176
0.925490
0.925490
0.952941
0.964706
1.000000
0.992157
0.611765
0.074510
0.000000
0.015686
0.000000
0.000000
0.000000
0.000000
0.023529
0.000000
0.117647
0.819608
0.992157
0.917647
0.890196
0.952941
0.972549
0.941176
0.952941
0.972549
0.980392
0.976471
0.972549
0.968627
0.972549
0.980392
0.992157
0.905882
0.576471
0.070588
0.000000
0.015686
0.000000
0.000000
0.000000
0.000000
0.023529
0.000000
0.117647
0.811765
0.992157
0.937255
0.937255
0.992157
1.000000
0.980392
0.984314
0.988235
0.996078
0.996078
1.000000
1.000000
0.996078
0.996078
0.984314
0.866667
0.560784
0.070588
0.000000
0.015686
0.000000
0.000000
0.000000
0.000000
0.023529
0.000000
0.121569
0.843137
0.996078
0.929412
0.917647
0.972549
0.992157
0.996078
0.988235
0.976471
0.972549
0.976471
0.984314
0.996078
0.988235
0.980392
0.984314
0.909804
0.588235
0.074510
0.000000
0.015686
0.000000
0.000000
0.000000
0.000000
0.023529
0.000000
0.129412
0.882353
1.000000
0.929412
0.905882
0.964706
1.000000
0.996078
0.992157
0.984314
0.976471
0.976471
0.984314
0.992157
0.992157
0.984314
1.000000
0.933333
0.615686
0.078431
0.000000
0.015686
0.000000
0.000000
0.000000
0.000000
0.023529
0.000000
0.125490
0.854902
1.000000
0.921569
0.894118
0.968627
1.000000
0.992157
0.988235
0.992157
0.988235
0.988235
0.988235
0.988235
0.988235
0.988235
0.988235
0.905882
0.615686
0.082353
0.000000
0.015686
0.000000
0.000000
0.000000
0.000000
0.023529
0.000000
0.121569
0.831373
1.000000
0.933333
0.917647
0.972549
0.980392
0.980392
0.984314
0.988235
0.992157
0.992157
0.984314
0.984314
0.988235
1.000000
0.980392
0.874510
0.596078
0.078431
0.000000
0.015686
0.000000
0.000000
0.000000
0.000000
0.023529
0.000000
0.125490
0.854902
1.000000
0.929412
0.921569
0.984314
0.976471
0.984314
0.984314
0.988235
0.992157
0.992157
0.984314
0.988235
0.988235
1.000000
0.988235
0.886275
0.600000
0.078431
0.000000
0.015686
0.000000
0.000000
0.000000
0.000000
0.023529
0.000000
0.129412
0.878431
1.000000
0.901961
0.894118
0.992157
1.000000
0.984314
0.984314
0.992157
0.992157
0.992157
0.988235
0.988235
0.988235
0.988235
0.996078
0.917647
0.619608
0.078431
0.000000
0.015686
0.000000
0.000000
0.000000
0.000000
0.023529
0.000000
0.125490
0.850980
1.000000
0.894118
0.890196
0.984314
0.996078
0.972549
0.976471
0.984314
0.984314
0.984314
0.980392
0.980392
0.980392
0.984314
0.996078
0.917647
0.611765
0.078431
0.000000
0.015686
0.000000
0.000000
0.000000
0.000000
0.023529
0.000000
0.117647
0.819608
1.000000
0.917647
0.909804
0.972549
0.972549
0.972549
0.980392
0.988235
0.988235
0.988235
0.984314
0.984314
0.984314
0.992157
0.992157
0.894118
0.592157
0.074510
0.000000
0.015686
0.000000
0.000000
0.000000
0.000000
0.023529
0.000000
0.117647
0.827451
1.000000
0.937255
0.929412
0.984314
0.972549
0.988235
0.996078
0.996078
0.996078
0.996078
0.996078
0.996078
0.992157
1.000000
0.988235
0.878431
0.592157
0.078431
0.000000
0.015686
0.000000
0.000000
0.000000
0.000000
0.023529
0.000000
0.125490
0.862745
1.000000
0.925490
0.917647
0.992157
0.992157
0.988235
0.992157
0.992157
0.992157
0.996078
0.992157
0.992157
0.992157
0.996078
0.988235
0.898039
0.615686
0.082353
0.000000
0.015686
0.000000
0.000000
0.000000
0.000000
0.023529
0.000000
0.129412
0.878431
0.996078
0.901961
0.894118
0.984314
0.996078
0.968627
0.972549
0.984314
0.980392
0.980392
0.976471
0.972549
0.976471
0.980392
0.992157
0.921569
0.631373
0.082353
0.000000
0.015686
0.000000
0.000000
0.000000
0.000000
0.023529
0.000000
0.129412
0.878431
1.000000
0.913725
0.905882
0.988235
0.992157
0.972549
0.972549
0.980392
0.980392
0.980392
0.972549
0.972549
0.972549
0.976471
1.000000
0.945098
0.643137
0.082353
0.000000
0.015686
0.000000
0.000000
0.000000
0.000000
0.023529
0.000000
0.125490
0.854902
1.000000
0.949020
0.952941
0.996078
0.988235
0.984314
0.992157
0.992157
0.992157
0.992157
0.992157
0.992157
0.992157
0.988235
1.000000
0.925490
0.619608
0.078431
0.000000
0.015686
0.000000
0.000000
0.000000
0.000000
0.019608
0.000000
0.094118
0.674510
0.941176
1.000000
1.000000
1.000000
1.000000
0.992157
1.000000
1.000000
1.000000
1.000000
1.000000
1.000000
1.000000
1.000000
0.949020
0.705882
0.360784
0.039216
0.000000
0.007843
0.000000
0.000000
0.000000
0.000000
0.003922
0.000000
0.023529
0.176471
0.278431
0.329412
0.329412
0.317647
0.309804
0.305882
0.313725
0.317647
0.309804
0.309804
0.317647
0.329412
0.325490
0.321569
0.282353
0.180392
0.070588
0.003922
0.000000
0.003922
0.000000
0.000000
0.000000
0.000000
0.000000
0.000000
0.000000
0.000000
0.000000
0.000000
0.000000
0.000000
0.000000
0.000000
0.000000
0.000000
0.000000
0.000000
0.000000
0.000000
0.000000
0.000000
0.000000
0.000000
0.000000
0.000000
0.000000
0.000000
0.000000
0.000000
0.000000
0.000000
0.000000
0.000000
0.003922
0.015686
0.023529
0.027451
0.027451
0.027451
0.027451
0.027451
0.027451
0.027451
0.027451
0.027451
0.027451
0.027451
0.027451
0.027451
0.023529
0.015686
0.007843
0.000000
0.000000
0.000000
0.000000
0.000000
0.000000
0.000000
0.000000
0.000000
0.000000
0.000000
0.000000
0.000000
0.000000
0.000000
0.000000
0.000000
0.000000
0.000000
0.000000
0.000000
0.000000
0.000000
0.000000
0.000000
0.000000
0.000000
0.000000
0.000000
0.000000
0.000000
0.000000
0.000000
