0.000000
0.000000
0.000000
0.000000
0.000000
0.000000
0.000000
0.000000
0.000000
0.000000
0.000000
0.000000
0.000000
0.000000
0.000000
0.000000
0.000000
0.000000
0.000000
0.000000
0.000000
0.000000
0.000000
0.000000
0.000000
0.000000
0.000000
0.000000
0.000000
0.000000
0.000000
0.000000
0.000000
0.011765
0.015686
0.019608
0.019608
0.019608
0.019608
0.023529
0.019608
0.019608
0.019608
0.019608
0.019608
0.019608
0.019608
0.019608
0.015686
0.011765
0.003922
0.000000
0.000000
0.000000
0.000000
0.000000
0.000000
0.000000
0.000000
0.000000
0.000000
0.000000
0.000000
0.000000
0.000000
0.000000
0.000000
0.000000
0.000000
0.000000
0.000000
0.000000
0.000000
0.000000
0.000000
0.000000
0.000000
0.000000
0.000000
0.000000
0.000000
0.000000
0.000000
0.000000
0.000000
0.000000
0.000000
0.000000
0.007843
0.094118
0.188235
0.219608
0.215686
0.207843
0.215686
0.239216
0.231373
0.207843
0.207843
0.219608
0.203922
0.192157
0.192157
0.192157
0.164706
0.109804
0.039216
0.003922
0.000000
0.000000
0.000000
0.000000
0.000000
0.000000
0.011765
0.000000
0.050980
0.423529
0.698039
0.788235
0.776471
0.764706
0.792157
0.854902
0.835294
0.768627
0.764706
0.807843
0.780392
0.737255
0.741176
0.745098
0.662745
0.474510
0.219608
0.019608
0.000000
0.003922
0.000000
0.000000
0.000000
0.000000
0.019608
0.000000
0.094118
0.674510
0.898039
0.933333
0.921569
0.929412
0.960784
1.000000
0.988235
0.945098
0.937255
0.972549
0.996078
0.956863
0.968627
0.972549
0.909804
0.745098
0.447059
0.050980
0.000000
0.011765
0.000000
0.000000
0.000000
0.000000
0.023529
0.000000
0.121569
0.827451
0.996078
0.980392
0.949020
0.964706
0.992157
1.000000
0.996078
0.988235
0.992157
1.000000
1.000000
0.988235
1.000000
0.992157
0.960784
0.905882
0.666667
0.090196
0.000000
0.019608
0.000000
0.000000
0.000000
0.000000
0.023529
0.000000
0.125490
0.850980
1.000000
0.929412
0.886275
0.933333
0.956863
0.933333
0.929412
0.956863
0.960784
0.941176
0.941176
0.933333
0.964706
0.937255
0.925490
0.945098
0.760784
0.105882
0.000000
0.019608
0.000000
0.000000
0.000000
0.000000
0.023529
0.000000
0.113725
0.803922
0.996078
0.905882
0.866667
0.945098
0.972549
0.933333
0.933333
0.972549
0.956863
0.929412
0.960784
0.933333
0.972549
0.952941
0.941176
0.949020
0.737255
0.101961
0.000000
0.019608
0.000000
0.000000
0.000000
0.000000
0.023529
0.000000
0.109804
0.800000
1.000000
0.921569
0.894118
0.980392
1.000000
0.976471
0.984314
1.000000
0.984314
0.972549
1.000000
0.980392
0.988235
0.984314
0.988235
0.952941
0.698039
0.094118
0.000000
0.019608
0.000000
0.000000
0.000000
0.000000
0.023529
0.000000
0.121569
0.847059
1.000000
0.917647
0.901961
0.980392
1.000000
0.980392
0.992157
0.992157
0.992157
0.996078
0.988235
0.996078
0.964706
0.976471
1.000000
0.945098
0.698039
0.094118
0.000000
0.019608
0.000000
0.000000
0.000000
0.000000
0.023529
0.000000
0.121569
0.835294
1.000000
0.921569
0.901961
0.980392
1.000000
0.980392
0.992157
0.992157
0.988235
0.996078
0.996078
1.000000
0.964706
0.972549
1.000000
0.933333
0.694118
0.094118
0.000000
0.019608
0.000000
0.000000
0.000000
0.000000
0.023529
0.000000
0.117647
0.831373
1.000000
0.921569
0.901961
0.980392
1.000000
0.980392
0.992157
0.992157
0.988235
0.996078
0.996078
1.000000
0.964706
0.972549
0.988235
0.921569
0.686275
0.094118
0.000000
0.019608
0.000000
0.000000
0.000000
0.000000
0.023529
0.000000
0.113725
0.811765
1.000000
0.921569
0.898039
0.980392
1.000000
0.980392
0.992157
0.992157
0.992157
0.996078
0.996078
1.000000
0.968627
0.976471
0.992157
0.921569
0.682353
0.094118
0.000000
0.019608
0.000000
0.000000
0.000000
0.000000
0.023529
0.000000
0.109804
0.788235
1.000000
0.921569
0.898039
0.980392
1.000000
0.980392
0.992157
0.992157
0.992157
0.996078
0.988235
0.996078
0.968627
0.980392
0.996078
0.925490
0.682353
0.094118
0.000000
0.019608
0.000000
0.000000
0.000000
0.000000
0.023529
0.000000
0.109804
0.800000
1.000000
0.925490
0.898039
0.980392
1.000000
0.980392
0.992157
0.992157
0.992157
0.992157
0.976471
0.992157
0.972549
0.980392
0.996078
0.929412
0.682353
0.094118
0.000000
0.019608
0.000000
0.000000
0.000000
0.000000
0.023529
0.000000
0.121569
0.839216
1.000000
0.921569
0.901961
0.980392
1.000000
0.980392
0.992157
0.992157
0.992157
0.992157
0.968627
0.992157
0.976471
0.980392
0.996078
0.929412
0.678431
0.090196
0.000000
0.019608
0.000000
0.000000
0.000000
0.000000
0.023529
0.000000
0.121569
0.850980
1.000000
0.917647
0.901961
0.980392
1.000000
0.980392
0.992157
0.992157
0.992157
0.992157
0.976471
0.992157
0.976471
0.984314
0.992157
0.921569
0.670588
0.090196
0.000000
0.019608
0.000000
0.000000
0.000000
0.000000
0.023529
0.000000
0.117647
0.815686
1.000000
0.913725
0.894118
0.980392
0.996078
0.976471
0.988235
0.988235
0.984314
0.988235
0.980392
0.992157
0.968627
0.980392
0.984314
0.901961
0.670588
0.090196
0.000000
0.019608
0.000000
0.000000
0.000000
0.000000
0.023529
0.000000
0.109804
0.784314
1.000000
0.952941
0.913725
0.976471
1.000000
1.000000
1.000000
1.000000
1.000000
1.000000
1.000000
1.000000
0.992157
0.988235
1.000000
0.925490
0.647059
0.086275
0.000000
0.015686
0.000000
0.000000
0.000000
0.000000
0.023529
0.000000
0.117647
0.811765
0.976471
0.929412
0.882353
0.909804
0.964706
0.968627
0.960784
0.941176
0.945098
0.964706
0.960784
0.960784
0.925490
0.925490
0.980392
0.925490
0.615686
0.082353
0.000000
0.015686
0.000000
0.000000
0.000000
0.000000
0.023529
0.000000
0.133333
0.866667
0.952941
0.886275
0.862745
0.878431
0.913725
0.921569
0.898039
0.878431
0.882353
0.905882
0.921569
0.890196
0.847059
0.878431
0.956863
0.905882
0.603922
0.078431
0.000000
0.015686
0.000000
0.000000
0.000000
0.000000
0.023529
0.000000
0.121569
0.835294
1.000000
0.976471
0.956863
0.960784
0.968627
0.968627
0.956863
0.949020
0.956863
0.968627
0.976471
0.952941
0.937255
0.968627
1.000000
0.901961
0.549020
0.066667
0.000000
0.015686
0.000000
0.000000
0.000000
0.000000
0.019608
0.000000
0.086275
0.635294
0.894118
0.929412
0.921569
0.921569
0.905882
0.901961
0.909804
0.921569
0.937255
0.929412
0.901961
0.925490
0.945098
0.960784
0.925490
0.741176
0.403922
0.043137
0.000000
0.007843
0.000000
0.000000
0.000000
0.000000
0.003922
0.000000
0.019608
0.164706
0.254902
0.274510
0.270588
0.270588
0.266667
0.262745
0.270588
0.274510
0.282353
0.274510
0.262745
0.278431
0.286274
0.290196
0.270588
0.200000
0.101961
0.007843
0.000000
0.003922
0.000000
0.000000
0.000000
0.000000
0.000000
0.000000
0.000000
0.000000
0.000000
0.000000
0.000000
0.000000
0.000000
0.000000
0.000000
0.000000
0.000000
0.000000
0.000000
0.000000
0.000000
0.000000
0.000000
0.000000
0.000000
0.000000
0.000000
0.000000
0.000000
0.000000
0.000000
0.000000
0.000000
0.000000
0.003922
0.015686
0.023529
0.023529
0.023529
0.023529
0.023529
0.023529
0.023529
0.023529
0.023529
0.023529
0.023529
0.023529
0.023529
0.023529
0.023529
0.019608
0.011765
0.000000
0.000000
0.000000
0.000000
0.000000
0.000000
0.000000
0.000000
0.000000
0.000000
0.000000
0.000000
0.000000
0.000000
0.000000
0.000000
0.000000
0.000000
0.000000
0.000000
0.000000
0.000000
0.000000
0.000000
0.000000
0.000000
0.000000
0.000000
0.000000
0.000000
0.000000
0.000000
0.000000
