0.000000
0.000000
0.000000
0.000000
0.000000
0.000000
0.000000
0.000000
0.000000
0.000000
0.000000
0.000000
0.000000
0.000000
0.000000
0.000000
0.000000
0.000000
0.000000
0.000000
0.000000
0.000000
0.000000
0.000000
0.000000
0.000000
0.000000
0.000000
0.000000
0.000000
0.000000
0.000000
0.000000
0.011811
0.015748
0.015748
0.015748
0.015748
0.015748
0.015748
0.015748
0.015748
0.015748
0.015748
0.015748
0.015748
0.015748
0.015748
0.015748
0.007874
0.000000
0.000000
0.000000
0.000000
0.000000
0.000000
0.000000
0.000000
0.000000
0.000000
0.000000
0.000000
0.000000
0.000000
0.000000
0.000000
0.000000
0.000000
0.000000
0.000000
0.000000
0.000000
0.000000
0.000000
0.000000
0.000000
0.000000
0.000000
0.000000
0.000000
0.000000
0.000000
0.000000
0.000000
0.000000
0.000000
0.003937
0.000000
0.015748
0.106299
0.157480
0.185039
0.181102
0.165354
0.161417
0.157480
0.157480
0.161417
0.169291
0.173228
0.173228
0.169291
0.177165
0.185039
0.165354
0.094488
0.000000
0.000000
0.003937
0.000000
0.000000
0.000000
0.000000
0.000000
0.015748
0.000000
0.066929
0.480315
0.645669
0.716535
0.720472
0.688976
0.661417
0.637795
0.637795
0.661417
0.685039
0.692913
0.688976
0.669291
0.665354
0.673228
0.629921
0.385827
0.003937
0.000000
0.007874
0.000000
0.000000
0.000000
0.000000
0.000000
0.019685
0.000000
0.106299
0.732283
0.893701
0.905512
0.933071
0.944882
0.901575
0.874016
0.870079
0.889764
0.913386
0.913386
0.893701
0.870079
0.826772
0.818898
0.826772
0.559055
0.007874
0.000000
0.011811
0.000000
0.000000
0.000000
0.000000
0.000000
0.019685
0.000000
0.114173
0.771654
0.897638
0.846457
0.858268
0.885827
0.850394
0.826772
0.822835
0.838583
0.850394
0.846457
0.826772
0.803150
0.854331
0.889764
0.929134
0.688976
0.007874
0.000000
0.011811
0.000000
0.000000
0.000000
0.000000
0.000000
0.023622
0.000000
0.114173
0.783465
0.901575
0.842520
0.826772
0.846457
0.834646
0.826772
0.830709
0.842520
0.846457
0.846457
0.834646
0.826772
0.803150
0.822835
0.948819
0.744094
0.007874
0.000000
0.011811
0.000000
0.000000
0.000000
0.000000
0.000000
0.023622
0.000000
0.125984
0.842520
0.901575
0.846457
0.862205
0.881890
0.862205
0.846457
0.842520
0.850394
0.866142
0.870079
0.870079
0.874016
0.811024
0.791339
0.913386
0.732283
0.007874
0.000000
0.011811
0.000000
0.000000
0.000000
0.000000
0.000000
0.023622
0.000000
0.141732
0.885827
0.885827
0.830709
0.874016
0.885827
0.854331
0.830709
0.818898
0.822835
0.838583
0.846457
0.842520
0.838583
0.850394
0.826772
0.897638
0.720472
0.007874
0.000000
0.011811
0.000000
0.000000
0.000000
0.000000
0.000000
0.023622
0.000000
0.137795
0.870079
0.889764
0.846457
0.866142
0.862205
0.846457
0.838583
0.834646
0.834646
0.842520
0.842520
0.830709
0.818898
0.850394
0.842520
0.909449
0.724409
0.007874
0.000000
0.011811
0.000000
0.000000
0.000000
0.000000
0.000000
0.023622
0.000000
0.129921
0.838583
0.862205
0.826772
0.854331
0.866142
0.866142
0.870079
0.874016
0.881890
0.881890
0.874016
0.862205
0.846457
0.862205
0.842520
0.901575
0.712598
0.007874
0.000000
0.011811
0.000000
0.000000
0.000000
0.000000
0.000000
0.023622
0.000000
0.122047
0.791339
0.822835
0.795276
0.822835
0.842520
0.862205
0.885827
0.905512
0.917323
0.913386
0.901575
0.889764
0.874016
0.877953
0.854331
0.909449
0.716535
0.007874
0.000000
0.011811
0.000000
0.000000
0.000000
0.000000
0.000000
0.019685
0.000000
0.118110
0.771654
0.807087
0.791339
0.795276
0.791339
0.830709
0.862205
0.889764
0.897638
0.889764
0.877953
0.870079
0.854331
0.897638
0.885827
0.929134
0.724409
0.007874
0.000000
0.011811
0.000000
0.000000
0.000000
0.000000
0.000000
0.019685
0.000000
0.118110
0.787402
0.822835
0.818898
0.803150
0.779528
0.818898
0.850394
0.874016
0.874016
0.858268
0.842520
0.838583
0.826772
0.885827
0.877953
0.917323
0.716535
0.007874
0.000000
0.011811
0.000000
0.000000
0.000000
0.000000
0.000000
0.023622
0.000000
0.122047
0.807087
0.838583
0.826772
0.830709
0.822835
0.854331
0.885827
0.893701
0.881890
0.862205
0.846457
0.842520
0.842520
0.858268
0.834646
0.885827
0.692913
0.007874
0.000000
0.011811
0.000000
0.000000
0.000000
0.000000
0.000000
0.023622
0.000000
0.122047
0.799213
0.818898
0.787402
0.826772
0.854331
0.877953
0.905512
0.905512
0.889764
0.866142
0.858268
0.862205
0.874016
0.862205
0.826772
0.885827
0.688976
0.007874
0.000000
0.011811
0.000000
0.000000
0.000000
0.000000
0.000000
0.019685
0.000000
0.118110
0.767717
0.779528
0.736220
0.795276
0.842520
0.862205
0.885827
0.881890
0.862205
0.842520
0.834646
0.850394
0.874016
0.901575
0.877953
0.921260
0.716535
0.007874
0.000000
0.011811
0.000000
0.000000
0.000000
0.000000
0.000000
0.023622
0.000000
0.122047
0.779528
0.811024
0.732283
0.759843
0.822835
0.854331
0.870079
0.854331
0.838583
0.854331
0.881890
0.889764
0.877953
0.866142
0.858268
0.960630
0.759843
0.007874
0.000000
0.011811
0.000000
0.000000
0.000000
0.000000
0.000000
0.023622
0.000000
0.122047
0.803150
0.866142
0.799213
0.779528
0.811024
0.858268
0.874016
0.862205
0.854331
0.877953
0.905512
0.897638
0.870079
0.838583
0.834646
0.933071
0.732283
0.007874
0.000000
0.011811
0.000000
0.000000
0.000000
0.000000
0.000000
0.023622
0.000000
0.122047
0.814961
0.881890
0.838583
0.807087
0.799213
0.846457
0.874016
0.881890
0.881890
0.877953
0.874016
0.858268
0.838583
0.818898
0.822835
0.925197
0.720472
0.007874
0.000000
0.011811
0.000000
0.000000
0.000000
0.000000
0.000000
0.023622
0.000000
0.122047
0.803150
0.862205
0.818898
0.803150
0.803150
0.830709
0.866142
0.889764
0.893701
0.877953
0.858268
0.838583
0.826772
0.803150
0.830709
0.988189
0.791339
0.011811
0.000000
0.015748
0.000000
0.000000
0.000000
0.000000
0.000000
0.019685
0.000000
0.110236
0.740157
0.814961
0.811024
0.830709
0.830709
0.842520
0.866142
0.897638
0.905512
0.885827
0.862205
0.850394
0.854331
0.858268
0.881890
1.000000
0.787402
0.011811
0.000000
0.015748
0.000000
0.000000
0.000000
0.000000
0.000000
0.015748
0.000000
0.094488
0.633858
0.755906
0.842520
0.885827
0.866142
0.866142
0.870079
0.885827
0.889764
0.877953
0.870079
0.881890
0.897638
0.952756
0.901575
0.862205
0.637795
0.007874
0.000000
0.011811
0.000000
0.000000
0.000000
0.000000
0.000000
0.003937
0.000000
0.027559
0.181102
0.224409
0.263780
0.279528
0.271654
0.267717
0.267717
0.271654
0.267717
0.267717
0.267717
0.275591
0.279528
0.307087
0.275591
0.240157
0.169291
0.003937
0.000000
0.003937
0.000000
0.000000
0.000000
0.000000
0.000000
0.000000
0.000000
0.000000
0.000000
0.000000
0.000000
0.000000
0.000000
0.000000
0.000000
0.000000
0.000000
0.000000
0.000000
0.000000
0.000000
0.000000
0.000000
0.000000
0.000000
0.000000
0.000000
0.000000
0.000000
0.000000
0.000000
0.000000
0.000000
0.000000
0.000000
0.003937
0.015748
0.019685
0.023622
0.023622
0.023622
0.023622
0.023622
0.023622
0.023622
0.023622
0.023622
0.023622
0.023622
0.023622
0.023622
0.023622
0.015748
0.000000
0.000000
0.000000
0.000000
0.000000
0.000000
0.000000
0.000000
0.000000
0.000000
0.000000
0.000000
0.000000
0.000000
0.000000
0.000000
0.000000
0.000000
0.000000
0.000000
0.000000
0.000000
0.000000
0.000000
0.000000
0.000000
0.000000
0.000000
0.000000
0.000000
0.000000
0.000000
0.000000
0.000000
