0.000000
0.000000
0.000000
0.000000
0.000000
0.000000
0.000000
0.000000
0.000000
0.000000
0.000000
0.000000
0.000000
0.000000
0.000000
0.000000
0.000000
0.000000
0.000000
0.000000
0.000000
0.000000
0.000000
0.000000
0.000000
0.000000
0.000000
0.000000
0.000000
0.000000
0.000000
0.000000
0.000000
0.011765
0.023529
0.027451
0.027451
0.027451
0.027451
0.027451
0.027451
0.027451
0.027451
0.027451
0.027451
0.027451
0.027451
0.027451
0.027451
0.027451
0.019608
0.003922
0.000000
0.000000
0.000000
0.000000
0.000000
0.000000
0.000000
0.000000
0.000000
0.000000
0.000000
0.000000
0.000000
0.000000
0.000000
0.000000
0.000000
0.000000
0.000000
0.000000
0.000000
0.000000
0.000000
0.000000
0.000000
0.000000
0.000000
0.000000
0.000000
0.000000
0.000000
0.000000
0.000000
0.000000
0.003922
0.000000
0.011765
0.133333
0.278431
0.345098
0.352941
0.349020
0.345098
0.349020
0.349020
0.349020
0.349020
0.337255
0.333333
0.349020
0.349020
0.337255
0.352941
0.341176
0.203922
0.023529
0.000000
0.007843
0.000000
0.000000
0.000000
0.000000
0.015686
0.000000
0.070588
0.576471
0.925490
1.000000
1.000000
1.000000
1.000000
1.000000
1.000000
1.000000
1.000000
1.000000
1.000000
1.000000
1.000000
1.000000
1.000000
1.000000
0.768627
0.101961
0.000000
0.023529
0.000000
0.000000
0.000000
0.000000
0.023529
0.000000
0.125490
0.847059
0.968627
0.980392
0.964706
0.952941
0.984314
0.984314
0.984314
0.984314
0.984314
0.984314
0.984314
0.984314
0.984314
0.984314
0.968627
0.996078
0.968627
0.149020
0.000000
0.027451
0.000000
0.000000
0.000000
0.000000
0.023529
0.000000
0.129412
0.854902
0.976471
0.988235
0.976471
0.964706
0.988235
0.984314
0.984314
0.984314
0.984314
0.984314
0.984314
0.984314
0.984314
0.984314
0.976471
0.996078
0.996078
0.152941
0.000000
0.027451
0.000000
0.000000
0.000000
0.000000
0.023529
0.000000
0.121569
0.831373
0.976471
0.996078
0.988235
0.976471
0.992157
0.988235
0.988235
0.988235
0.988235
0.988235
0.988235
0.988235
0.988235
0.988235
0.980392
1.000000
0.980392
0.149020
0.000000
0.027451
0.000000
0.000000
0.000000
0.000000
0.023529
0.000000
0.117647
0.823529
0.972549
0.996078
0.988235
0.976471
0.992157
0.992157
0.992157
0.988235
0.988235
0.988235
0.992157
0.992157
0.992157
0.992157
0.976471
1.000000
0.964706
0.149020
0.000000
0.027451
0.000000
0.000000
0.000000
0.000000
0.023529
0.000000
0.117647
0.811765
0.960784
0.992157
0.984314
0.972549
0.988235
0.992157
0.992157
0.992157
0.992157
0.992157
0.992157
0.992157
0.992157
0.992157
0.976471
1.000000
0.960784
0.149020
0.000000
0.027451
0.000000
0.000000
0.000000
0.000000
0.023529
0.000000
0.117647
0.815686
0.964706
0.992157
0.984314
0.972549
0.988235
0.992157
0.992157
0.992157
0.992157
0.992157
0.992157
0.992157
0.992157
0.992157
0.980392
1.000000
0.972549
0.149020
0.000000
0.027451
0.000000
0.000000
0.000000
0.000000
0.023529
0.000000
0.121569
0.831373
0.976471
0.996078
0.988235
0.976471
0.992157
0.996078
0.996078
0.992157
0.992157
0.992157
0.996078
0.996078
0.996078
0.996078
0.984314
1.000000
0.972549
0.149020
0.000000
0.027451
0.000000
0.000000
0.000000
0.000000
0.023529
0.000000
0.125490
0.839216
0.976471
0.992157
0.988235
0.972549
0.996078
0.992157
0.992157
0.992157
0.992157
0.992157
0.996078
0.996078
0.996078
0.996078
0.984314
1.000000
0.960784
0.145098
0.000000
0.027451
0.000000
0.000000
0.000000
0.000000
0.023529
0.000000
0.129412
0.854902
0.972549
0.988235
0.976471
0.960784
0.988235
0.992157
0.996078
0.996078
0.992157
0.992157
0.996078
0.996078
0.992157
0.992157
0.980392
1.000000
0.964706
0.149020
0.000000
0.027451
0.000000
0.000000
0.000000
0.000000
0.023529
0.000000
0.117647
0.807843
0.964706
0.976471
0.956863
0.956863
0.992157
0.992157
0.996078
0.996078
0.992157
0.996078
0.996078
0.996078
0.992157
0.992157
0.984314
1.000000
0.960784
0.149020
0.000000
0.027451
0.000000
0.000000
0.000000
0.000000
0.019608
0.000000
0.101961
0.745098
0.964706
0.980392
0.960784
0.964706
1.000000
0.992157
0.984314
0.984314
0.988235
0.996078
0.992157
0.988235
0.984314
0.984314
0.980392
1.000000
0.949020
0.145098
0.000000
0.027451
0.000000
0.000000
0.000000
0.000000
0.019608
0.000000
0.105882
0.760784
0.968627
1.000000
0.988235
0.972549
0.972549
0.984314
0.980392
0.972549
0.980392
0.992157
0.988235
0.972549
0.968627
0.976471
0.964706
0.996078
0.949020
0.145098
0.000000
0.027451
0.000000
0.000000
0.000000
0.000000
0.023529
0.000000
0.113725
0.784314
0.945098
0.988235
0.980392
0.929412
0.937255
0.992157
0.996078
0.988235
0.992157
0.996078
0.996078
0.988235
0.984314
0.988235
0.980392
1.000000
0.988235
0.152941
0.000000
0.027451
0.000000
0.000000
0.000000
0.000000
0.023529
0.000000
0.121569
0.827451
0.945098
0.984314
0.988235
0.968627
0.980392
0.992157
0.988235
0.980392
0.988235
0.992157
0.992157
0.976471
0.972549
0.976471
0.972549
1.000000
0.996078
0.152941
0.000000
0.027451
0.000000
0.000000
0.000000
0.000000
0.023529
0.000000
0.125490
0.835294
0.949020
0.968627
0.952941
0.952941
1.000000
0.992157
0.984314
0.976471
0.984314
0.992157
0.988235
0.972549
0.964706
0.976471
0.956863
0.984314
0.968627
0.149020
0.000000
0.027451
0.000000
0.000000
0.000000
0.000000
0.023529
0.000000
0.113725
0.792157
0.976471
0.968627
0.929412
0.929412
0.984314
0.984314
0.976471
0.968627
0.980392
0.992157
0.988235
0.972549
0.964706
0.972549
0.964706
0.984314
0.960784
0.149020
0.000000
0.027451
0.000000
0.000000
0.000000
0.000000
0.019608
0.000000
0.090196
0.678431
0.980392
1.000000
0.996078
0.992157
1.000000
1.000000
0.992157
0.988235
1.000000
1.000000
1.000000
0.992157
0.992157
0.992157
0.996078
1.000000
0.917647
0.137255
0.000000
0.027451
0.000000
0.000000
0.000000
0.000000
0.011765
0.000000
0.050980
0.458824
0.839216
0.980392
0.992157
0.992157
0.988235
0.996078
0.992157
0.988235
0.996078
0.996078
0.996078
0.996078
0.992157
0.996078
0.988235
0.929412
0.705882
0.098039
0.000000
0.019608
0.000000
0.000000
0.000000
0.000000
0.003922
0.000000
0.007843
0.145098
0.509804
0.662745
0.698039
0.721569
0.705882
0.721569
0.717647
0.709804
0.725490
0.737255
0.737255
0.733333
0.725490
0.733333
0.752941
0.678431
0.415686
0.050980
0.000000
0.011765
0.000000
0.000000
0.000000
0.000000
0.000000
0.000000
0.000000
0.003922
0.109804
0.152941
0.164706
0.176471
0.172549
0.176471
0.172549
0.172549
0.176471
0.184314
0.184314
0.180392
0.180392
0.180392
0.192157
0.172549
0.090196
0.007843
0.000000
0.000000
0.000000
0.000000
0.000000
0.000000
0.000000
0.000000
0.000000
0.000000
0.000000
0.000000
0.000000
0.000000
0.000000
0.000000
0.000000
0.000000
0.000000
0.000000
0.000000
0.000000
0.000000
0.000000
0.000000
0.000000
0.000000
0.000000
0.000000
0.000000
0.000000
0.000000
0.000000
0.000000
0.000000
0.000000
0.000000
0.003922
0.011765
0.015686
0.015686
0.015686
0.015686
0.015686
0.015686
0.015686
0.015686
0.019608
0.019608
0.019608
0.015686
0.019608
0.019608
0.015686
0.007843
0.000000
0.000000
0.000000
0.000000
0.000000
0.000000
0.000000
0.000000
0.000000
0.000000
0.000000
0.000000
0.000000
0.000000
0.000000
0.000000
0.000000
0.000000
0.000000
0.000000
0.000000
0.000000
0.000000
0.000000
0.000000
0.000000
0.000000
0.000000
0.000000
0.000000
0.000000
0.000000
0.000000
