0.000000
0.000000
0.000000
0.000000
0.000000
0.000000
0.000000
0.000000
0.000000
0.000000
0.000000
0.000000
0.000000
0.000000
0.000000
0.000000
0.000000
0.000000
0.000000
0.000000
0.000000
0.000000
0.000000
0.000000
0.000000
0.000000
0.000000
0.000000
0.000000
0.000000
0.000000
0.000000
0.003922
0.015686
0.019608
0.023529
0.023529
0.023529
0.023529
0.023529
0.023529
0.023529
0.023529
0.023529
0.023529
0.023529
0.023529
0.023529
0.015686
0.011765
0.000000
0.000000
0.000000
0.000000
0.000000
0.000000
0.000000
0.000000
0.000000
0.000000
0.000000
0.000000
0.000000
0.000000
0.000000
0.000000
0.000000
0.000000
0.000000
0.000000
0.000000
0.000000
0.000000
0.000000
0.000000
0.000000
0.000000
0.000000
0.000000
0.000000
0.000000
0.000000
0.000000
0.000000
0.000000
0.000000
0.007843
0.000000
0.058824
0.250980
0.356863
0.435294
0.447059
0.435294
0.419608
0.411765
0.419608
0.423529
0.431373
0.431373
0.419608
0.439216
0.443137
0.376471
0.282353
0.172549
0.023529
0.000000
0.003922
0.000000
0.000000
0.000000
0.000000
0.000000
0.019608
0.000000
0.160784
0.658823
0.890196
1.000000
1.000000
1.000000
1.000000
1.000000
1.000000
1.000000
1.000000
1.000000
1.000000
1.000000
1.000000
0.968627
0.803922
0.549020
0.074510
0.000000
0.011765
0.000000
0.000000
0.000000
0.000000
0.000000
0.019608
0.000000
0.184314
0.745098
0.929412
0.984314
0.945098
0.937255
0.945098
0.945098
0.937255
0.929412
0.929412
0.929412
0.949020
0.925490
0.925490
0.980392
0.968627
0.764706
0.113725
0.000000
0.015686
0.000000
0.000000
0.000000
0.000000
0.000000
0.019608
0.000000
0.203922
0.796078
0.960784
0.996078
0.945098
0.929412
0.921569
0.909804
0.905882
0.921569
0.937255
0.941176
0.921569
0.949020
0.917647
0.894118
0.996078
0.847059
0.129412
0.000000
0.019608
0.000000
0.000000
0.000000
0.000000
0.000000
0.019608
0.000000
0.203922
0.788235
0.945098
0.980392
0.941176
0.941176
0.964706
0.976471
0.980392
0.976471
0.968627
0.964706
0.952941
0.968627
0.925490
0.901961
1.000000
0.870588
0.133333
0.000000
0.019608
0.000000
0.000000
0.000000
0.000000
0.000000
0.019608
0.000000
0.200000
0.772549
0.929412
0.976471
0.945098
0.956863
0.988235
0.996078
1.000000
0.996078
0.976471
0.968627
0.972549
0.984314
0.937255
0.917647
1.000000
0.858824
0.129412
0.000000
0.019608
0.000000
0.000000
0.000000
0.000000
0.000000
0.019608
0.000000
0.184314
0.745098
0.929412
0.992157
0.972549
0.976471
0.992157
0.996078
0.992157
0.980392
0.960784
0.964706
0.976471
0.992157
0.945098
0.921569
0.996078
0.815686
0.121569
0.000000
0.019608
0.000000
0.000000
0.000000
0.000000
0.000000
0.019608
0.000000
0.172549
0.717647
0.937255
0.996078
1.000000
0.980392
0.964706
0.968627
0.980392
0.980392
0.976471
0.972549
0.988235
0.984314
0.929412
0.921569
0.992157
0.784314
0.113725
0.000000
0.019608
0.000000
0.000000
0.000000
0.000000
0.000000
0.019608
0.000000
0.164706
0.701961
0.937255
0.996078
0.976471
0.933333
0.905882
0.917647
0.960784
0.992157
0.996078
0.988235
0.984314
0.952941
0.901961
0.925490
0.996078
0.788235
0.113725
0.000000
0.019608
0.000000
0.000000
0.000000
0.000000
0.000000
0.019608
0.000000
0.164706
0.698039
0.937255
0.992157
0.929412
0.866667
0.847059
0.870588
0.945098
0.996078
0.996078
0.980392
0.964706
0.925490
0.882353
0.929412
1.000000
0.803922
0.117647
0.000000
0.019608
0.000000
0.000000
0.000000
0.000000
0.000000
0.019608
0.000000
0.164706
0.698039
0.937255
0.976471
0.921569
0.858824
0.823529
0.847059
0.921569
0.988235
0.992157
0.976471
0.964706
0.937255
0.890196
0.929412
1.000000
0.788235
0.117647
0.000000
0.019608
0.000000
0.000000
0.000000
0.000000
0.000000
0.019608
0.000000
0.156863
0.690196
0.945098
0.976471
0.956863
0.901961
0.839216
0.839216
0.909804
0.968627
0.988235
0.980392
0.992157
0.968627
0.909804
0.941176
0.996078
0.760784
0.109804
0.000000
0.015686
0.000000
0.000000
0.000000
0.000000
0.000000
0.015686
0.000000
0.156863
0.670588
0.909804
0.984314
0.964706
0.921569
0.894118
0.890196
0.921569
0.956863
0.980392
0.984314
0.992157
0.996078
0.917647
0.886275
1.000000
0.788235
0.117647
0.000000
0.019608
0.000000
0.000000
0.000000
0.000000
0.000000
0.015686
0.000000
0.152941
0.631373
0.847059
0.909804
0.949020
0.941176
0.917647
0.921569
0.941176
0.960784
0.968627
0.976471
0.980392
1.000000
0.925490
0.866667
1.000000
0.792157
0.117647
0.000000
0.019608
0.000000
0.000000
0.000000
0.000000
0.000000
0.015686
0.000000
0.145098
0.623529
0.847059
0.905882
0.956863
0.956863
0.937255
0.949020
0.964706
0.972549
0.972549
0.968627
0.972549
0.996078
0.921569
0.870588
1.000000
0.807843
0.121569
0.000000
0.019608
0.000000
0.000000
0.000000
0.000000
0.000000
0.015686
0.000000
0.145098
0.643137
0.905882
0.976471
0.980392
0.972549
0.976471
0.984314
0.992157
0.992157
0.980392
0.980392
0.984314
1.000000
0.929412
0.886275
1.000000
0.854902
0.129412
0.000000
0.019608
0.000000
0.000000
0.000000
0.000000
0.000000
0.015686
0.000000
0.141176
0.639216
0.921569
1.000000
0.980392
0.964706
0.972549
0.980392
0.984314
0.980392
0.964706
0.964706
0.980392
0.988235
0.929412
0.905882
1.000000
0.878431
0.137255
0.000000
0.019608
0.000000
0.000000
0.000000
0.000000
0.000000
0.015686
0.000000
0.133333
0.615686
0.901961
0.992157
0.972549
0.952941
0.952941
0.952941
0.956863
0.945098
0.933333
0.933333
0.952941
0.945098
0.898039
0.917647
1.000000
0.870588
0.133333
0.000000
0.019608
0.000000
0.000000
0.000000
0.000000
0.000000
0.015686
0.000000
0.117647
0.572549
0.890196
1.000000
0.996078
0.992157
0.988235
0.984314
0.992157
0.988235
0.976471
0.976471
0.984314
0.980392
0.960784
0.976471
1.000000
0.843137
0.129412
0.000000
0.019608
0.000000
0.000000
0.000000
0.000000
0.000000
0.011765
0.000000
0.086275
0.447059
0.752941
0.890196
0.937255
0.937255
0.925490
0.933333
0.952941
0.960784
0.952941
0.949020
0.941176
0.960784
0.972549
0.949020
0.901961
0.686275
0.101961
0.000000
0.015686
0.000000
0.000000
0.000000
0.000000
0.000000
0.007843
0.000000
0.047059
0.270588
0.509804
0.607843
0.678431
0.682353
0.674510
0.705882
0.752941
0.780392
0.784314
0.768627
0.760784
0.752941
0.737255
0.713725
0.627451
0.396078
0.050980
0.000000
0.011765
0.000000
0.000000
0.000000
0.000000
0.000000
0.000000
0.000000
0.011765
0.074510
0.152941
0.180392
0.207843
0.211765
0.211765
0.227451
0.254902
0.270588
0.270588
0.266667
0.262745
0.247059
0.231373
0.227451
0.188235
0.098039
0.011765
0.000000
0.003922
0.000000
0.000000
0.000000
0.000000
0.000000
0.000000
0.000000
0.000000
0.000000
0.000000
0.000000
0.000000
0.000000
0.000000
0.000000
0.000000
0.000000
0.000000
0.000000
0.000000
0.000000
0.000000
0.000000
0.000000
0.000000
0.000000
0.000000
0.000000
0.000000
0.000000
0.000000
0.000000
0.000000
0.000000
0.000000
0.000000
0.003922
0.011765
0.011765
0.011765
0.011765
0.011765
0.015686
0.015686
0.015686
0.015686
0.015686
0.015686
0.015686
0.015686
0.015686
0.011765
0.007843
0.000000
0.000000
0.000000
0.000000
0.000000
0.000000
0.000000
0.000000
0.000000
0.000000
0.000000
0.000000
0.000000
0.000000
0.000000
0.000000
0.000000
0.000000
0.000000
0.000000
0.000000
0.000000
0.000000
0.000000
0.000000
0.000000
0.000000
0.000000
0.000000
0.000000
0.000000
0.000000
0.000000
0.000000
