0.000000
0.000000
0.000000
0.000000
0.000000
0.000000
0.000000
0.000000
0.000000
0.000000
0.000000
0.000000
0.000000
0.000000
0.000000
0.000000
0.000000
0.000000
0.000000
0.000000
0.000000
0.000000
0.000000
0.000000
0.000000
0.000000
0.000000
0.000000
0.000000
0.000000
0.000000
0.000000
0.000000
0.011765
0.019608
0.023529
0.027451
0.027451
0.023529
0.023529
0.027451
0.027451
0.023529
0.023529
0.023529
0.023529
0.027451
0.027451
0.027451
0.023529
0.015686
0.003922
0.000000
0.000000
0.000000
0.000000
0.000000
0.000000
0.000000
0.000000
0.000000
0.000000
0.000000
0.000000
0.000000
0.000000
0.000000
0.000000
0.000000
0.000000
0.000000
0.000000
0.000000
0.000000
0.000000
0.000000
0.000000
0.000000
0.000000
0.000000
0.000000
0.000000
0.000000
0.000000
0.000000
0.000000
0.003922
0.000000
0.011765
0.109804
0.207843
0.274510
0.309804
0.313725
0.282353
0.294118
0.301961
0.301961
0.298039
0.290196
0.290196
0.298039
0.301961
0.313725
0.309804
0.266667
0.168627
0.023529
0.000000
0.003922
0.000000
0.000000
0.000000
0.000000
0.015686
0.000000
0.058824
0.474510
0.788235
0.929412
0.996078
0.996078
0.952941
0.968627
0.984314
0.984314
0.976471
0.964706
0.964706
0.976471
0.980392
1.000000
1.000000
0.913725
0.658823
0.090196
0.000000
0.019608
0.000000
0.000000
0.000000
0.000000
0.019608
0.000000
0.090196
0.682353
0.984314
1.000000
0.960784
0.956863
1.000000
0.996078
0.988235
0.988235
0.992157
0.996078
0.996078
0.996078
0.988235
0.984314
0.992157
1.000000
0.866667
0.125490
0.000000
0.023529
0.000000
0.000000
0.000000
0.000000
0.019608
0.000000
0.090196
0.670588
0.992157
1.000000
0.960784
0.980392
0.996078
0.996078
0.992157
0.992157
0.992157
0.996078
0.996078
0.996078
0.996078
0.976471
0.976471
1.000000
0.913725
0.137255
0.000000
0.023529
0.000000
0.000000
0.000000
0.000000
0.019608
0.000000
0.082353
0.650980
0.980392
0.996078
0.964706
0.988235
0.988235
0.992157
0.992157
0.992157
0.992157
0.992157
0.992157
0.992157
0.996078
0.976471
0.968627
0.996078
0.905882
0.133333
0.000000
0.023529
0.000000
0.000000
0.000000
0.000000
0.019608
0.000000
0.082353
0.650980
0.984314
1.000000
0.976471
0.996078
0.992157
0.992157
0.992157
0.992157
0.992157
0.992157
0.992157
0.992157
0.996078
0.972549
0.972549
1.000000
0.901961
0.133333
0.000000
0.023529
0.000000
0.000000
0.000000
0.000000
0.019608
0.000000
0.082353
0.643137
0.980392
1.000000
0.980392
1.000000
0.992157
0.992157
0.992157
0.992157
0.992157
0.992157
0.992157
0.992157
0.996078
0.972549
0.972549
1.000000
0.894118
0.133333
0.000000
0.023529
0.000000
0.000000
0.000000
0.000000
0.019608
0.000000
0.082353
0.639216
0.980392
1.000000
0.980392
1.000000
0.996078
0.996078
0.996078
0.996078
0.996078
0.996078
0.996078
0.996078
1.000000
0.976471
0.972549
1.000000
0.890196
0.133333
0.000000
0.023529
0.000000
0.000000
0.000000
0.000000
0.015686
0.000000
0.078431
0.635294
0.980392
1.000000
0.980392
1.000000
0.996078
0.996078
0.996078
0.996078
0.996078
0.996078
0.996078
0.996078
1.000000
0.976471
0.976471
1.000000
0.886275
0.129412
0.000000
0.023529
0.000000
0.000000
0.000000
0.000000
0.015686
0.000000
0.078431
0.635294
0.980392
1.000000
0.976471
0.996078
0.996078
0.996078
0.996078
0.996078
0.996078
0.996078
0.996078
0.996078
1.000000
0.984314
0.980392
1.000000
0.882353
0.129412
0.000000
0.023529
0.000000
0.000000
0.000000
0.000000
0.015686
0.000000
0.078431
0.631373
0.976471
1.000000
0.968627
0.992157
0.996078
0.996078
0.996078
0.996078
0.996078
0.996078
0.996078
0.996078
0.996078
0.988235
0.984314
1.000000
0.882353
0.129412
0.000000
0.023529
0.000000
0.000000
0.000000
0.000000
0.015686
0.000000
0.078431
0.623529
0.976471
1.000000
0.960784
0.992157
0.996078
0.996078
0.996078
0.996078
0.996078
0.996078
0.996078
0.996078
0.996078
0.992157
0.996078
1.000000
0.874510
0.129412
0.000000
0.023529
0.000000
0.000000
0.000000
0.000000
0.015686
0.000000
0.078431
0.623529
0.976471
1.000000
0.968627
0.992157
1.000000
1.000000
0.996078
0.996078
0.996078
0.996078
0.996078
0.996078
0.996078
0.988235
0.992157
1.000000
0.890196
0.133333
0.000000
0.023529
0.000000
0.000000
0.000000
0.000000
0.019608
0.000000
0.082353
0.643137
0.976471
1.000000
0.976471
0.980392
1.000000
1.000000
1.000000
0.996078
0.992157
0.996078
1.000000
1.000000
1.000000
0.976471
0.968627
1.000000
0.917647
0.137255
0.000000
0.027451
0.000000
0.000000
0.000000
0.000000
0.019608
0.000000
0.090196
0.678431
0.984314
0.980392
0.929412
0.964706
1.000000
1.000000
0.996078
0.992157
0.992157
0.992157
0.992157
0.992157
0.992157
0.972549
0.964706
0.976471
0.847059
0.121569
0.000000
0.023529
0.000000
0.000000
0.000000
0.000000
0.019608
0.000000
0.090196
0.694118
0.988235
0.988235
0.956863
0.988235
1.000000
1.000000
1.000000
1.000000
1.000000
1.000000
1.000000
1.000000
1.000000
0.992157
0.992157
0.992157
0.831373
0.117647
0.000000
0.023529
0.000000
0.000000
0.000000
0.000000
0.019608
0.000000
0.086275
0.678431
0.984314
0.992157
0.976471
1.000000
0.984314
0.984314
0.984314
0.992157
0.996078
0.996078
0.992157
0.992157
0.996078
0.996078
1.000000
1.000000
0.870588
0.129412
0.000000
0.023529
0.000000
0.000000
0.000000
0.000000
0.019608
0.000000
0.086275
0.662745
0.984314
0.988235
0.937255
0.960784
0.980392
0.972549
0.976471
0.988235
0.996078
0.996078
0.992157
0.988235
0.992157
0.968627
0.960784
0.996078
0.905882
0.137255
0.000000
0.023529
0.000000
0.000000
0.000000
0.000000
0.019608
0.000000
0.082353
0.631373
0.984314
1.000000
0.941176
0.952941
1.000000
0.996078
0.996078
1.000000
1.000000
1.000000
1.000000
0.996078
1.000000
0.964706
0.952941
1.000000
0.886275
0.133333
0.000000
0.023529
0.000000
0.000000
0.000000
0.000000
0.015686
0.000000
0.058824
0.525490
0.909804
1.000000
0.996078
1.000000
0.996078
0.972549
0.964706
0.972549
0.984314
0.972549
0.952941
0.952941
0.968627
0.988235
1.000000
0.984314
0.772549
0.109804
0.000000
0.019608
0.000000
0.000000
0.000000
0.000000
0.007843
0.000000
0.031373
0.317647
0.643137
0.796078
0.843137
0.886275
0.905882
0.870588
0.854902
0.870588
0.890196
0.878431
0.858824
0.862745
0.898039
0.901961
0.839216
0.721569
0.525490
0.070588
0.000000
0.015686
0.000000
0.000000
0.000000
0.000000
0.003922
0.000000
0.003922
0.066667
0.156863
0.211765
0.231373
0.250980
0.262745
0.250980
0.247059
0.250980
0.258824
0.254902
0.250980
0.250980
0.266667
0.262745
0.231373
0.180392
0.125490
0.015686
0.000000
0.003922
0.000000
0.000000
0.000000
0.000000
0.000000
0.000000
0.000000
0.000000
0.000000
0.000000
0.000000
0.000000
0.000000
0.000000
0.000000
0.000000
0.000000
0.000000
0.000000
0.000000
0.000000
0.000000
0.000000
0.000000
0.000000
0.000000
0.000000
0.000000
0.000000
0.000000
0.000000
0.000000
0.000000
0.000000
0.000000
0.007843
0.015686
0.019608
0.019608
0.023529
0.023529
0.023529
0.023529
0.023529
0.023529
0.023529
0.023529
0.023529
0.023529
0.023529
0.019608
0.015686
0.011765
0.000000
0.000000
0.000000
0.000000
0.000000
0.000000
0.000000
0.000000
0.000000
0.000000
0.000000
0.000000
0.000000
0.000000
0.000000
0.000000
0.000000
0.000000
0.000000
0.000000
0.000000
0.000000
0.000000
0.000000
0.000000
0.000000
0.000000
0.000000
0.000000
0.000000
0.000000
0.000000
0.000000
