0.000000
0.000000
0.000000
0.000000
0.000000
0.000000
0.000000
0.000000
0.000000
0.000000
0.000000
0.000000
0.000000
0.000000
0.000000
0.000000
0.000000
0.000000
0.000000
0.000000
0.000000
0.000000
0.000000
0.000000
0.000000
0.000000
0.000000
0.000000
0.000000
0.000000
0.000000
0.000000
0.003922
0.015686
0.023529
0.027451
0.023529
0.023529
0.027451
0.023529
0.023529
0.027451
0.027451
0.023529
0.027451
0.023529
0.027451
0.027451
0.023529
0.019608
0.007843
0.000000
0.000000
0.000000
0.000000
0.000000
0.000000
0.000000
0.000000
0.000000
0.000000
0.000000
0.000000
0.000000
0.000000
0.000000
0.000000
0.000000
0.000000
0.000000
0.000000
0.000000
0.000000
0.000000
0.000000
0.000000
0.000000
0.000000
0.000000
0.000000
0.000000
0.000000
0.000000
0.000000
0.000000
0.000000
0.003922
0.000000
0.023529
0.188235
0.278431
0.301961
0.298039
0.290196
0.298039
0.298039
0.290196
0.298039
0.301961
0.298039
0.298039
0.301961
0.317647
0.325490
0.294118
0.215686
0.094118
0.007843
0.000000
0.003922
0.000000
0.000000
0.000000
0.000000
0.019608
0.000000
0.094118
0.686275
0.937255
0.992157
0.968627
0.964706
0.984314
0.980392
0.964706
0.984314
0.992157
0.976471
0.984314
0.972549
1.000000
1.000000
0.972549
0.776471
0.403922
0.043137
0.000000
0.007843
0.000000
0.000000
0.000000
0.000000
0.023529
0.000000
0.121569
0.827451
1.000000
0.980392
0.964706
0.984314
0.996078
0.996078
1.000000
1.000000
0.992157
0.992157
0.992157
0.956863
0.980392
0.992157
1.000000
0.941176
0.619608
0.078431
0.000000
0.015686
0.000000
0.000000
0.000000
0.000000
0.023529
0.000000
0.117647
0.827451
0.988235
0.933333
0.921569
0.972549
0.992157
0.992157
1.000000
1.000000
0.984314
0.984314
0.996078
0.964706
0.956863
0.972549
1.000000
0.996078
0.745098
0.101961
0.000000
0.019608
0.000000
0.000000
0.000000
0.000000
0.023529
0.000000
0.117647
0.815686
0.992157
0.909804
0.890196
0.968627
0.996078
0.980392
0.992157
0.996078
0.988235
0.984314
0.996078
0.988235
0.976471
0.964706
0.972549
0.972549
0.776471
0.109804
0.000000
0.019608
0.000000
0.000000
0.000000
0.000000
0.023529
0.000000
0.113725
0.807843
1.000000
0.917647
0.898039
0.988235
1.000000
0.988235
1.000000
1.000000
1.000000
0.996078
0.984314
0.996078
1.000000
0.976471
0.956863
0.945098
0.772549
0.109804
0.000000
0.019608
0.000000
0.000000
0.000000
0.000000
0.023529
0.000000
0.105882
0.784314
1.000000
0.913725
0.898039
0.996078
0.996078
0.976471
0.992157
0.992157
0.996078
0.992157
0.968627
0.992157
1.000000
0.980392
0.968627
0.949020
0.776471
0.109804
0.000000
0.019608
0.000000
0.000000
0.000000
0.000000
0.019608
0.000000
0.105882
0.772549
1.000000
0.901961
0.882353
0.992157
0.996078
0.960784
0.980392
0.980392
0.984314
0.988235
0.980392
0.992157
0.984314
0.976471
0.972549
0.956863
0.764706
0.109804
0.000000
0.019608
0.000000
0.000000
0.000000
0.000000
0.023529
0.000000
0.109804
0.784314
1.000000
0.929412
0.909804
0.988235
1.000000
0.988235
0.996078
0.992157
0.988235
0.988235
0.996078
1.000000
0.960784
0.968627
0.988235
0.925490
0.690196
0.094118
0.000000
0.019608
0.000000
0.000000
0.000000
0.000000
0.023529
0.000000
0.113725
0.811765
1.000000
0.925490
0.905882
0.984314
0.996078
0.988235
0.992157
0.992157
0.988235
0.988235
0.996078
1.000000
0.956863
0.968627
0.992157
0.921569
0.682353
0.094118
0.000000
0.019608
0.000000
0.000000
0.000000
0.000000
0.019608
0.000000
0.113725
0.796078
1.000000
0.917647
0.898039
0.980392
0.996078
0.980392
0.992157
0.992157
0.988235
0.988235
0.984314
0.996078
0.964706
0.972549
0.996078
0.929412
0.694118
0.094118
0.000000
0.019608
0.000000
0.000000
0.000000
0.000000
0.019608
0.000000
0.105882
0.756863
0.996078
0.917647
0.894118
0.976471
0.996078
0.980392
0.992157
0.992157
0.996078
0.996078
0.976471
0.996078
0.972549
0.976471
0.996078
0.929412
0.694118
0.094118
0.000000
0.019608
0.000000
0.000000
0.000000
0.000000
0.019608
0.000000
0.101961
0.749020
0.992157
0.921569
0.894118
0.976471
0.996078
0.980392
0.992157
0.996078
1.000000
0.996078
0.976471
0.996078
0.976471
0.980392
0.996078
0.929412
0.690196
0.094118
0.000000
0.019608
0.000000
0.000000
0.000000
0.000000
0.023529
0.000000
0.109804
0.780392
1.000000
0.921569
0.898039
0.980392
0.996078
0.980392
0.992157
1.000000
1.000000
0.996078
0.980392
0.996078
0.980392
0.984314
0.992157
0.921569
0.682353
0.094118
0.000000
0.019608
0.000000
0.000000
0.000000
0.000000
0.023529
0.000000
0.109804
0.788235
1.000000
0.921569
0.894118
0.976471
0.996078
0.972549
0.992157
0.996078
0.996078
0.996078
0.988235
0.996078
0.968627
0.976471
0.992157
0.913725
0.674510
0.090196
0.000000
0.019608
0.000000
0.000000
0.000000
0.000000
0.019608
0.000000
0.105882
0.764706
1.000000
0.921569
0.890196
0.968627
0.984314
0.964706
0.980392
0.984314
0.988235
0.988235
0.984314
0.992157
0.956863
0.960784
0.984314
0.913725
0.674510
0.090196
0.000000
0.019608
0.000000
0.000000
0.000000
0.000000
0.019608
0.000000
0.101961
0.745098
0.992157
0.913725
0.890196
0.980392
0.988235
0.952941
0.972549
0.980392
0.984314
0.988235
0.988235
0.992157
0.949020
0.952941
0.972549
0.905882
0.674510
0.090196
0.000000
0.019608
0.000000
0.000000
0.000000
0.000000
0.019608
0.000000
0.109804
0.788235
1.000000
0.925490
0.866667
0.913725
0.945098
0.949020
0.952941
0.941176
0.945098
0.952941
0.952941
0.956863
0.917647
0.933333
0.972549
0.925490
0.686275
0.094118
0.000000
0.019608
0.000000
0.000000
0.000000
0.000000
0.023529
0.000000
0.109804
0.776471
0.988235
0.960784
0.882353
0.862745
0.909804
0.964706
0.945098
0.905882
0.917647
0.937255
0.913725
0.925490
0.921569
0.945098
0.992157
0.937255
0.654902
0.086275
0.000000
0.019608
0.000000
0.000000
0.000000
0.000000
0.015686
0.000000
0.074510
0.568627
0.835294
0.921569
0.949020
0.960784
0.956863
0.952941
0.941176
0.933333
0.968627
0.980392
0.937255
0.964706
0.980392
0.992157
0.956863
0.800000
0.482353
0.058824
0.000000
0.011765
0.000000
0.000000
0.000000
0.000000
0.007843
0.000000
0.035294
0.313725
0.588235
0.756863
0.850980
0.862745
0.803922
0.776471
0.792157
0.815686
0.839216
0.858824
0.874510
0.882353
0.882353
0.870588
0.780392
0.549020
0.239216
0.019608
0.000000
0.003922
0.000000
0.000000
0.000000
0.000000
0.003922
0.000000
0.007843
0.062745
0.145098
0.207843
0.243137
0.243137
0.219608
0.211765
0.219608
0.231373
0.235294
0.243137
0.254902
0.254902
0.250980
0.247059
0.211765
0.133333
0.039216
0.000000
0.000000
0.000000
0.000000
0.000000
0.000000
0.000000
0.000000
0.000000
0.000000
0.000000
0.000000
0.000000
0.000000
0.000000
0.000000
0.000000
0.000000
0.000000
0.000000
0.000000
0.000000
0.000000
0.000000
0.000000
0.000000
0.000000
0.000000
0.000000
0.000000
0.000000
0.000000
0.000000
0.000000
0.000000
0.000000
0.000000
0.000000
0.007843
0.015686
0.019608
0.023529
0.023529
0.019608
0.019608
0.019608
0.019608
0.019608
0.023529
0.023529
0.023529
0.023529
0.023529
0.019608
0.011765
0.003922
0.000000
0.000000
0.000000
0.000000
0.000000
0.000000
0.000000
0.000000
0.000000
0.000000
0.000000
0.000000
0.000000
0.000000
0.000000
0.000000
0.000000
0.000000
0.000000
0.000000
0.000000
0.000000
0.000000
0.000000
0.000000
0.000000
0.000000
0.000000
0.000000
0.000000
0.000000
0.000000
0.000000
