0.000000
0.000000
0.000000
0.000000
0.000000
0.000000
0.000000
0.000000
0.000000
0.000000
0.000000
0.000000
0.000000
0.000000
0.000000
0.000000
0.000000
0.000000
0.000000
0.000000
0.000000
0.000000
0.000000
0.000000
0.000000
0.000000
0.000000
0.000000
0.000000
0.000000
0.000000
0.000000
0.011765
0.019608
0.027451
0.027451
0.027451
0.027451
0.027451
0.027451
0.027451
0.027451
0.027451
0.027451
0.027451
0.027451
0.027451
0.027451
0.027451
0.019608
0.007843
0.000000
0.000000
0.000000
0.000000
0.000000
0.000000
0.000000
0.000000
0.000000
0.000000
0.000000
0.000000
0.000000
0.000000
0.000000
0.000000
0.000000
0.000000
0.000000
0.000000
0.000000
0.000000
0.000000
0.000000
0.000000
0.000000
0.000000
0.000000
0.000000
0.000000
0.000000
0.000000
0.000000
0.000000
0.003922
0.000000
0.007843
0.074510
0.141176
0.188235
0.207843
0.211765
0.211765
0.215686
0.215686
0.215686
0.215686
0.219608
0.219608
0.215686
0.211765
0.211765
0.200000
0.184314
0.133333
0.054902
0.000000
0.000000
0.000000
0.000000
0.000000
0.000000
0.011765
0.000000
0.070588
0.454902
0.756863
0.929412
0.976471
0.980392
0.992157
0.996078
0.996078
1.000000
1.000000
1.000000
1.000000
1.000000
0.984314
0.976471
0.945098
0.909804
0.705882
0.317647
0.007843
0.000000
0.007843
0.000000
0.000000
0.000000
0.019608
0.000000
0.133333
0.733333
0.984314
0.992157
0.913725
0.882353
0.905882
0.909804
0.905882
0.909804
0.913725
0.921569
0.917647
0.909804
0.894118
0.886275
0.898039
0.972549
0.862745
0.450980
0.011765
0.000000
0.011765
0.000000
0.000000
0.000000
0.023529
0.000000
0.156863
0.815686
0.976471
0.913725
0.882353
0.917647
0.898039
0.894118
0.894118
0.894118
0.898039
0.905882
0.901961
0.894118
0.890196
0.882353
0.839216
0.949020
0.917647
0.498039
0.011765
0.000000
0.015686
0.000000
0.000000
0.000000
0.023529
0.000000
0.145098
0.756863
0.956863
0.945098
0.952941
1.000000
0.992157
0.988235
0.992157
0.992157
0.996078
0.992157
0.996078
0.992157
0.988235
0.956863
0.866667
0.972549
0.929412
0.490196
0.011765
0.000000
0.015686
0.000000
0.000000
0.000000
0.019608
0.000000
0.125490
0.709804
0.984314
1.000000
0.952941
0.952941
0.988235
0.988235
0.992157
1.000000
0.996078
0.976471
0.988235
1.000000
0.980392
0.917647
0.862745
0.976471
0.909804
0.462745
0.011765
0.000000
0.011765
0.000000
0.000000
0.000000
0.019608
0.000000
0.129412
0.725490
0.988235
1.000000
0.952941
0.964706
0.992157
0.992157
0.992157
1.000000
0.992157
0.976471
0.988235
1.000000
0.980392
0.921569
0.878431
0.988235
0.901961
0.450980
0.011765
0.000000
0.011765
0.000000
0.000000
0.000000
0.019608
0.000000
0.133333
0.733333
0.988235
0.996078
0.956863
0.968627
0.992157
0.988235
0.992157
0.996078
0.988235
0.976471
0.988235
1.000000
0.980392
0.921569
0.882353
0.988235
0.890196
0.443137
0.011765
0.000000
0.011765
0.000000
0.000000
0.000000
0.019608
0.000000
0.133333
0.737255
0.992157
0.996078
0.960784
0.972549
0.992157
0.988235
0.992157
0.996078
0.984314
0.976471
0.988235
1.000000
0.980392
0.921569
0.874510
0.976471
0.894118
0.447059
0.011765
0.000000
0.011765
0.000000
0.000000
0.000000
0.019608
0.000000
0.133333
0.741176
0.992157
1.000000
0.960784
0.972549
0.992157
0.988235
0.992157
0.996078
0.984314
0.972549
0.988235
1.000000
0.980392
0.921569
0.862745
0.972549
0.909804
0.474510
0.011765
0.000000
0.011765
0.000000
0.000000
0.000000
0.019608
0.000000
0.133333
0.741176
0.988235
1.000000
0.960784
0.972549
0.992157
0.984314
0.992157
0.996078
0.980392
0.968627
0.984314
1.000000
0.976471
0.921569
0.866667
0.976471
0.937255
0.513726
0.011765
0.000000
0.015686
0.000000
0.000000
0.000000
0.019608
0.000000
0.133333
0.733333
0.988235
0.996078
0.956863
0.968627
0.992157
0.988235
0.988235
0.992157
0.976471
0.964706
0.980392
1.000000
0.976471
0.921569
0.882353
0.976471
0.949020
0.541176
0.011765
0.000000
0.015686
0.000000
0.000000
0.000000
0.019608
0.000000
0.129412
0.729412
0.988235
1.000000
0.952941
0.964706
0.992157
0.988235
0.988235
0.992157
0.972549
0.960784
0.976471
0.996078
0.976471
0.925490
0.890196
0.980392
0.941176
0.529412
0.011765
0.000000
0.015686
0.000000
0.000000
0.000000
0.019608
0.000000
0.129412
0.721569
0.984314
1.000000
0.952941
0.964706
1.000000
0.988235
0.988235
0.992157
0.972549
0.960784
0.976471
0.996078
0.976471
0.925490
0.890196
0.984314
0.925490
0.505882
0.011765
0.000000
0.015686
0.000000
0.000000
0.000000
0.019608
0.000000
0.129412
0.721569
0.984314
1.000000
0.952941
0.956863
0.988235
0.984314
0.988235
0.988235
0.968627
0.960784
0.976471
0.996078
0.976471
0.925490
0.866667
0.976471
0.901961
0.454902
0.011765
0.000000
0.011765
0.000000
0.000000
0.000000
0.019608
0.000000
0.129412
0.725490
0.988235
1.000000
0.952941
0.956863
0.960784
0.980392
0.996078
0.980392
0.960784
0.960784
0.984314
0.988235
0.968627
0.925490
0.835294
0.968627
0.882353
0.403922
0.007843
0.000000
0.011765
0.000000
0.000000
0.000000
0.019608
0.000000
0.129412
0.709804
0.972549
0.980392
0.960784
0.988235
0.964706
0.988235
1.000000
0.992157
0.984314
0.988235
0.996078
0.988235
0.964706
0.925490
0.870588
0.988235
0.905882
0.450980
0.011765
0.000000
0.011765
0.000000
0.000000
0.000000
0.019608
0.000000
0.137255
0.737255
0.968627
0.956863
0.913725
0.937255
0.952941
0.980392
0.992157
0.996078
0.988235
0.992157
0.992157
0.984314
0.956863
0.909804
0.847059
0.976471
0.925490
0.482353
0.011765
0.000000
0.011765
0.000000
0.000000
0.000000
0.019608
0.000000
0.141176
0.772549
0.988235
0.964706
0.905882
0.901961
0.949020
0.968627
0.980392
0.984314
0.976471
0.976471
0.980392
0.976471
0.952941
0.917647
0.854902
0.972549
0.921569
0.474510
0.011765
0.000000
0.011765
0.000000
0.000000
0.000000
0.019608
0.000000
0.121569
0.701961
0.988235
1.000000
1.000000
0.992157
1.000000
1.000000
1.000000
1.000000
1.000000
1.000000
1.000000
1.000000
1.000000
1.000000
0.988235
1.000000
0.886275
0.439216
0.011765
0.000000
0.011765
0.000000
0.000000
0.000000
0.011765
0.000000
0.074510
0.470588
0.796078
0.945098
0.960784
0.960784
0.964706
0.960784
0.945098
0.929412
0.925490
0.933333
0.956863
0.976471
0.980392
0.980392
0.980392
0.933333
0.717647
0.329412
0.007843
0.000000
0.007843
0.000000
0.000000
0.000000
0.003922
0.000000
0.011765
0.078431
0.149020
0.188235
0.196078
0.196078
0.196078
0.196078
0.192157
0.188235
0.184314
0.188235
0.192157
0.200000
0.200000
0.200000
0.203922
0.188235
0.137255
0.058824
0.000000
0.000000
0.000000
0.000000
0.000000
0.000000
0.000000
0.000000
0.000000
0.000000
0.000000
0.000000
0.000000
0.000000
0.000000
0.000000
0.000000
0.000000
0.000000
0.000000
0.000000
0.000000
0.000000
0.000000
0.000000
0.000000
0.000000
0.000000
0.000000
0.000000
0.000000
0.000000
0.000000
0.000000
0.000000
0.000000
0.003922
0.011765
0.023529
0.027451
0.027451
0.027451
0.027451
0.027451
0.027451
0.027451
0.027451
0.027451
0.027451
0.027451
0.027451
0.027451
0.027451
0.027451
0.019608
0.007843
0.000000
0.000000
0.000000
0.000000
0.000000
0.000000
0.000000
0.000000
0.000000
0.000000
0.000000
0.000000
0.000000
0.000000
0.000000
0.000000
0.000000
0.000000
0.000000
0.000000
0.000000
0.000000
0.000000
0.000000
0.000000
0.000000
0.000000
0.000000
0.000000
0.000000
0.000000
0.000000
0.000000
