0.000000
0.000000
0.000000
0.000000
0.000000
0.000000
0.000000
0.000000
0.000000
0.000000
0.000000
0.000000
0.000000
0.000000
0.000000
0.000000
0.000000
0.000000
0.000000
0.000000
0.000000
0.000000
0.000000
0.000000
0.000000
0.000000
0.000000
0.000000
0.000000
0.000000
0.000000
0.000000
0.000000
0.015686
0.023529
0.027451
0.027451
0.027451
0.027451
0.027451
0.027451
0.027451
0.027451
0.027451
0.027451
0.027451
0.027451
0.027451
0.027451
0.019608
0.011765
0.000000
0.000000
0.000000
0.000000
0.000000
0.000000
0.000000
0.000000
0.000000
0.000000
0.000000
0.000000
0.000000
0.000000
0.000000
0.000000
0.000000
0.000000
0.000000
0.000000
0.000000
0.000000
0.000000
0.000000
0.000000
0.000000
0.000000
0.000000
0.000000
0.000000
0.000000
0.000000
0.000000
0.000000
0.000000
0.003922
0.000000
0.019608
0.160784
0.254902
0.313725
0.341176
0.352941
0.356863
0.352941
0.356863
0.356863
0.356863
0.356863
0.360784
0.360784
0.356863
0.364706
0.333333
0.235294
0.113725
0.011765
0.000000
0.003922
0.000000
0.000000
0.000000
0.000000
0.015686
0.000000
0.078431
0.588235
0.870588
1.000000
1.000000
1.000000
1.000000
1.000000
1.000000
1.000000
1.000000
1.000000
1.000000
1.000000
1.000000
1.000000
1.000000
0.854902
0.529412
0.066667
0.000000
0.015686
0.000000
0.000000
0.000000
0.000000
0.019608
0.000000
0.101961
0.733333
0.952941
0.952941
0.901961
0.898039
0.921569
0.878431
0.882353
0.886275
0.878431
0.874510
0.882353
0.894118
0.894118
0.850980
0.886275
1.000000
0.866667
0.125490
0.000000
0.023529
0.000000
0.000000
0.000000
0.000000
0.023529
0.000000
0.113725
0.796078
0.988235
0.941176
0.866667
0.886275
0.956863
0.925490
0.933333
0.937255
0.921569
0.913725
0.921569
0.937255
0.929412
0.909804
0.858824
0.925490
1.000000
0.164706
0.000000
0.027451
0.000000
0.000000
0.000000
0.000000
0.019608
0.000000
0.109804
0.784314
0.996078
0.925490
0.901961
0.972549
0.996078
0.988235
0.976471
0.980392
0.984314
0.980392
0.980392
0.988235
0.980392
0.945098
0.878431
0.929412
0.992157
0.156863
0.000000
0.027451
0.000000
0.000000
0.000000
0.000000
0.019608
0.000000
0.105882
0.764706
1.000000
0.921569
0.925490
1.000000
1.000000
1.000000
0.980392
0.984314
1.000000
0.996078
0.992157
1.000000
0.992157
0.941176
0.898039
0.972549
0.976471
0.152941
0.000000
0.027451
0.000000
0.000000
0.000000
0.000000
0.019608
0.000000
0.105882
0.756863
1.000000
0.925490
0.917647
0.996078
1.000000
0.996078
0.980392
0.984314
0.996078
0.992157
0.988235
0.992157
0.988235
0.941176
0.894118
0.972549
0.992157
0.156863
0.000000
0.027451
0.000000
0.000000
0.000000
0.000000
0.019608
0.000000
0.101961
0.752941
1.000000
0.925490
0.917647
1.000000
1.000000
0.996078
0.980392
0.984314
0.996078
0.996078
0.988235
0.992157
0.988235
0.941176
0.890196
0.964706
0.996078
0.156863
0.000000
0.027451
0.000000
0.000000
0.000000
0.000000
0.019608
0.000000
0.105882
0.756863
1.000000
0.925490
0.921569
1.000000
0.996078
0.996078
0.980392
0.984314
0.996078
0.996078
0.988235
0.992157
0.988235
0.945098
0.882353
0.949020
0.996078
0.160784
0.000000
0.027451
0.000000
0.000000
0.000000
0.000000
0.019608
0.000000
0.105882
0.764706
1.000000
0.933333
0.929412
1.000000
0.996078
0.996078
0.980392
0.984314
0.996078
0.996078
0.988235
0.992157
0.988235
0.945098
0.882353
0.949020
1.000000
0.160784
0.000000
0.027451
0.000000
0.000000
0.000000
0.000000
0.019608
0.000000
0.105882
0.768627
1.000000
0.933333
0.929412
1.000000
0.996078
0.996078
0.980392
0.984314
0.996078
0.996078
0.988235
0.992157
0.988235
0.941176
0.886275
0.960784
1.000000
0.156863
0.000000
0.027451
0.000000
0.000000
0.000000
0.000000
0.019608
0.000000
0.105882
0.760784
1.000000
0.933333
0.929412
1.000000
0.992157
0.996078
0.980392
0.984314
0.996078
0.996078
0.988235
0.992157
0.988235
0.941176
0.894118
0.972549
0.996078
0.156863
0.000000
0.027451
0.000000
0.000000
0.000000
0.000000
0.019608
0.000000
0.101961
0.741176
1.000000
0.925490
0.921569
1.000000
0.988235
0.996078
0.984314
0.984314
0.996078
0.996078
0.988235
0.992157
0.988235
0.941176
0.894118
0.972549
0.988235
0.156863
0.000000
0.027451
0.000000
0.000000
0.000000
0.000000
0.019608
0.000000
0.098039
0.733333
0.996078
0.925490
0.917647
0.996078
0.984314
0.996078
0.984314
0.984314
0.996078
0.996078
0.988235
0.992157
0.988235
0.945098
0.890196
0.956863
0.984314
0.156863
0.000000
0.027451
0.000000
0.000000
0.000000
0.000000
0.019608
0.000000
0.105882
0.756863
1.000000
0.945098
0.925490
0.976471
0.968627
0.992157
0.996078
0.996078
0.992157
0.984314
0.988235
0.992157
0.972549
0.937255
0.858824
0.905882
0.996078
0.164706
0.000000
0.027451
0.000000
0.000000
0.000000
0.000000
0.019608
0.000000
0.105882
0.764706
1.000000
0.941176
0.929412
0.992157
0.988235
0.996078
0.996078
0.996078
0.996078
0.992157
0.992157
0.996078
0.976471
0.937255
0.894118
0.972549
1.000000
0.160784
0.000000
0.027451
0.000000
0.000000
0.000000
0.000000
0.023529
0.000000
0.109804
0.792157
1.000000
0.933333
0.909804
0.976471
0.992157
0.992157
0.996078
0.996078
0.996078
0.996078
1.000000
1.000000
0.984314
0.949020
0.913725
0.976471
0.988235
0.156863
0.000000
0.027451
0.000000
0.000000
0.000000
0.000000
0.023529
0.000000
0.109804
0.784314
0.988235
0.921569
0.870588
0.909804
0.929412
0.929412
0.937255
0.937255
0.937255
0.941176
0.945098
0.945098
0.929412
0.901961
0.870588
0.941176
0.984314
0.156863
0.000000
0.027451
0.000000
0.000000
0.000000
0.000000
0.019608
0.000000
0.101961
0.741176
0.988235
0.956863
0.909804
0.925490
0.925490
0.909804
0.913725
0.913725
0.917647
0.921569
0.925490
0.921569
0.913725
0.886275
0.890196
0.984314
0.956863
0.145098
0.000000
0.027451
0.000000
0.000000
0.000000
0.000000
0.019608
0.000000
0.090196
0.690196
0.964706
1.000000
0.996078
1.000000
1.000000
0.992157
0.992157
0.996078
1.000000
1.000000
1.000000
1.000000
0.992157
0.980392
0.976471
0.960784
0.784314
0.113725
0.000000
0.023529
0.000000
0.000000
0.000000
0.000000
0.011765
0.000000
0.054902
0.423529
0.654902
0.752941
0.768627
0.760784
0.760784
0.776471
0.772549
0.776471
0.784314
0.792157
0.792157
0.780392
0.768627
0.768627
0.756863
0.670588
0.458824
0.058824
0.000000
0.015686
0.000000
0.000000
0.000000
0.000000
0.000000
0.000000
0.011765
0.090196
0.152941
0.188235
0.196078
0.192157
0.192157
0.200000
0.196078
0.200000
0.200000
0.203922
0.203922
0.200000
0.196078
0.196078
0.192157
0.156863
0.094118
0.011765
0.000000
0.003922
0.000000
0.000000
0.000000
0.000000
0.000000
0.000000
0.000000
0.000000
0.000000
0.000000
0.000000
0.000000
0.000000
0.000000
0.000000
0.000000
0.000000
0.000000
0.000000
0.000000
0.000000
0.000000
0.000000
0.000000
0.000000
0.000000
0.000000
0.000000
0.000000
0.000000
0.000000
0.000000
0.000000
0.000000
0.000000
0.011765
0.015686
0.019608
0.019608
0.019608
0.019608
0.019608
0.019608
0.019608
0.019608
0.019608
0.019608
0.019608
0.019608
0.019608
0.019608
0.015686
0.011765
0.000000
0.000000
0.000000
0.000000
0.000000
0.000000
0.000000
0.000000
0.000000
0.000000
0.000000
0.000000
0.000000
0.000000
0.000000
0.000000
0.000000
0.000000
0.000000
0.000000
0.000000
0.000000
0.000000
0.000000
0.000000
0.000000
0.000000
0.000000
0.000000
0.000000
0.000000
0.000000
0.000000
