0.000000
0.000000
0.000000
0.000000
0.000000
0.000000
0.000000
0.000000
0.000000
0.000000
0.000000
0.000000
0.000000
0.000000
0.000000
0.000000
0.000000
0.000000
0.000000
0.000000
0.000000
0.000000
0.000000
0.000000
0.000000
0.000000
0.000000
0.000000
0.000000
0.000000
0.000000
0.000000
0.000000
0.007843
0.015686
0.015686
0.015686
0.015686
0.015686
0.015686
0.019608
0.019608
0.019608
0.019608
0.019608
0.019608
0.019608
0.019608
0.011765
0.003922
0.000000
0.000000
0.000000
0.000000
0.000000
0.000000
0.000000
0.000000
0.000000
0.000000
0.000000
0.000000
0.000000
0.000000
0.000000
0.000000
0.000000
0.000000
0.000000
0.000000
0.000000
0.000000
0.000000
0.000000
0.000000
0.000000
0.000000
0.000000
0.000000
0.000000
0.000000
0.000000
0.000000
0.000000
0.000000
0.000000
0.003922
0.000000
0.011765
0.117647
0.258824
0.274510
0.286274
0.286274
0.286274
0.290196
0.301961
0.309804
0.305882
0.349020
0.368627
0.372549
0.360784
0.294118
0.176471
0.074510
0.007843
0.000000
0.000000
0.000000
0.000000
0.000000
0.000000
0.000000
0.011765
0.000000
0.082353
0.450980
0.752941
0.792157
0.815686
0.815686
0.807843
0.815686
0.835294
0.850980
0.843137
0.913725
0.925490
0.929412
0.933333
0.843137
0.623529
0.337255
0.039216
0.000000
0.007843
0.000000
0.000000
0.000000
0.000000
0.000000
0.023529
0.000000
0.188235
0.760784
0.933333
0.960784
0.976471
0.972549
0.956863
0.960784
0.972549
0.976471
0.972549
0.984314
0.960784
0.960784
0.992157
1.000000
0.909804
0.643137
0.090196
0.000000
0.015686
0.000000
0.000000
0.000000
0.000000
0.000000
0.027451
0.000000
0.262745
0.941176
0.984314
0.992157
0.992157
0.992157
0.996078
0.996078
0.992157
0.992157
0.988235
0.984314
0.996078
0.992157
0.984314
0.996078
0.980392
0.831373
0.125490
0.000000
0.019608
0.000000
0.000000
0.000000
0.000000
0.000000
0.027451
0.000000
0.290196
1.000000
0.980392
0.992157
0.996078
0.996078
0.996078
1.000000
1.000000
1.000000
0.996078
0.988235
0.988235
0.996078
0.992157
1.000000
0.996078
0.854902
0.129412
0.000000
0.019608
0.000000
0.000000
0.000000
0.000000
0.000000
0.031373
0.000000
0.305882
1.000000
0.976471
0.992157
0.996078
0.996078
0.996078
1.000000
1.000000
1.000000
0.996078
0.980392
0.980392
0.984314
0.984314
0.996078
0.988235
0.847059
0.129412
0.000000
0.019608
0.000000
0.000000
0.000000
0.000000
0.000000
0.027451
0.000000
0.294118
0.996078
0.976471
0.992157
0.996078
0.996078
0.996078
1.000000
1.000000
1.000000
0.996078
0.984314
0.984314
0.980392
0.976471
0.988235
0.976471
0.831373
0.129412
0.000000
0.019608
0.000000
0.000000
0.000000
0.000000
0.000000
0.027451
0.000000
0.270588
0.960784
0.984314
0.992157
0.996078
0.996078
0.996078
1.000000
1.000000
1.000000
0.996078
0.996078
0.996078
0.992157
0.988235
0.992157
0.980392
0.835294
0.129412
0.000000
0.019608
0.000000
0.000000
0.000000
0.000000
0.000000
0.027451
0.000000
0.262745
0.937255
0.984314
0.992157
0.996078
0.996078
0.996078
1.000000
1.000000
1.000000
0.996078
0.996078
0.996078
0.996078
0.992157
1.000000
0.988235
0.847059
0.129412
0.000000
0.019608
0.000000
0.000000
0.000000
0.000000
0.000000
0.027451
0.000000
0.270588
0.964706
0.984314
0.992157
0.996078
0.996078
0.996078
1.000000
1.000000
1.000000
0.996078
0.976471
0.980392
0.984314
0.980392
0.992157
0.980392
0.835294
0.129412
0.000000
0.019608
0.000000
0.000000
0.000000
0.000000
0.000000
0.027451
0.000000
0.282353
0.988235
0.980392
0.992157
0.996078
0.996078
0.996078
0.996078
1.000000
1.000000
0.996078
0.976471
0.976471
0.980392
0.976471
0.988235
0.972549
0.819608
0.125490
0.000000
0.019608
0.000000
0.000000
0.000000
0.000000
0.000000
0.027451
0.000000
0.286274
1.000000
0.980392
0.992157
0.996078
0.996078
0.996078
0.996078
0.996078
1.000000
0.996078
1.000000
1.000000
0.996078
0.996078
1.000000
0.976471
0.815686
0.125490
0.000000
0.019608
0.000000
0.000000
0.000000
0.000000
0.000000
0.027451
0.000000
0.290196
1.000000
0.976471
0.976471
0.976471
0.980392
0.988235
0.996078
0.996078
0.996078
0.988235
0.976471
0.956863
0.964706
0.980392
0.992157
1.000000
0.827451
0.125490
0.000000
0.019608
0.000000
0.000000
0.000000
0.000000
0.000000
0.023529
0.000000
0.258824
0.933333
0.980392
0.984314
0.984314
0.984314
0.988235
0.992157
0.992157
0.992157
0.992157
0.996078
0.988235
0.988235
0.984314
0.984314
0.984314
0.800000
0.121569
0.000000
0.019608
0.000000
0.000000
0.000000
0.000000
0.000000
0.023529
0.000000
0.235294
0.886275
0.988235
1.000000
1.000000
1.000000
0.996078
0.992157
0.988235
0.996078
1.000000
0.972549
0.972549
0.992157
0.988235
0.984314
0.972549
0.796078
0.121569
0.000000
0.019608
0.000000
0.000000
0.000000
0.000000
0.000000
0.023529
0.000000
0.247059
0.905882
0.972549
0.988235
0.988235
0.988235
0.988235
0.984314
0.984314
0.992157
1.000000
0.952941
0.952941
0.984314
0.992157
0.996078
0.996078
0.827451
0.125490
0.000000
0.019608
0.000000
0.000000
0.000000
0.000000
0.000000
0.027451
0.000000
0.258824
0.933333
0.964706
0.972549
0.980392
0.980392
0.980392
0.984314
0.984314
0.992157
0.996078
0.992157
0.992157
0.992157
0.984314
0.996078
0.992157
0.831373
0.125490
0.000000
0.019608
0.000000
0.000000
0.000000
0.000000
0.000000
0.027451
0.000000
0.262745
0.952941
0.988235
0.992157
0.992157
0.992157
0.992157
0.996078
0.996078
0.996078
0.988235
0.996078
0.988235
0.956863
0.952941
0.984314
0.964706
0.807843
0.125490
0.000000
0.019608
0.000000
0.000000
0.000000
0.000000
0.000000
0.027451
0.000000
0.270588
0.952941
0.976471
0.984314
0.980392
0.976471
0.968627
0.960784
0.956863
0.956863
0.956863
0.988235
0.988235
0.972549
0.976471
0.996078
0.964706
0.764706
0.113725
0.000000
0.015686
0.000000
0.000000
0.000000
0.000000
0.000000
0.023529
0.000000
0.196078
0.796078
0.996078
1.000000
0.996078
0.996078
0.992157
0.980392
0.980392
0.992157
0.992157
0.996078
1.000000
0.992157
1.000000
0.996078
0.850980
0.588235
0.082353
0.000000
0.011765
0.000000
0.000000
0.000000
0.000000
0.000000
0.011765
0.000000
0.074510
0.450980
0.807843
0.847059
0.878431
0.886275
0.854902
0.815686
0.819608
0.866667
0.913725
0.917647
0.913725
0.886275
0.882353
0.827451
0.576471
0.309804
0.035294
0.000000
0.007843
0.000000
0.000000
0.000000
0.000000
0.000000
0.003922
0.000000
0.003922
0.105882
0.266667
0.290196
0.317647
0.321569
0.301961
0.278431
0.278431
0.309804
0.337255
0.345098
0.341176
0.325490
0.317647
0.286274
0.172549
0.070588
0.003922
0.000000
0.000000
0.000000
0.000000
0.000000
0.000000
0.000000
0.000000
0.000000
0.000000
0.000000
0.000000
0.000000
0.000000
0.000000
0.000000
0.000000
0.000000
0.000000
0.000000
0.000000
0.000000
0.000000
0.000000
0.000000
0.000000
0.000000
0.000000
0.000000
0.000000
0.000000
0.000000
0.000000
0.000000
0.000000
0.000000
0.000000
0.000000
0.007843
0.015686
0.019608
0.019608
0.019608
0.019608
0.015686
0.015686
0.019608
0.019608
0.019608
0.019608
0.019608
0.019608
0.015686
0.011765
0.003922
0.000000
0.000000
0.000000
0.000000
0.000000
0.000000
0.000000
0.000000
0.000000
0.000000
0.000000
0.000000
0.000000
0.000000
0.000000
0.000000
0.000000
0.000000
0.000000
0.000000
0.000000
0.000000
0.000000
0.000000
0.000000
0.000000
0.000000
0.000000
0.000000
0.000000
0.000000
0.000000
0.000000
0.000000
