0.000000
0.000000
0.000000
0.000000
0.000000
0.000000
0.000000
0.000000
0.000000
0.000000
0.000000
0.000000
0.000000
0.000000
0.000000
0.000000
0.000000
0.000000
0.000000
0.000000
0.000000
0.000000
0.000000
0.000000
0.000000
0.000000
0.000000
0.000000
0.000000
0.000000
0.000000
0.000000
0.000000
0.011765
0.019608
0.023529
0.023529
0.023529
0.023529
0.023529
0.023529
0.023529
0.023529
0.023529
0.023529
0.023529
0.023529
0.023529
0.023529
0.019608
0.011765
0.000000
0.000000
0.000000
0.000000
0.000000
0.000000
0.000000
0.000000
0.000000
0.000000
0.000000
0.000000
0.000000
0.000000
0.000000
0.000000
0.000000
0.000000
0.000000
0.000000
0.000000
0.000000
0.000000
0.000000
0.000000
0.000000
0.000000
0.000000
0.000000
0.000000
0.000000
0.000000
0.000000
0.000000
0.000000
0.003922
0.000000
0.011765
0.105882
0.207843
0.239216
0.247059
0.266667
0.266667
0.258824
0.247059
0.243137
0.243137
0.247059
0.258824
0.270588
0.270588
0.278431
0.250980
0.184314
0.129412
0.015686
0.000000
0.003922
0.000000
0.000000
0.000000
0.000000
0.015686
0.000000
0.062745
0.494118
0.784314
0.854902
0.874510
0.913725
0.917647
0.894118
0.874510
0.862745
0.862745
0.874510
0.898039
0.921569
0.921569
0.933333
0.874510
0.721569
0.533333
0.070588
0.000000
0.015686
0.000000
0.000000
0.000000
0.000000
0.023529
0.000000
0.117647
0.811765
0.988235
0.996078
0.996078
1.000000
1.000000
0.996078
0.996078
0.996078
0.996078
0.996078
0.996078
0.996078
0.992157
0.992157
0.992157
0.956863
0.764706
0.109804
0.000000
0.019608
0.000000
0.000000
0.000000
0.000000
0.027451
0.000000
0.141176
0.941176
1.000000
0.988235
0.988235
0.980392
0.980392
0.988235
0.996078
0.996078
0.996078
1.000000
1.000000
0.992157
0.988235
0.992157
1.000000
1.000000
0.858824
0.125490
0.000000
0.023529
0.000000
0.000000
0.000000
0.000000
0.023529
0.000000
0.133333
0.901961
0.996078
0.992157
0.988235
0.984314
0.984314
0.988235
0.992157
0.992157
0.996078
0.988235
0.976471
0.980392
0.984314
0.976471
0.976471
1.000000
0.874510
0.129412
0.000000
0.023529
0.000000
0.000000
0.000000
0.000000
0.023529
0.000000
0.129412
0.874510
1.000000
0.992157
0.996078
1.000000
1.000000
0.996078
0.992157
0.988235
0.992157
0.988235
0.984314
0.992157
1.000000
0.968627
0.960784
1.000000
0.909804
0.133333
0.000000
0.027451
0.000000
0.000000
0.000000
0.000000
0.023529
0.000000
0.137255
0.917647
1.000000
0.980392
0.992157
0.996078
0.996078
0.992157
0.984314
0.984314
0.980392
0.988235
1.000000
0.992157
0.996078
0.980392
0.972549
0.992157
0.905882
0.133333
0.000000
0.027451
0.000000
0.000000
0.000000
0.000000
0.027451
0.000000
0.141176
0.937255
1.000000
0.988235
0.996078
0.996078
0.996078
0.996078
0.996078
0.996078
0.988235
0.992157
0.996078
0.972549
0.980392
1.000000
0.988235
0.976471
0.843137
0.125490
0.000000
0.023529
0.000000
0.000000
0.000000
0.000000
0.027451
0.000000
0.137255
0.917647
1.000000
0.992157
0.992157
0.996078
0.996078
0.996078
0.996078
0.996078
0.988235
0.992157
0.996078
0.984314
0.992157
1.000000
0.984314
0.980392
0.862745
0.129412
0.000000
0.023529
0.000000
0.000000
0.000000
0.000000
0.023529
0.000000
0.133333
0.898039
1.000000
0.992157
0.992157
0.996078
0.996078
0.992157
0.992157
0.992157
0.988235
0.988235
0.996078
0.996078
0.996078
0.996078
0.976471
0.980392
0.886275
0.133333
0.000000
0.023529
0.000000
0.000000
0.000000
0.000000
0.023529
0.000000
0.133333
0.894118
1.000000
0.992157
0.992157
0.996078
0.992157
0.992157
0.988235
0.988235
0.992157
0.992157
0.992157
0.996078
0.996078
0.992157
0.968627
0.980392
0.898039
0.137255
0.000000
0.023529
0.000000
0.000000
0.000000
0.000000
0.023529
0.000000
0.137255
0.905882
1.000000
0.992157
0.992157
0.996078
0.992157
0.988235
0.988235
0.988235
0.992157
0.992157
0.984314
0.992157
0.996078
0.984314
0.956863
0.972549
0.901961
0.137255
0.000000
0.023529
0.000000
0.000000
0.000000
0.000000
0.023529
0.000000
0.137255
0.913725
1.000000
0.992157
0.992157
0.992157
0.988235
0.984314
0.988235
0.988235
0.992157
0.988235
0.980392
0.988235
0.996078
0.984314
0.952941
0.968627
0.890196
0.137255
0.000000
0.023529
0.000000
0.000000
0.000000
0.000000
0.023529
0.000000
0.133333
0.898039
1.000000
0.996078
0.988235
0.988235
0.984314
0.980392
0.984314
0.988235
0.992157
0.992157
0.984314
0.984314
0.996078
0.988235
0.960784
0.964706
0.874510
0.133333
0.000000
0.023529
0.000000
0.000000
0.000000
0.000000
0.023529
0.000000
0.133333
0.901961
1.000000
0.992157
0.992157
0.984314
0.980392
0.980392
0.984314
0.988235
0.988235
0.992157
0.992157
0.976471
0.984314
0.992157
0.972549
0.972549
0.854902
0.125490
0.000000
0.023529
0.000000
0.000000
0.000000
0.000000
0.027451
0.000000
0.141176
0.937255
1.000000
0.992157
0.996078
0.984314
0.980392
0.976471
0.980392
0.984314
0.988235
0.996078
0.996078
0.968627
0.976471
1.000000
0.996078
0.976471
0.850980
0.125490
0.000000
0.023529
0.000000
0.000000
0.000000
0.000000
0.027451
0.000000
0.141176
0.945098
1.000000
0.976471
0.980392
0.980392
0.980392
0.984314
0.988235
0.992157
0.992157
0.992157
0.992157
0.988235
0.992157
0.964706
0.949020
0.976471
0.831373
0.121569
0.000000
0.023529
0.000000
0.000000
0.000000
0.000000
0.027451
0.000000
0.145098
0.952941
1.000000
0.972549
0.980392
0.984314
0.984314
0.992157
0.996078
0.992157
0.988235
0.984314
0.984314
0.992157
1.000000
0.952941
0.937255
0.988235
0.831373
0.117647
0.000000
0.023529
0.000000
0.000000
0.000000
0.000000
0.027451
0.000000
0.141176
0.933333
1.000000
0.992157
0.992157
0.988235
0.984314
0.984314
0.988235
0.984314
0.984314
0.984314
0.976471
0.972549
0.984314
1.000000
1.000000
1.000000
0.815686
0.117647
0.000000
0.023529
0.000000
0.000000
0.000000
0.000000
0.019608
0.000000
0.101961
0.741176
0.968627
0.980392
0.960784
0.964706
0.964706
0.960784
0.964706
0.968627
0.968627
0.968627
0.960784
0.952941
0.972549
0.992157
1.000000
0.949020
0.662745
0.086275
0.000000
0.019608
0.000000
0.000000
0.000000
0.000000
0.011765
0.000000
0.043137
0.427451
0.850980
0.925490
0.890196
0.913725
0.917647
0.921569
0.921569
0.925490
0.921569
0.937255
0.972549
0.984314
0.984314
0.949020
0.858824
0.678431
0.380392
0.043137
0.000000
0.011765
0.000000
0.000000
0.000000
0.000000
0.000000
0.000000
0.003922
0.090196
0.243137
0.274510
0.262745
0.274510
0.274510
0.278431
0.278431
0.278431
0.278431
0.282353
0.301961
0.305882
0.301961
0.286274
0.239216
0.168627
0.078431
0.007843
0.000000
0.000000
0.000000
0.000000
0.000000
0.000000
0.000000
0.000000
0.000000
0.000000
0.000000
0.000000
0.000000
0.000000
0.000000
0.000000
0.000000
0.000000
0.000000
0.000000
0.000000
0.000000
0.000000
0.000000
0.000000
0.000000
0.000000
0.000000
0.000000
0.000000
0.000000
0.000000
0.000000
0.000000
0.000000
0.000000
0.000000
0.011765
0.023529
0.023529
0.023529
0.023529
0.023529
0.023529
0.023529
0.023529
0.023529
0.023529
0.023529
0.027451
0.027451
0.023529
0.023529
0.015686
0.007843
0.000000
0.000000
0.000000
0.000000
0.000000
0.000000
0.000000
0.000000
0.000000
0.000000
0.000000
0.000000
0.000000
0.000000
0.000000
0.000000
0.000000
0.000000
0.000000
0.000000
0.000000
0.000000
0.000000
0.000000
0.000000
0.000000
0.000000
0.000000
0.000000
0.000000
0.000000
0.000000
0.000000
