0.000000
0.000000
0.000000
0.000000
0.000000
0.000000
0.000000
0.000000
0.000000
0.000000
0.000000
0.000000
0.000000
0.000000
0.000000
0.000000
0.000000
0.000000
0.000000
0.000000
0.000000
0.000000
0.000000
0.000000
0.000000
0.000000
0.000000
0.000000
0.000000
0.000000
0.000000
0.000000
0.000000
0.007843
0.011765
0.015686
0.019608
0.015686
0.015686
0.015686
0.015686
0.015686
0.019608
0.019608
0.019608
0.019608
0.019608
0.019608
0.015686
0.007843
0.000000
0.000000
0.000000
0.000000
0.000000
0.000000
0.000000
0.000000
0.000000
0.000000
0.000000
0.000000
0.000000
0.000000
0.000000
0.000000
0.000000
0.000000
0.000000
0.000000
0.000000
0.000000
0.000000
0.000000
0.000000
0.000000
0.000000
0.000000
0.000000
0.000000
0.000000
0.000000
0.000000
0.000000
0.000000
0.000000
0.000000
0.000000
0.003922
0.058824
0.109804
0.164706
0.188235
0.180392
0.172549
0.160784
0.164706
0.176471
0.184314
0.196078
0.196078
0.192157
0.180392
0.192157
0.145098
0.039216
0.000000
0.000000
0.000000
0.000000
0.000000
0.000000
0.000000
0.000000
0.011765
0.000000
0.050980
0.388235
0.556863
0.682353
0.725490
0.717647
0.705882
0.666667
0.686275
0.713725
0.741176
0.760784
0.764706
0.756863
0.729412
0.752941
0.631373
0.325490
0.109804
0.003922
0.000000
0.000000
0.000000
0.000000
0.000000
0.000000
0.023529
0.000000
0.117647
0.811765
0.945098
0.952941
0.952941
0.960784
0.976471
0.956863
0.968627
0.980392
0.992157
0.996078
0.996078
0.992157
0.980392
0.984314
0.952941
0.756863
0.392157
0.039216
0.000000
0.011765
0.000000
0.000000
0.000000
0.000000
0.027451
0.000000
0.156863
0.996078
1.000000
0.972549
0.964706
0.984314
1.000000
0.988235
0.988235
0.992157
0.992157
0.992157
0.992157
0.988235
0.988235
0.972549
1.000000
0.968627
0.592157
0.070588
0.000000
0.015686
0.000000
0.000000
0.000000
0.000000
0.027451
0.000000
0.152941
0.984314
0.996078
0.913725
0.937255
0.968627
0.964706
0.988235
0.988235
0.988235
0.988235
0.988235
0.984314
0.984314
0.980392
0.980392
0.984314
0.921569
0.635294
0.086275
0.000000
0.015686
0.000000
0.000000
0.000000
0.000000
0.027451
0.000000
0.149020
0.964706
0.996078
0.941176
0.972549
0.984314
0.972549
0.988235
0.988235
0.992157
0.992157
0.992157
0.992157
0.988235
0.984314
0.992157
0.980392
0.894118
0.635294
0.086275
0.000000
0.015686
0.000000
0.000000
0.000000
0.000000
0.027451
0.000000
0.152941
0.996078
1.000000
0.968627
0.996078
0.988235
0.964706
0.976471
0.980392
0.984314
0.988235
0.988235
0.988235
0.988235
0.980392
0.976471
0.992157
0.937255
0.654902
0.086275
0.000000
0.019608
0.000000
0.000000
0.000000
0.000000
0.027451
0.000000
0.156863
1.000000
1.000000
0.925490
0.972549
0.984314
0.945098
0.976471
0.984314
0.988235
0.996078
0.996078
0.996078
0.996078
0.988235
0.984314
0.984314
0.913725
0.650980
0.086275
0.000000
0.019608
0.000000
0.000000
0.000000
0.000000
0.027451
0.000000
0.156863
1.000000
1.000000
0.941176
0.972549
1.000000
0.992157
0.980392
0.980392
0.984314
0.984314
0.984314
0.988235
0.988235
0.984314
0.988235
0.960784
0.866667
0.639216
0.086275
0.000000
0.019608
0.000000
0.000000
0.000000
0.000000
0.027451
0.000000
0.152941
0.988235
1.000000
0.956863
0.960784
0.972549
0.972549
0.996078
0.996078
0.992157
0.988235
0.984314
0.984314
0.988235
0.988235
0.984314
0.992157
0.933333
0.670588
0.090196
0.000000
0.019608
0.000000
0.000000
0.000000
0.000000
0.027451
0.000000
0.149020
0.980392
1.000000
0.964706
0.972549
0.984314
0.980392
0.984314
0.988235
0.992157
0.992157
0.992157
0.988235
0.988235
0.992157
0.992157
0.996078
0.921569
0.627451
0.082353
0.000000
0.015686
0.000000
0.000000
0.000000
0.000000
0.027451
0.000000
0.149020
0.984314
1.000000
0.964706
0.980392
1.000000
0.996078
0.968627
0.976471
0.988235
0.988235
0.992157
0.988235
0.988235
0.988235
0.996078
0.988235
0.894118
0.600000
0.078431
0.000000
0.015686
0.000000
0.000000
0.000000
0.000000
0.027451
0.000000
0.152941
0.988235
1.000000
0.964706
0.972549
0.992157
0.984314
0.972549
0.980392
0.988235
0.988235
0.988235
0.988235
0.988235
0.984314
0.988235
0.996078
0.921569
0.631373
0.082353
0.000000
0.015686
0.000000
0.000000
0.000000
0.000000
0.027451
0.000000
0.152941
0.984314
1.000000
0.960784
0.968627
0.988235
0.984314
0.976471
0.980392
0.988235
0.992157
0.992157
0.988235
0.984314
0.984314
0.988235
0.992157
0.917647
0.631373
0.082353
0.000000
0.015686
0.000000
0.000000
0.000000
0.000000
0.027451
0.000000
0.149020
0.976471
1.000000
0.960784
0.972549
0.992157
0.988235
0.984314
0.988235
0.996078
0.996078
0.996078
0.992157
0.984314
0.984314
0.988235
0.984314
0.901961
0.619608
0.082353
0.000000
0.015686
0.000000
0.000000
0.000000
0.000000
0.027451
0.000000
0.149020
0.976471
1.000000
0.964706
0.976471
0.996078
0.988235
0.988235
0.996078
0.996078
0.996078
0.996078
0.996078
0.988235
0.988235
0.992157
0.984314
0.898039
0.623529
0.082353
0.000000
0.015686
0.000000
0.000000
0.000000
0.000000
0.027451
0.000000
0.152941
0.988235
1.000000
0.964706
0.976471
0.992157
0.984314
0.988235
0.996078
0.996078
0.996078
0.996078
0.996078
0.988235
0.988235
0.992157
0.992157
0.925490
0.647059
0.082353
0.000000
0.019608
0.000000
0.000000
0.000000
0.000000
0.027451
0.000000
0.152941
0.992157
1.000000
0.964706
0.976471
0.984314
0.980392
0.980392
0.988235
0.992157
0.996078
0.996078
0.988235
0.988235
0.988235
0.988235
0.996078
0.945098
0.666667
0.086275
0.000000
0.019608
0.000000
0.000000
0.000000
0.000000
0.027451
0.000000
0.152941
1.000000
1.000000
0.956863
0.964706
0.980392
0.972549
0.964706
0.964706
0.976471
0.984314
0.984314
0.980392
0.980392
0.980392
0.980392
1.000000
0.960784
0.686275
0.094118
0.000000
0.019608
0.000000
0.000000
0.000000
0.000000
0.027451
0.000000
0.149020
0.976471
0.996078
0.952941
0.960784
0.980392
0.968627
0.952941
0.956863
0.968627
0.976471
0.976471
0.972549
0.972549
0.972549
0.976471
0.996078
0.937255
0.662745
0.086275
0.000000
0.019608
0.000000
0.000000
0.000000
0.000000
0.023529
0.000000
0.105882
0.776471
1.000000
1.000000
1.000000
1.000000
1.000000
1.000000
1.000000
1.000000
1.000000
1.000000
1.000000
1.000000
1.000000
1.000000
0.980392
0.698039
0.352941
0.035294
0.000000
0.011765
0.000000
0.000000
0.000000
0.000000
0.007843
0.000000
0.027451
0.207843
0.325490
0.352941
0.345098
0.349020
0.349020
0.329412
0.341176
0.352941
0.349020
0.349020
0.349020
0.349020
0.345098
0.349020
0.298039
0.176471
0.058824
0.003922
0.000000
0.000000
0.000000
0.000000
0.000000
0.000000
0.000000
0.000000
0.000000
0.000000
0.000000
0.000000
0.000000
0.000000
0.000000
0.000000
0.000000
0.000000
0.000000
0.000000
0.000000
0.000000
0.000000
0.000000
0.000000
0.000000
0.000000
0.000000
0.000000
0.000000
0.000000
0.000000
0.000000
0.000000
0.000000
0.000000
0.003922
0.019608
0.027451
0.027451
0.027451
0.027451
0.027451
0.027451
0.027451
0.027451
0.027451
0.027451
0.027451
0.027451
0.027451
0.027451
0.023529
0.015686
0.007843
0.000000
0.000000
0.000000
0.000000
0.000000
0.000000
0.000000
0.000000
0.000000
0.000000
0.000000
0.000000
0.000000
0.000000
0.000000
0.000000
0.000000
0.000000
0.000000
0.000000
0.000000
0.000000
0.000000
0.000000
0.000000
0.000000
0.000000
0.000000
0.000000
0.000000
0.000000
0.000000
0.000000
