0.000000
0.000000
0.000000
0.000000
0.000000
0.000000
0.000000
0.000000
0.000000
0.000000
0.000000
0.000000
0.000000
0.000000
0.000000
0.000000
0.000000
0.000000
0.000000
0.000000
0.000000
0.000000
0.000000
0.000000
0.000000
0.000000
0.000000
0.000000
0.000000
0.000000
0.000000
0.000000
0.000000
0.011765
0.023529
0.027451
0.027451
0.027451
0.027451
0.027451
0.027451
0.027451
0.027451
0.027451
0.027451
0.027451
0.027451
0.027451
0.027451
0.023529
0.015686
0.000000
0.000000
0.000000
0.000000
0.000000
0.000000
0.000000
0.000000
0.000000
0.000000
0.000000
0.000000
0.000000
0.000000
0.000000
0.000000
0.000000
0.000000
0.000000
0.000000
0.000000
0.000000
0.000000
0.000000
0.000000
0.000000
0.000000
0.000000
0.000000
0.000000
0.000000
0.000000
0.000000
0.000000
0.000000
0.003922
0.000000
0.011765
0.133333
0.258824
0.337255
0.345098
0.329412
0.329412
0.329412
0.329412
0.333333
0.337255
0.341176
0.349020
0.356863
0.356863
0.349020
0.317647
0.262745
0.160784
0.019608
0.000000
0.003922
0.000000
0.000000
0.000000
0.000000
0.011765
0.000000
0.054902
0.486274
0.858824
1.000000
1.000000
1.000000
1.000000
1.000000
1.000000
1.000000
1.000000
1.000000
1.000000
1.000000
1.000000
1.000000
1.000000
0.890196
0.584314
0.074510
0.000000
0.015686
0.000000
0.000000
0.000000
0.000000
0.015686
0.000000
0.082353
0.635294
0.905882
0.968627
0.913725
0.878431
0.901961
0.905882
0.901961
0.898039
0.898039
0.901961
0.909804
0.917647
0.874510
0.894118
0.976471
0.972549
0.721569
0.098039
0.000000
0.019608
0.000000
0.000000
0.000000
0.000000
0.019608
0.000000
0.109804
0.760784
0.976471
0.976471
0.905882
0.886275
0.917647
0.937255
0.937255
0.933333
0.929412
0.929412
0.929412
0.925490
0.898039
0.917647
0.984314
1.000000
0.803922
0.113725
0.000000
0.023529
0.000000
0.000000
0.000000
0.000000
0.019608
0.000000
0.105882
0.749020
0.964706
0.988235
0.941176
0.925490
0.964706
0.984314
0.984314
0.980392
0.980392
0.976471
0.980392
0.972549
0.976471
0.968627
0.984314
1.000000
0.803922
0.113725
0.000000
0.023529
0.000000
0.000000
0.000000
0.000000
0.019608
0.000000
0.101961
0.721569
0.929412
0.968627
0.949020
0.945098
0.984314
1.000000
1.000000
0.988235
0.988235
0.996078
1.000000
0.996078
1.000000
0.972549
0.972549
1.000000
0.823529
0.117647
0.000000
0.023529
0.000000
0.000000
0.000000
0.000000
0.019608
0.000000
0.105882
0.749020
0.945098
0.949020
0.929412
0.949020
0.988235
0.996078
0.988235
0.984314
0.988235
0.992157
0.992157
0.992157
0.992157
0.956863
0.964706
1.000000
0.835294
0.121569
0.000000
0.023529
0.000000
0.000000
0.000000
0.000000
0.019608
0.000000
0.109804
0.780392
0.992157
0.968627
0.925490
0.960784
1.000000
0.996078
0.984314
0.988235
1.000000
0.992157
0.984314
0.996078
0.988235
0.956863
0.972549
1.000000
0.788235
0.113725
0.000000
0.023529
0.000000
0.000000
0.000000
0.000000
0.023529
0.000000
0.109804
0.788235
0.992157
0.988235
0.945098
0.952941
1.000000
0.996078
0.984314
0.988235
1.000000
0.992157
0.984314
0.992157
1.000000
0.968627
0.976471
0.996078
0.776471
0.109804
0.000000
0.019608
0.000000
0.000000
0.000000
0.000000
0.019608
0.000000
0.109804
0.776471
0.992157
0.988235
0.937255
0.949020
0.996078
0.996078
0.984314
0.988235
1.000000
0.992157
0.980392
0.992157
1.000000
0.972549
0.972549
1.000000
0.780392
0.109804
0.000000
0.023529
0.000000
0.000000
0.000000
0.000000
0.019608
0.000000
0.109804
0.756863
0.980392
0.968627
0.925490
0.952941
0.996078
0.996078
0.984314
0.988235
1.000000
0.992157
0.980392
0.992157
0.988235
0.952941
0.968627
1.000000
0.811765
0.113725
0.000000
0.023529
0.000000
0.000000
0.000000
0.000000
0.019608
0.000000
0.101961
0.741176
0.960784
0.968627
0.929412
0.949020
0.996078
0.996078
0.984314
0.988235
1.000000
0.992157
0.980392
0.992157
0.976471
0.937255
0.960784
1.000000
0.835294
0.117647
0.000000
0.023529
0.000000
0.000000
0.000000
0.000000
0.019608
0.000000
0.098039
0.713725
0.949020
0.984314
0.941176
0.937255
0.992157
0.996078
0.988235
0.992157
1.000000
0.992157
0.976471
0.988235
0.984314
0.952941
0.968627
1.000000
0.815686
0.117647
0.000000
0.023529
0.000000
0.000000
0.000000
0.000000
0.019608
0.000000
0.094118
0.682353
0.933333
0.992157
0.945098
0.933333
0.992157
0.996078
0.988235
0.992157
1.000000
0.992157
0.972549
0.980392
1.000000
0.972549
0.980392
1.000000
0.776471
0.109804
0.000000
0.023529
0.000000
0.000000
0.000000
0.000000
0.019608
0.000000
0.090196
0.674510
0.925490
0.984314
0.941176
0.933333
0.992157
0.996078
0.988235
0.992157
1.000000
0.992157
0.972549
0.980392
1.000000
0.976471
0.980392
1.000000
0.768627
0.105882
0.000000
0.019608
0.000000
0.000000
0.000000
0.000000
0.019608
0.000000
0.098039
0.717647
0.937255
0.980392
0.941176
0.929412
0.988235
0.996078
0.988235
0.996078
1.000000
0.992157
0.968627
0.984314
0.976471
0.949020
0.976471
1.000000
0.784314
0.109804
0.000000
0.023529
0.000000
0.000000
0.000000
0.000000
0.019608
0.000000
0.090196
0.678431
0.949020
0.964706
0.913725
0.933333
0.988235
1.000000
0.988235
0.984314
0.992157
0.996078
0.984314
0.968627
0.968627
0.949020
0.968627
1.000000
0.811765
0.113725
0.000000
0.023529
0.000000
0.000000
0.000000
0.000000
0.019608
0.000000
0.078431
0.631373
0.949020
0.972549
0.909804
0.929412
0.984314
0.996078
0.980392
0.964706
0.976471
0.996078
0.992157
0.952941
0.964706
0.952941
0.960784
0.996078
0.843137
0.121569
0.000000
0.023529
0.000000
0.000000
0.000000
0.000000
0.015686
0.000000
0.078431
0.623529
0.941176
1.000000
0.956863
0.945098
0.988235
1.000000
0.988235
0.976471
0.988235
1.000000
0.992157
0.976471
0.964706
0.964706
0.988235
1.000000
0.862745
0.125490
0.000000
0.023529
0.000000
0.000000
0.000000
0.000000
0.015686
0.000000
0.066667
0.533333
0.862745
0.980392
0.980392
0.976471
0.988235
0.996078
0.996078
0.996078
0.996078
0.992157
0.992157
0.996078
0.992157
0.988235
0.996078
0.984314
0.784314
0.109804
0.000000
0.023529
0.000000
0.000000
0.000000
0.000000
0.007843
0.000000
0.039216
0.352941
0.658823
0.823529
0.874510
0.878431
0.870588
0.874510
0.890196
0.898039
0.878431
0.858824
0.866667
0.890196
0.890196
0.870588
0.839216
0.764706
0.549020
0.074510
0.000000
0.015686
0.000000
0.000000
0.000000
0.000000
0.003922
0.000000
0.007843
0.082353
0.172549
0.227451
0.250980
0.250980
0.247059
0.247059
0.254902
0.258824
0.250980
0.243137
0.243137
0.254902
0.254902
0.247059
0.231373
0.200000
0.133333
0.019608
0.000000
0.003922
0.000000
0.000000
0.000000
0.000000
0.000000
0.000000
0.000000
0.000000
0.000000
0.000000
0.000000
0.000000
0.000000
0.000000
0.000000
0.000000
0.000000
0.000000
0.000000
0.000000
0.000000
0.000000
0.000000
0.000000
0.000000
0.000000
0.000000
0.000000
0.000000
0.000000
0.000000
0.000000
0.000000
0.000000
0.000000
0.007843
0.015686
0.019608
0.023529
0.023529
0.023529
0.023529
0.023529
0.023529
0.023529
0.023529
0.023529
0.023529
0.023529
0.023529
0.019608
0.019608
0.011765
0.000000
0.000000
0.000000
0.000000
0.000000
0.000000
0.000000
0.000000
0.000000
0.000000
0.000000
0.000000
0.000000
0.000000
0.000000
0.000000
0.000000
0.000000
0.000000
0.000000
0.000000
0.000000
0.000000
0.000000
0.000000
0.000000
0.000000
0.000000
0.000000
0.000000
0.000000
0.000000
0.000000
