0.000000
0.000000
0.000000
0.000000
0.000000
0.000000
0.000000
0.000000
0.000000
0.000000
0.000000
0.000000
0.000000
0.000000
0.000000
0.000000
0.000000
0.000000
0.000000
0.000000
0.000000
0.000000
0.000000
0.000000
0.000000
0.000000
0.000000
0.000000
0.000000
0.000000
0.000000
0.000000
0.000000
0.015686
0.023529
0.027451
0.027451
0.027451
0.027451
0.027451
0.027451
0.027451
0.027451
0.027451
0.027451
0.027451
0.027451
0.027451
0.027451
0.027451
0.019608
0.003922
0.000000
0.000000
0.000000
0.000000
0.000000
0.000000
0.000000
0.000000
0.000000
0.000000
0.000000
0.000000
0.000000
0.000000
0.000000
0.000000
0.000000
0.000000
0.000000
0.000000
0.000000
0.000000
0.000000
0.000000
0.000000
0.000000
0.000000
0.000000
0.000000
0.000000
0.000000
0.000000
0.000000
0.000000
0.003922
0.000000
0.019608
0.164706
0.266667
0.349020
0.364706
0.341176
0.325490
0.329412
0.337255
0.341176
0.333333
0.325490
0.329412
0.341176
0.349020
0.341176
0.345098
0.333333
0.235294
0.031373
0.000000
0.007843
0.000000
0.000000
0.000000
0.000000
0.019608
0.000000
0.078431
0.603922
0.917647
1.000000
1.000000
1.000000
1.000000
1.000000
1.000000
1.000000
1.000000
1.000000
1.000000
1.000000
1.000000
1.000000
1.000000
1.000000
0.803922
0.113725
0.000000
0.023529
0.000000
0.000000
0.000000
0.000000
0.019608
0.000000
0.098039
0.733333
1.000000
0.878431
0.839216
0.929412
0.913725
0.913725
0.913725
0.913725
0.913725
0.917647
0.917647
0.921569
0.921569
0.917647
0.917647
0.956863
0.886275
0.133333
0.000000
0.023529
0.000000
0.000000
0.000000
0.000000
0.019608
0.000000
0.098039
0.733333
1.000000
0.890196
0.854902
0.956863
0.941176
0.941176
0.945098
0.945098
0.945098
0.945098
0.949020
0.949020
0.952941
0.952941
0.945098
0.984314
0.913725
0.137255
0.000000
0.023529
0.000000
0.000000
0.000000
0.000000
0.019608
0.000000
0.094118
0.709804
1.000000
0.901961
0.890196
0.992157
0.976471
0.980392
0.980392
0.984314
0.984314
0.984314
0.984314
0.984314
0.988235
0.988235
0.980392
1.000000
0.925490
0.141176
0.000000
0.027451
0.000000
0.000000
0.000000
0.000000
0.019608
0.000000
0.090196
0.698039
0.996078
0.901961
0.890196
1.000000
0.988235
0.996078
0.996078
0.996078
0.996078
0.996078
0.996078
0.996078
0.996078
0.996078
0.988235
1.000000
0.933333
0.141176
0.000000
0.027451
0.000000
0.000000
0.000000
0.000000
0.019608
0.000000
0.090196
0.694118
0.992157
0.901961
0.890196
0.992157
0.980392
0.996078
0.996078
0.996078
0.996078
0.996078
0.996078
0.988235
0.992157
0.988235
0.984314
1.000000
0.933333
0.141176
0.000000
0.027451
0.000000
0.000000
0.000000
0.000000
0.019608
0.000000
0.094118
0.713725
1.000000
0.905882
0.886275
0.984314
0.972549
0.992157
0.992157
0.992157
0.992157
0.992157
0.992157
0.988235
0.988235
0.984314
0.984314
1.000000
0.929412
0.141176
0.000000
0.027451
0.000000
0.000000
0.000000
0.000000
0.019608
0.000000
0.101961
0.737255
1.000000
0.901961
0.886275
0.984314
0.976471
0.996078
0.996078
0.992157
0.992157
0.992157
0.992157
0.988235
0.988235
0.984314
0.984314
1.000000
0.925490
0.141176
0.000000
0.027451
0.000000
0.000000
0.000000
0.000000
0.019608
0.000000
0.101961
0.741176
1.000000
0.898039
0.882353
0.988235
0.984314
0.996078
0.996078
0.996078
0.996078
0.996078
0.996078
0.988235
0.988235
0.988235
0.984314
1.000000
0.921569
0.137255
0.000000
0.027451
0.000000
0.000000
0.000000
0.000000
0.019608
0.000000
0.101961
0.741176
0.996078
0.882353
0.874510
0.992157
0.992157
0.996078
0.996078
0.996078
0.996078
0.996078
0.992157
0.988235
0.988235
0.992157
0.980392
1.000000
0.905882
0.137255
0.000000
0.023529
0.000000
0.000000
0.000000
0.000000
0.019608
0.000000
0.094118
0.709804
0.996078
0.886275
0.854902
0.972549
0.996078
0.996078
0.996078
0.992157
0.992157
0.996078
0.992157
0.988235
0.984314
0.980392
0.980392
1.000000
0.913725
0.137255
0.000000
0.023529
0.000000
0.000000
0.000000
0.000000
0.019608
0.000000
0.090196
0.686275
1.000000
0.917647
0.862745
0.964706
1.000000
0.992157
0.984314
0.980392
0.984314
0.996078
0.996078
0.984314
0.972549
0.972549
0.976471
0.996078
0.929412
0.141176
0.000000
0.027451
0.000000
0.000000
0.000000
0.000000
0.019608
0.000000
0.094118
0.705882
1.000000
0.925490
0.901961
0.996078
1.000000
0.988235
0.976471
0.972549
0.980392
0.992157
0.992157
0.980392
0.972549
0.976471
0.964706
0.980392
0.925490
0.141176
0.000000
0.027451
0.000000
0.000000
0.000000
0.000000
0.019608
0.000000
0.094118
0.701961
0.996078
0.898039
0.874510
0.964706
0.964706
0.996078
0.988235
0.984314
0.992157
0.996078
0.996078
0.992157
0.992157
0.992157
0.988235
0.996078
0.925490
0.141176
0.000000
0.027451
0.000000
0.000000
0.000000
0.000000
0.019608
0.000000
0.098039
0.713725
0.996078
0.901961
0.886275
0.996078
0.988235
0.976471
0.972549
0.972549
0.980392
0.988235
0.984314
0.976471
0.976471
0.976471
0.992157
1.000000
0.909804
0.133333
0.000000
0.023529
0.000000
0.000000
0.000000
0.000000
0.019608
0.000000
0.098039
0.725490
1.000000
0.905882
0.874510
0.972549
0.980392
0.976471
0.972549
0.972549
0.980392
0.988235
0.980392
0.964706
0.964706
0.972549
0.968627
0.976471
0.901961
0.133333
0.000000
0.023529
0.000000
0.000000
0.000000
0.000000
0.019608
0.000000
0.098039
0.725490
0.992157
0.937255
0.894118
0.949020
0.968627
0.980392
0.976471
0.980392
0.992157
0.992157
0.980392
0.964706
0.960784
0.976471
0.968627
0.976471
0.913725
0.137255
0.000000
0.023529
0.000000
0.000000
0.000000
0.000000
0.019608
0.000000
0.086275
0.666667
0.933333
0.996078
0.988235
0.996078
1.000000
0.992157
0.992157
1.000000
1.000000
1.000000
1.000000
0.988235
0.988235
0.996078
1.000000
1.000000
0.862745
0.125490
0.000000
0.023529
0.000000
0.000000
0.000000
0.000000
0.011765
0.000000
0.058824
0.474510
0.733333
0.941176
0.992157
0.964706
0.980392
0.976471
0.980392
0.996078
1.000000
1.000000
1.000000
0.992157
0.996078
0.992157
1.000000
0.937255
0.650980
0.086275
0.000000
0.019608
0.000000
0.000000
0.000000
0.000000
0.003922
0.000000
0.019608
0.192157
0.372549
0.678431
0.756863
0.658823
0.654902
0.666667
0.670588
0.690196
0.713725
0.717647
0.713725
0.705882
0.709804
0.733333
0.752941
0.658823
0.380392
0.043137
0.000000
0.011765
0.000000
0.000000
0.000000
0.000000
0.000000
0.000000
0.000000
0.019608
0.066667
0.168627
0.192157
0.152941
0.149020
0.156863
0.156863
0.160784
0.172549
0.176471
0.172549
0.168627
0.168627
0.184314
0.192157
0.160784
0.082353
0.007843
0.000000
0.000000
0.000000
0.000000
0.000000
0.000000
0.000000
0.000000
0.000000
0.000000
0.000000
0.000000
0.000000
0.000000
0.000000
0.000000
0.000000
0.000000
0.000000
0.000000
0.000000
0.000000
0.000000
0.000000
0.000000
0.000000
0.000000
0.000000
0.000000
0.000000
0.000000
0.000000
0.000000
0.000000
0.000000
0.000000
0.000000
0.003922
0.007843
0.015686
0.019608
0.015686
0.015686
0.015686
0.015686
0.015686
0.015686
0.015686
0.015686
0.015686
0.015686
0.019608
0.019608
0.015686
0.007843
0.000000
0.000000
0.000000
0.000000
0.000000
0.000000
0.000000
0.000000
0.000000
0.000000
0.000000
0.000000
0.000000
0.000000
0.000000
0.000000
0.000000
0.000000
0.000000
0.000000
0.000000
0.000000
0.000000
0.000000
0.000000
0.000000
0.000000
0.000000
0.000000
0.000000
0.000000
0.000000
0.000000
