0.000000
0.000000
0.000000
0.000000
0.000000
0.000000
0.000000
0.000000
0.000000
0.000000
0.000000
0.000000
0.000000
0.000000
0.000000
0.000000
0.000000
0.000000
0.000000
0.000000
0.000000
0.000000
0.000000
0.000000
0.000000
0.000000
0.000000
0.000000
0.000000
0.000000
0.000000
0.000000
0.000000
0.011765
0.019608
0.023529
0.027451
0.027451
0.027451
0.027451
0.027451
0.027451
0.027451
0.027451
0.027451
0.027451
0.027451
0.027451
0.027451
0.023529
0.019608
0.003922
0.000000
0.000000
0.000000
0.000000
0.000000
0.000000
0.000000
0.000000
0.000000
0.000000
0.000000
0.000000
0.000000
0.000000
0.000000
0.000000
0.000000
0.000000
0.000000
0.000000
0.000000
0.000000
0.000000
0.000000
0.000000
0.000000
0.000000
0.000000
0.000000
0.000000
0.000000
0.000000
0.000000
0.000000
0.003922
0.000000
0.011765
0.109804
0.203922
0.286274
0.317647
0.317647
0.325490
0.321569
0.317647
0.313725
0.317647
0.321569
0.329412
0.349020
0.333333
0.313725
0.301961
0.270588
0.200000
0.027451
0.000000
0.007843
0.000000
0.000000
0.000000
0.000000
0.011765
0.000000
0.050980
0.447059
0.752941
0.949020
1.000000
1.000000
1.000000
1.000000
1.000000
1.000000
1.000000
1.000000
1.000000
1.000000
1.000000
1.000000
0.984314
0.925490
0.729412
0.101961
0.000000
0.023529
0.000000
0.000000
0.000000
0.000000
0.015686
0.000000
0.078431
0.619608
0.929412
0.972549
0.949020
0.964706
0.968627
0.968627
0.964706
0.964706
0.968627
0.976471
0.980392
0.968627
0.972549
0.976471
0.984314
1.000000
0.905882
0.133333
0.000000
0.023529
0.000000
0.000000
0.000000
0.000000
0.019608
0.000000
0.090196
0.666667
0.925490
0.968627
0.952941
0.960784
0.964706
0.968627
0.976471
0.984314
0.992157
0.996078
0.992157
0.964706
0.984314
0.996078
0.988235
1.000000
1.000000
0.156863
0.000000
0.027451
0.000000
0.000000
0.000000
0.000000
0.015686
0.000000
0.086275
0.647059
0.917647
0.960784
0.941176
0.941176
0.945098
0.956863
0.968627
0.980392
0.984314
0.984314
0.980392
0.972549
0.992157
0.968627
0.929412
0.980392
0.964706
0.149020
0.000000
0.027451
0.000000
0.000000
0.000000
0.000000
0.015686
0.000000
0.074510
0.600000
0.945098
0.984314
0.960784
0.964706
0.964706
0.968627
0.980392
0.988235
0.988235
0.988235
0.980392
0.984314
0.996078
0.956863
0.913725
0.984314
0.956863
0.149020
0.000000
0.027451
0.000000
0.000000
0.000000
0.000000
0.015686
0.000000
0.062745
0.560784
0.949020
1.000000
0.980392
0.988235
0.988235
0.984314
0.988235
0.988235
0.988235
0.988235
0.984314
0.988235
0.996078
0.968627
0.945098
1.000000
0.984314
0.152941
0.000000
0.027451
0.000000
0.000000
0.000000
0.000000
0.015686
0.000000
0.074510
0.603922
0.925490
0.984314
0.956863
0.972549
0.972549
0.972549
0.964706
0.964706
0.968627
0.968627
0.972549
0.988235
0.984314
0.960784
0.956863
1.000000
0.960784
0.149020
0.000000
0.027451
0.000000
0.000000
0.000000
0.000000
0.019608
0.000000
0.094118
0.698039
0.929412
0.952941
0.949020
0.960784
0.964706
0.968627
0.964706
0.964706
0.972549
0.976471
0.984314
0.988235
0.968627
0.949020
0.960784
1.000000
0.949020
0.145098
0.000000
0.027451
0.000000
0.000000
0.000000
0.000000
0.015686
0.000000
0.078431
0.611765
0.937255
0.972549
0.933333
0.937255
0.945098
0.960784
0.972549
0.972549
0.968627
0.968627
0.976471
0.972549
0.960784
0.960784
0.960784
1.000000
0.960784
0.149020
0.000000
0.027451
0.000000
0.000000
0.000000
0.000000
0.015686
0.000000
0.066667
0.564706
0.929412
0.988235
0.945098
0.941176
0.941176
0.956863
0.972549
0.972549
0.964706
0.968627
0.976471
0.980392
0.968627
0.972549
0.968627
1.000000
0.972549
0.149020
0.000000
0.027451
0.000000
0.000000
0.000000
0.000000
0.015686
0.000000
0.070588
0.584314
0.917647
0.996078
0.964706
0.952941
0.945098
0.956863
0.964706
0.964706
0.964706
0.972549
0.984314
0.984314
0.972549
0.972549
0.972549
1.000000
0.976471
0.149020
0.000000
0.027451
0.000000
0.000000
0.000000
0.000000
0.015686
0.000000
0.074510
0.600000
0.929412
1.000000
0.972549
0.956863
0.945098
0.952941
0.956863
0.956863
0.956863
0.968627
0.976471
0.972549
0.956863
0.964706
0.968627
1.000000
0.964706
0.149020
0.000000
0.027451
0.000000
0.000000
0.000000
0.000000
0.015686
0.000000
0.078431
0.615686
0.937255
1.000000
0.976471
0.956863
0.949020
0.952941
0.956863
0.952941
0.952941
0.960784
0.964706
0.964706
0.945098
0.952941
0.964706
1.000000
0.964706
0.149020
0.000000
0.027451
0.000000
0.000000
0.000000
0.000000
0.015686
0.000000
0.074510
0.607843
0.925490
1.000000
0.980392
0.964706
0.960784
0.968627
0.968627
0.960784
0.956863
0.952941
0.956863
0.960784
0.945098
0.952941
0.964706
1.000000
0.976471
0.149020
0.000000
0.027451
0.000000
0.000000
0.000000
0.000000
0.015686
0.000000
0.074510
0.588235
0.901961
0.996078
0.988235
0.972549
0.976471
0.984314
0.984314
0.976471
0.960784
0.956863
0.956863
0.956863
0.933333
0.945098
0.960784
1.000000
0.972549
0.149020
0.000000
0.027451
0.000000
0.000000
0.000000
0.000000
0.015686
0.000000
0.074510
0.584314
0.901961
0.996078
0.988235
0.976471
0.976471
0.980392
0.980392
0.972549
0.960784
0.956863
0.956863
0.952941
0.925490
0.925490
0.949020
0.996078
0.949020
0.145098
0.000000
0.027451
0.000000
0.000000
0.000000
0.000000
0.015686
0.000000
0.078431
0.631373
0.956863
0.996078
0.972549
0.952941
0.945098
0.949020
0.949020
0.941176
0.937255
0.937255
0.945098
0.956863
0.921569
0.917647
0.937255
0.992157
0.964706
0.149020
0.000000
0.027451
0.000000
0.000000
0.000000
0.000000
0.019608
0.000000
0.078431
0.631373
0.972549
1.000000
0.992157
0.976471
0.960784
0.960784
0.960784
0.956863
0.956863
0.960784
0.972549
0.996078
0.964706
0.956863
0.976471
1.000000
0.933333
0.141176
0.000000
0.027451
0.000000
0.000000
0.000000
0.000000
0.011765
0.000000
0.050980
0.454902
0.803922
0.980392
1.000000
0.996078
1.000000
1.000000
1.000000
0.996078
1.000000
1.000000
1.000000
1.000000
0.988235
0.980392
1.000000
0.984314
0.705882
0.094118
0.000000
0.019608
0.000000
0.000000
0.000000
0.000000
0.003922
0.000000
0.019608
0.223529
0.454902
0.615686
0.658823
0.654902
0.662745
0.670588
0.678431
0.682353
0.682353
0.682353
0.682353
0.694118
0.694118
0.701961
0.709804
0.650980
0.435294
0.054902
0.000000
0.011765
0.000000
0.000000
0.000000
0.000000
0.000000
0.000000
0.003922
0.039216
0.090196
0.129412
0.145098
0.145098
0.149020
0.149020
0.152941
0.156863
0.156863
0.156863
0.156863
0.164706
0.164706
0.168627
0.168627
0.145098
0.098039
0.011765
0.000000
0.003922
0.000000
0.000000
0.000000
0.000000
0.000000
0.000000
0.000000
0.000000
0.000000
0.000000
0.000000
0.000000
0.000000
0.000000
0.000000
0.000000
0.000000
0.000000
0.000000
0.000000
0.000000
0.000000
0.000000
0.000000
0.000000
0.000000
0.000000
0.000000
0.000000
0.000000
0.000000
0.000000
0.000000
0.000000
0.000000
0.003922
0.011765
0.015686
0.015686
0.015686
0.015686
0.015686
0.015686
0.015686
0.015686
0.015686
0.015686
0.015686
0.015686
0.015686
0.015686
0.015686
0.011765
0.000000
0.000000
0.000000
0.000000
0.000000
0.000000
0.000000
0.000000
0.000000
0.000000
0.000000
0.000000
0.000000
0.000000
0.000000
0.000000
0.000000
0.000000
0.000000
0.000000
0.000000
0.000000
0.000000
0.000000
0.000000
0.000000
0.000000
0.000000
0.000000
0.000000
0.000000
0.000000
0.000000
