0.000000
0.000000
0.000000
0.000000
0.000000
0.000000
0.000000
0.000000
0.000000
0.000000
0.000000
0.000000
0.000000
0.000000
0.000000
0.000000
0.000000
0.000000
0.000000
0.000000
0.000000
0.000000
0.000000
0.000000
0.000000
0.000000
0.000000
0.000000
0.000000
0.000000
0.000000
0.003922
0.011765
0.019608
0.023529
0.023529
0.023529
0.023529
0.023529
0.023529
0.023529
0.023529
0.023529
0.023529
0.023529
0.023529
0.023529
0.023529
0.023529
0.019608
0.011765
0.000000
0.000000
0.000000
0.000000
0.000000
0.000000
0.000000
0.000000
0.000000
0.000000
0.000000
0.000000
0.000000
0.000000
0.000000
0.000000
0.000000
0.000000
0.000000
0.000000
0.000000
0.000000
0.000000
0.000000
0.000000
0.000000
0.000000
0.000000
0.000000
0.000000
0.000000
0.000000
0.000000
0.000000
0.003922
0.000000
0.011765
0.082353
0.125490
0.145098
0.156863
0.164706
0.164706
0.152941
0.160784
0.160784
0.152941
0.152941
0.160784
0.168627
0.168627
0.168627
0.172549
0.160784
0.133333
0.074510
0.000000
0.000000
0.003922
0.000000
0.000000
0.000000
0.011765
0.000000
0.078431
0.462745
0.698039
0.788235
0.819608
0.854902
0.854902
0.815686
0.835294
0.847059
0.807843
0.811765
0.839216
0.862745
0.870588
0.870588
0.878431
0.847059
0.729412
0.419608
0.007843
0.000000
0.011765
0.000000
0.000000
0.000000
0.019608
0.000000
0.105882
0.627451
0.937255
1.000000
0.992157
1.000000
1.000000
1.000000
1.000000
1.000000
1.000000
1.000000
1.000000
1.000000
1.000000
1.000000
1.000000
1.000000
0.956863
0.592157
0.015686
0.000000
0.015686
0.000000
0.000000
0.000000
0.019608
0.000000
0.101961
0.619608
0.956863
1.000000
0.925490
0.917647
0.964706
0.949020
0.952941
0.964706
0.952941
0.976471
0.949020
0.941176
0.952941
0.941176
0.921569
0.968627
1.000000
0.662745
0.015686
0.000000
0.019608
0.000000
0.000000
0.000000
0.015686
0.000000
0.098039
0.592157
0.945098
0.976471
0.874510
0.886275
0.941176
0.929412
0.941176
0.956863
0.937255
0.952941
0.933333
0.933333
0.941176
0.913725
0.878431
0.949020
0.980392
0.631373
0.015686
0.000000
0.019608
0.000000
0.000000
0.000000
0.015686
0.000000
0.098039
0.607843
0.972549
0.976471
0.898039
0.933333
0.964706
0.972549
0.984314
1.000000
0.996078
0.980392
0.976471
0.992157
0.984314
0.956863
0.909804
0.980392
0.960784
0.572549
0.015686
0.000000
0.015686
0.000000
0.000000
0.000000
0.015686
0.000000
0.098039
0.603922
0.968627
0.976471
0.894118
0.933333
0.968627
0.972549
0.984314
0.996078
0.992157
0.980392
0.976471
0.984314
0.980392
0.952941
0.905882
0.976471
0.964706
0.580392
0.015686
0.000000
0.015686
0.000000
0.000000
0.000000
0.015686
0.000000
0.094118
0.600000
0.964706
0.976471
0.898039
0.937255
0.972549
0.976471
0.988235
0.996078
0.992157
0.984314
0.980392
0.984314
0.980392
0.952941
0.905882
0.976471
0.964706
0.576471
0.015686
0.000000
0.015686
0.000000
0.000000
0.000000
0.015686
0.000000
0.094118
0.592157
0.960784
0.980392
0.905882
0.945098
0.980392
0.984314
0.992157
0.996078
0.992157
0.984314
0.980392
0.984314
0.980392
0.952941
0.901961
0.972549
0.964706
0.576471
0.015686
0.000000
0.015686
0.000000
0.000000
0.000000
0.015686
0.000000
0.094118
0.588235
0.960784
0.980392
0.905882
0.949020
0.984314
0.988235
0.992157
0.996078
0.984314
0.984314
0.980392
0.984314
0.980392
0.949020
0.898039
0.972549
0.964706
0.580392
0.015686
0.000000
0.015686
0.000000
0.000000
0.000000
0.015686
0.000000
0.094118
0.588235
0.960784
0.980392
0.905882
0.949020
0.984314
0.984314
0.992157
0.992157
0.980392
0.980392
0.980392
0.984314
0.976471
0.945098
0.898039
0.972549
0.968627
0.584314
0.015686
0.000000
0.015686
0.000000
0.000000
0.000000
0.015686
0.000000
0.094118
0.588235
0.960784
0.980392
0.905882
0.945098
0.980392
0.980392
0.980392
0.980392
0.972549
0.976471
0.972549
0.972549
0.968627
0.941176
0.898039
0.972549
0.972549
0.592157
0.015686
0.000000
0.015686
0.000000
0.000000
0.000000
0.015686
0.000000
0.094118
0.592157
0.964706
0.980392
0.901961
0.941176
0.972549
0.968627
0.972549
0.976471
0.968627
0.972549
0.968627
0.972549
0.964706
0.937255
0.898039
0.972549
0.976471
0.600000
0.015686
0.000000
0.015686
0.000000
0.000000
0.000000
0.015686
0.000000
0.094118
0.600000
0.968627
0.980392
0.894118
0.933333
0.968627
0.968627
0.972549
0.968627
0.960784
0.964706
0.968627
0.968627
0.960784
0.937255
0.894118
0.976471
0.980392
0.600000
0.015686
0.000000
0.015686
0.000000
0.000000
0.000000
0.015686
0.000000
0.094118
0.600000
0.968627
0.980392
0.901961
0.933333
0.949020
0.945098
0.964706
0.972549
0.960784
0.968627
0.964706
0.964706
0.964706
0.945098
0.905882
0.964706
0.968627
0.603922
0.015686
0.000000
0.015686
0.000000
0.000000
0.000000
0.015686
0.000000
0.098039
0.603922
0.964706
0.980392
0.921569
0.949020
0.925490
0.913725
0.968627
0.992157
0.960784
0.980392
0.964706
0.968627
0.984314
0.964706
0.933333
0.949020
0.949020
0.619608
0.015686
0.000000
0.015686
0.000000
0.000000
0.000000
0.015686
0.000000
0.101961
0.619608
0.968627
0.976471
0.917647
0.972549
0.988235
0.988235
1.000000
0.988235
0.956863
0.988235
0.984314
0.988235
0.996078
0.968627
0.945098
0.968627
0.980392
0.647059
0.015686
0.000000
0.019608
0.000000
0.000000
0.000000
0.015686
0.000000
0.101961
0.631373
0.976471
0.960784
0.862745
0.898039
0.941176
0.960784
0.972549
0.945098
0.917647
0.949020
0.949020
0.941176
0.933333
0.905882
0.905882
0.960784
0.996078
0.701961
0.019608
0.000000
0.019608
0.000000
0.000000
0.000000
0.015686
0.000000
0.094118
0.600000
0.960784
0.960784
0.839216
0.827451
0.847059
0.866667
0.890196
0.894118
0.894118
0.905882
0.898039
0.886275
0.866667
0.847059
0.874510
0.949020
1.000000
0.709804
0.019608
0.000000
0.019608
0.000000
0.000000
0.000000
0.015686
0.000000
0.078431
0.549020
0.960784
1.000000
0.964706
0.945098
0.937255
0.937255
0.929412
0.952941
0.984314
0.972549
0.968627
0.964706
0.952941
0.945098
0.976471
1.000000
1.000000
0.666667
0.015686
0.000000
0.019608
0.000000
0.000000
0.000000
0.011765
0.000000
0.058824
0.447059
0.847059
0.988235
0.996078
1.000000
1.000000
0.996078
0.960784
0.952941
0.972549
0.968627
0.972549
0.976471
0.976471
0.976471
0.992157
0.972549
0.878431
0.533333
0.011765
0.000000
0.015686
0.000000
0.000000
0.000000
0.003922
0.000000
0.011765
0.086275
0.168627
0.200000
0.207843
0.215686
0.215686
0.211765
0.200000
0.196078
0.200000
0.200000
0.203922
0.203922
0.203922
0.203922
0.207843
0.200000
0.172549
0.098039
0.003922
0.000000
0.003922
0.000000
0.000000
0.000000
0.000000
0.000000
0.000000
0.000000
0.000000
0.000000
0.000000
0.000000
0.000000
0.000000
0.000000
0.000000
0.000000
0.000000
0.000000
0.000000
0.000000
0.000000
0.000000
0.000000
0.000000
0.000000
0.000000
0.000000
0.000000
0.000000
0.000000
0.000000
0.000000
0.000000
0.000000
0.011765
0.023529
0.027451
0.027451
0.027451
0.027451
0.027451
0.027451
0.027451
0.027451
0.027451
0.027451
0.027451
0.027451
0.027451
0.027451
0.027451
0.023529
0.015686
0.000000
0.000000
0.000000
0.000000
0.000000
0.000000
0.000000
0.000000
0.000000
0.000000
0.000000
0.000000
0.000000
0.000000
0.000000
0.000000
0.000000
0.000000
0.000000
0.000000
0.000000
0.000000
0.000000
0.000000
0.000000
0.000000
0.000000
0.000000
0.000000
0.000000
0.000000
0.000000
0.000000
