0.000000
0.000000
0.000000
0.000000
0.000000
0.000000
0.000000
0.000000
0.000000
0.000000
0.000000
0.000000
0.000000
0.000000
0.000000
0.000000
0.000000
0.000000
0.000000
0.000000
0.000000
0.000000
0.000000
0.000000
0.000000
0.000000
0.000000
0.000000
0.000000
0.000000
0.000000
0.000000
0.000000
0.007843
0.011765
0.015686
0.015686
0.015686
0.015686
0.015686
0.015686
0.015686
0.015686
0.015686
0.015686
0.015686
0.015686
0.015686
0.015686
0.007843
0.000000
0.000000
0.000000
0.000000
0.000000
0.000000
0.000000
0.000000
0.000000
0.000000
0.000000
0.000000
0.000000
0.000000
0.000000
0.000000
0.000000
0.000000
0.000000
0.000000
0.000000
0.000000
0.000000
0.000000
0.000000
0.000000
0.000000
0.000000
0.000000
0.000000
0.000000
0.000000
0.000000
0.000000
0.000000
0.000000
0.000000
0.011765
0.000000
0.258824
0.588235
0.635294
0.623529
0.639216
0.658823
0.631373
0.623529
0.647059
0.658823
0.650980
0.627451
0.615686
0.619608
0.627451
0.741176
0.352941
0.000000
0.019608
0.000000
0.000000
0.000000
0.000000
0.000000
0.000000
0.000000
0.023529
0.000000
0.419608
0.956863
1.000000
1.000000
1.000000
1.000000
1.000000
1.000000
1.000000
1.000000
1.000000
1.000000
1.000000
1.000000
0.988235
1.000000
0.564706
0.000000
0.031373
0.000000
0.000000
0.000000
0.000000
0.000000
0.000000
0.000000
0.023529
0.000000
0.427451
0.960784
1.000000
0.956863
0.960784
0.968627
0.972549
0.996078
1.000000
1.000000
0.992157
0.988235
0.992157
1.000000
0.972549
0.988235
0.505882
0.000000
0.027451
0.000000
0.000000
0.000000
0.000000
0.000000
0.000000
0.000000
0.019608
0.000000
0.411765
0.945098
0.992157
0.901961
0.898039
0.949020
0.980392
0.972549
0.988235
0.988235
0.972549
0.968627
0.976471
0.984314
0.976471
1.000000
0.462745
0.000000
0.027451
0.000000
0.000000
0.000000
0.000000
0.000000
0.000000
0.000000
0.019608
0.000000
0.380392
0.921569
0.996078
0.901961
0.905882
0.972549
1.000000
0.956863
0.972549
0.972549
0.964706
0.960784
0.976471
0.988235
0.980392
1.000000
0.482353
0.000000
0.027451
0.000000
0.000000
0.000000
0.000000
0.000000
0.000000
0.000000
0.019608
0.000000
0.360784
0.905882
1.000000
0.933333
0.921569
0.980392
0.996078
0.949020
0.968627
0.972549
0.960784
0.960784
0.980392
0.996078
0.984314
1.000000
0.482353
0.000000
0.027451
0.000000
0.000000
0.000000
0.000000
0.000000
0.000000
0.000000
0.019608
0.000000
0.360784
0.905882
1.000000
0.964706
0.945098
0.976471
0.984314
0.949020
0.968627
0.980392
0.968627
0.968627
0.988235
0.996078
0.988235
1.000000
0.462745
0.000000
0.027451
0.000000
0.000000
0.000000
0.000000
0.000000
0.000000
0.000000
0.019608
0.000000
0.364706
0.905882
1.000000
0.984314
0.980392
0.984314
0.972549
0.949020
0.972549
0.984314
0.980392
0.980392
0.992157
0.996078
0.980392
1.000000
0.482353
0.000000
0.027451
0.000000
0.000000
0.000000
0.000000
0.000000
0.000000
0.000000
0.019608
0.000000
0.364706
0.901961
1.000000
0.984314
0.992157
0.996078
0.968627
0.949020
0.972549
0.988235
0.988235
0.992157
0.996078
1.000000
0.976471
1.000000
0.494118
0.000000
0.027451
0.000000
0.000000
0.000000
0.000000
0.000000
0.000000
0.000000
0.019608
0.000000
0.384314
0.913725
1.000000
0.956863
0.972549
0.972549
0.952941
0.945098
0.972549
0.992157
0.992157
0.992157
0.992157
0.996078
0.976471
1.000000
0.474510
0.000000
0.027451
0.000000
0.000000
0.000000
0.000000
0.000000
0.000000
0.000000
0.019608
0.000000
0.411765
0.949020
0.996078
0.945098
0.945098
0.945098
0.964706
0.945098
0.988235
1.000000
1.000000
0.968627
0.952941
0.968627
0.980392
1.000000
0.474510
0.000000
0.027451
0.000000
0.000000
0.000000
0.000000
0.000000
0.000000
0.000000
0.019608
0.000000
0.407843
0.945098
1.000000
0.964706
0.964706
0.956863
0.976471
0.972549
0.980392
0.976471
0.964706
0.945098
0.945098
0.960784
0.964706
1.000000
0.494118
0.000000
0.027451
0.000000
0.000000
0.000000
0.000000
0.000000
0.000000
0.000000
0.019608
0.000000
0.396078
0.933333
1.000000
0.972549
0.976471
0.964706
0.980392
0.976471
0.980392
0.968627
0.941176
0.909804
0.901961
0.925490
0.949020
1.000000
0.501961
0.000000
0.027451
0.000000
0.000000
0.000000
0.000000
0.000000
0.000000
0.000000
0.019608
0.000000
0.380392
0.909804
0.992157
0.968627
0.976471
0.960784
0.972549
0.976471
0.992157
0.996078
0.960784
0.901961
0.866667
0.905882
0.960784
1.000000
0.494118
0.000000
0.027451
0.000000
0.000000
0.000000
0.000000
0.000000
0.000000
0.000000
0.019608
0.000000
0.380392
0.901961
0.988235
0.964706
0.976471
0.952941
0.968627
0.988235
0.984314
0.976471
0.960784
0.933333
0.917647
0.945098
0.976471
1.000000
0.482353
0.000000
0.027451
0.000000
0.000000
0.000000
0.000000
0.000000
0.000000
0.000000
0.019608
0.000000
0.384314
0.913725
0.992157
0.964706
0.968627
0.952941
0.972549
0.984314
0.909804
0.862745
0.894118
0.960784
0.988235
0.988235
0.964706
1.000000
0.486274
0.000000
0.027451
0.000000
0.000000
0.000000
0.000000
0.000000
0.000000
0.000000
0.019608
0.000000
0.396078
0.933333
0.996078
0.952941
0.956863
0.941176
0.968627
0.972549
0.850980
0.776471
0.831373
0.952941
1.000000
0.996078
0.933333
1.000000
0.482353
0.000000
0.027451
0.000000
0.000000
0.000000
0.000000
0.000000
0.000000
0.000000
0.019608
0.000000
0.407843
0.941176
0.984314
0.929412
0.925490
0.905882
0.952941
0.996078
0.874510
0.792157
0.835294
0.941176
0.988235
0.980392
0.952941
1.000000
0.458824
0.000000
0.027451
0.000000
0.000000
0.000000
0.000000
0.000000
0.000000
0.000000
0.019608
0.000000
0.388235
0.925490
0.984314
0.937255
0.941176
0.952941
0.960784
0.956863
0.913725
0.894118
0.917647
0.949020
0.980392
0.984314
0.956863
0.996078
0.447059
0.000000
0.027451
0.000000
0.000000
0.000000
0.000000
0.000000
0.000000
0.000000
0.019608
0.000000
0.368627
0.909804
1.000000
0.988235
1.000000
0.996078
0.862745
0.682353
0.760784
0.890196
0.980392
0.992157
1.000000
1.000000
0.960784
0.992157
0.486274
0.000000
0.027451
0.000000
0.000000
0.000000
0.000000
0.000000
0.000000
0.000000
0.019608
0.000000
0.372549
0.894118
1.000000
1.000000
0.996078
0.882353
0.592157
0.262745
0.443137
0.729412
0.968627
1.000000
0.976471
0.976471
0.984314
1.000000
0.525490
0.000000
0.031373
0.000000
0.000000
0.000000
0.000000
0.000000
0.000000
0.000000
0.011765
0.000000
0.231373
0.541176
0.607843
0.619608
0.600000
0.486274
0.258824
0.007843
0.164706
0.403922
0.592157
0.615686
0.568627
0.560784
0.596078
0.701961
0.325490
0.000000
0.019608
0.000000
0.000000
0.000000
0.000000
0.000000
0.000000
0.000000
0.000000
0.000000
0.000000
0.000000
0.000000
0.000000
0.000000
0.000000
0.000000
0.003922
0.000000
0.000000
0.000000
0.000000
0.000000
0.000000
0.000000
0.000000
0.000000
0.000000
0.000000
0.000000
0.000000
0.000000
0.000000
0.000000
0.000000
0.000000
0.000000
0.000000
0.003922
0.011765
0.015686
0.015686
0.015686
0.011765
0.007843
0.000000
0.003922
0.007843
0.015686
0.015686
0.011765
0.011765
0.015686
0.015686
0.007843
0.000000
0.000000
0.000000
0.000000
0.000000
0.000000
0.000000
0.000000
0.000000
0.000000
0.000000
0.000000
0.000000
0.000000
0.000000
0.000000
0.000000
0.000000
0.000000
0.000000
0.000000
0.000000
0.000000
0.000000
0.000000
0.000000
0.000000
0.000000
0.000000
0.000000
0.000000
0.000000
0.000000
0.000000
