0.000000
0.000000
0.000000
0.000000
0.000000
0.000000
0.000000
0.000000
0.000000
0.000000
0.000000
0.000000
0.000000
0.000000
0.000000
0.000000
0.000000
0.000000
0.000000
0.000000
0.000000
0.000000
0.000000
0.000000
0.000000
0.000000
0.000000
0.000000
0.000000
0.000000
0.000000
0.000000
0.000000
0.011765
0.019608
0.023529
0.023529
0.023529
0.023529
0.023529
0.023529
0.023529
0.023529
0.023529
0.023529
0.023529
0.023529
0.023529
0.023529
0.015686
0.007843
0.000000
0.000000
0.000000
0.000000
0.000000
0.000000
0.000000
0.000000
0.000000
0.000000
0.000000
0.000000
0.000000
0.000000
0.000000
0.000000
0.000000
0.000000
0.000000
0.000000
0.000000
0.000000
0.000000
0.000000
0.000000
0.000000
0.000000
0.000000
0.000000
0.000000
0.000000
0.000000
0.000000
0.000000
0.000000
0.003922
0.000000
0.015686
0.137255
0.219608
0.258824
0.250980
0.247059
0.262745
0.243137
0.250980
0.258824
0.254902
0.243137
0.247059
0.274510
0.266667
0.254902
0.239216
0.168627
0.047059
0.000000
0.000000
0.003922
0.000000
0.000000
0.000000
0.000000
0.015686
0.000000
0.074510
0.556863
0.796078
0.901961
0.886275
0.874510
0.917647
0.870588
0.890196
0.905882
0.886275
0.858824
0.866667
0.937255
0.905882
0.878431
0.854902
0.666667
0.305882
0.027451
0.000000
0.007843
0.000000
0.000000
0.000000
0.000000
0.023529
0.000000
0.117647
0.803922
0.949020
0.988235
0.992157
0.980392
0.996078
1.000000
0.996078
0.996078
0.988235
0.968627
0.964706
0.992157
0.964706
0.945098
0.968627
0.905882
0.619608
0.078431
0.000000
0.015686
0.000000
0.000000
0.000000
0.000000
0.027451
0.000000
0.141176
0.925490
0.972549
0.929412
0.929412
0.901961
0.894118
0.901961
0.894118
0.917647
0.933333
0.913725
0.909804
0.933333
0.890196
0.850980
0.909804
0.937255
0.686275
0.094118
0.000000
0.019608
0.000000
0.000000
0.000000
0.000000
0.027451
0.000000
0.156863
0.988235
0.988235
0.921569
0.952941
0.945098
0.917647
0.952941
0.945098
0.941176
0.949020
0.952941
0.952941
0.968627
0.921569
0.854902
0.909804
0.980392
0.737255
0.101961
0.000000
0.019608
0.000000
0.000000
0.000000
0.000000
0.027451
0.000000
0.160784
1.000000
0.992157
0.925490
0.988235
1.000000
0.976471
1.000000
1.000000
0.984314
0.984314
1.000000
1.000000
1.000000
0.976471
0.882353
0.917647
1.000000
0.741176
0.101961
0.000000
0.019608
0.000000
0.000000
0.000000
0.000000
0.027451
0.000000
0.160784
1.000000
0.988235
0.933333
0.988235
0.988235
0.964706
0.992157
0.976471
0.972549
0.988235
0.992157
0.988235
0.992157
0.980392
0.862745
0.886275
0.988235
0.705882
0.098039
0.000000
0.019608
0.000000
0.000000
0.000000
0.000000
0.027451
0.000000
0.156863
0.996078
1.000000
0.968627
1.000000
0.988235
0.964706
0.988235
0.952941
0.976471
1.000000
0.992157
0.984314
0.996078
0.992157
0.858824
0.874510
1.000000
0.717647
0.098039
0.000000
0.019608
0.000000
0.000000
0.000000
0.000000
0.027451
0.000000
0.149020
0.964706
1.000000
0.960784
0.992157
1.000000
0.992157
1.000000
1.000000
0.992157
0.996078
0.992157
0.976471
0.988235
0.996078
0.847059
0.854902
1.000000
0.721569
0.098039
0.000000
0.019608
0.000000
0.000000
0.000000
0.000000
0.027451
0.000000
0.152941
0.980392
1.000000
0.976471
0.980392
0.976471
0.972549
0.984314
0.984314
0.968627
0.984314
0.996078
0.980392
0.992157
1.000000
0.839216
0.839216
1.000000
0.709804
0.094118
0.000000
0.019608
0.000000
0.000000
0.000000
0.000000
0.027451
0.000000
0.156863
1.000000
1.000000
0.980392
0.988235
0.980392
0.964706
0.980392
0.988235
0.968627
0.960784
0.980392
0.992157
0.996078
1.000000
0.870588
0.878431
1.000000
0.713725
0.098039
0.000000
0.019608
0.000000
0.000000
0.000000
0.000000
0.027451
0.000000
0.156863
0.992157
1.000000
0.972549
0.992157
0.992157
0.976471
0.996078
1.000000
0.992157
0.972549
0.980392
0.996078
0.984314
0.984314
0.878431
0.898039
1.000000
0.717647
0.098039
0.000000
0.019608
0.000000
0.000000
0.000000
0.000000
0.027451
0.000000
0.152941
0.984314
1.000000
0.972549
0.984314
0.988235
0.980392
0.992157
0.992157
0.996078
0.996078
0.992157
0.996078
0.976471
0.972549
0.862745
0.886275
1.000000
0.721569
0.098039
0.000000
0.019608
0.000000
0.000000
0.000000
0.000000
0.027451
0.000000
0.152941
0.996078
1.000000
0.976471
0.984314
0.984314
0.976471
0.980392
0.976471
0.980392
0.980392
0.980392
0.996078
0.980392
0.980392
0.878431
0.898039
1.000000
0.737255
0.101961
0.000000
0.019608
0.000000
0.000000
0.000000
0.000000
0.027451
0.000000
0.152941
0.996078
1.000000
0.976471
0.992157
0.992157
0.984314
0.988235
0.980392
0.972549
0.968627
0.976471
0.996078
0.996078
1.000000
0.894118
0.905882
1.000000
0.733333
0.098039
0.000000
0.019608
0.000000
0.000000
0.000000
0.000000
0.027451
0.000000
0.149020
0.976471
1.000000
0.972549
0.988235
1.000000
0.996078
0.996078
0.996078
0.992157
0.984314
0.988235
0.996078
1.000000
0.996078
0.882353
0.898039
1.000000
0.713725
0.098039
0.000000
0.019608
0.000000
0.000000
0.000000
0.000000
0.027451
0.000000
0.149020
0.976471
1.000000
0.964706
0.972549
0.988235
0.988235
0.992157
0.984314
0.992157
0.992157
0.984314
0.988235
0.972549
0.964706
0.862745
0.886275
0.996078
0.737255
0.101961
0.000000
0.019608
0.000000
0.000000
0.000000
0.000000
0.027451
0.000000
0.152941
0.980392
1.000000
0.949020
0.941176
0.952941
0.952941
0.956863
0.933333
0.952941
0.968627
0.952941
0.964706
0.937255
0.941176
0.858824
0.886275
1.000000
0.756863
0.105882
0.000000
0.019608
0.000000
0.000000
0.000000
0.000000
0.027451
0.000000
0.149020
0.984314
1.000000
0.917647
0.898039
0.913725
0.921569
0.925490
0.898039
0.921569
0.941176
0.941176
0.960784
0.945098
0.949020
0.843137
0.874510
1.000000
0.733333
0.098039
0.000000
0.019608
0.000000
0.000000
0.000000
0.000000
0.027451
0.000000
0.141176
0.925490
0.972549
0.886275
0.874510
0.898039
0.921569
0.933333
0.913725
0.929412
0.941176
0.952941
0.984314
0.972549
0.964706
0.839216
0.839216
0.921569
0.627451
0.082353
0.000000
0.015686
0.000000
0.000000
0.000000
0.000000
0.015686
0.000000
0.074510
0.556863
0.827451
0.984314
1.000000
0.996078
0.964706
0.972549
1.000000
1.000000
1.000000
0.988235
0.972549
0.980392
1.000000
1.000000
0.870588
0.596078
0.282353
0.027451
0.000000
0.007843
0.000000
0.000000
0.000000
0.000000
0.003922
0.000000
0.011765
0.113725
0.231373
0.317647
0.341176
0.321569
0.301961
0.305882
0.321569
0.329412
0.325490
0.309804
0.294118
0.301961
0.325490
0.345098
0.274510
0.133333
0.035294
0.000000
0.000000
0.000000
0.000000
0.000000
0.000000
0.000000
0.000000
0.000000
0.000000
0.000000
0.000000
0.000000
0.000000
0.000000
0.000000
0.000000
0.000000
0.000000
0.000000
0.000000
0.000000
0.000000
0.000000
0.000000
0.000000
0.000000
0.000000
0.000000
0.000000
0.000000
0.000000
0.000000
0.000000
0.000000
0.000000
0.000000
0.000000
0.011765
0.019608
0.027451
0.027451
0.027451
0.023529
0.027451
0.027451
0.027451
0.027451
0.027451
0.023529
0.027451
0.027451
0.027451
0.023529
0.015686
0.003922
0.000000
0.000000
0.000000
0.000000
0.000000
0.000000
0.000000
0.000000
0.000000
0.000000
0.000000
0.000000
0.000000
0.000000
0.000000
0.000000
0.000000
0.000000
0.000000
0.000000
0.000000
0.000000
0.000000
0.000000
0.000000
0.000000
0.000000
0.000000
0.000000
0.000000
0.000000
0.000000
0.000000
