0.000000
0.000000
0.000000
0.000000
0.000000
0.000000
0.000000
0.000000
0.000000
0.000000
0.000000
0.000000
0.000000
0.000000
0.000000
0.000000
0.000000
0.000000
0.000000
0.000000
0.000000
0.000000
0.000000
0.000000
0.000000
0.000000
0.000000
0.000000
0.000000
0.000000
0.000000
0.000000
0.000000
0.011765
0.019608
0.023529
0.027451
0.027451
0.023529
0.023529
0.023529
0.023529
0.023529
0.023529
0.023529
0.023529
0.023529
0.027451
0.027451
0.023529
0.015686
0.003922
0.000000
0.000000
0.000000
0.000000
0.000000
0.000000
0.000000
0.000000
0.000000
0.000000
0.000000
0.000000
0.000000
0.000000
0.000000
0.000000
0.000000
0.000000
0.000000
0.000000
0.000000
0.000000
0.000000
0.000000
0.000000
0.000000
0.000000
0.000000
0.000000
0.000000
0.000000
0.000000
0.000000
0.000000
0.003922
0.000000
0.011765
0.101961
0.200000
0.278431
0.313725
0.305882
0.282353
0.290196
0.298039
0.298039
0.294118
0.290196
0.290196
0.294118
0.298039
0.305882
0.298039
0.250980
0.160784
0.019608
0.000000
0.003922
0.000000
0.000000
0.000000
0.000000
0.011765
0.000000
0.047059
0.427451
0.745098
0.941176
1.000000
0.976471
0.945098
0.964706
0.980392
0.980392
0.972549
0.960784
0.960784
0.972549
0.972549
0.996078
0.988235
0.886275
0.635294
0.082353
0.000000
0.019608
0.000000
0.000000
0.000000
0.000000
0.015686
0.000000
0.070588
0.584314
0.937255
1.000000
0.956863
0.949020
1.000000
1.000000
0.996078
1.000000
1.000000
1.000000
1.000000
0.996078
0.988235
0.984314
0.992157
1.000000
0.866667
0.125490
0.000000
0.023529
0.000000
0.000000
0.000000
0.000000
0.015686
0.000000
0.062745
0.560784
0.972549
0.964706
0.898039
0.964706
1.000000
1.000000
1.000000
1.000000
1.000000
1.000000
0.996078
0.996078
0.996078
0.972549
0.901961
0.949020
0.992157
0.156863
0.000000
0.027451
0.000000
0.000000
0.000000
0.000000
0.015686
0.000000
0.062745
0.545098
0.968627
0.949020
0.882353
0.968627
0.996078
1.000000
1.000000
0.996078
0.992157
0.992157
0.988235
0.992157
0.996078
0.964706
0.874510
0.921569
1.000000
0.164706
0.000000
0.027451
0.000000
0.000000
0.000000
0.000000
0.015686
0.000000
0.062745
0.549020
0.968627
0.952941
0.886275
0.960784
1.000000
1.000000
1.000000
0.996078
0.996078
0.996078
0.992157
0.992157
0.996078
0.972549
0.886275
0.925490
0.996078
0.160784
0.000000
0.027451
0.000000
0.000000
0.000000
0.000000
0.015686
0.000000
0.058824
0.537255
0.968627
0.952941
0.882353
0.956863
1.000000
1.000000
1.000000
0.996078
0.996078
0.996078
0.992157
0.992157
0.996078
0.980392
0.894118
0.913725
0.992157
0.160784
0.000000
0.027451
0.000000
0.000000
0.000000
0.000000
0.015686
0.000000
0.058824
0.529412
0.964706
0.952941
0.882353
0.960784
1.000000
1.000000
1.000000
0.996078
0.996078
0.996078
0.992157
0.992157
0.992157
0.988235
0.905882
0.913725
0.988235
0.160784
0.000000
0.027451
0.000000
0.000000
0.000000
0.000000
0.015686
0.000000
0.054902
0.513726
0.960784
0.952941
0.890196
0.968627
1.000000
1.000000
1.000000
0.996078
0.996078
0.996078
0.992157
0.992157
0.992157
0.992157
0.913725
0.917647
0.992157
0.160784
0.000000
0.027451
0.000000
0.000000
0.000000
0.000000
0.015686
0.000000
0.054902
0.509804
0.960784
0.952941
0.890196
0.968627
1.000000
1.000000
1.000000
0.996078
0.996078
0.996078
0.992157
0.992157
0.992157
0.996078
0.917647
0.917647
0.996078
0.160784
0.000000
0.027451
0.000000
0.000000
0.000000
0.000000
0.015686
0.000000
0.054902
0.513726
0.964706
0.956863
0.890196
0.968627
1.000000
1.000000
1.000000
0.996078
0.996078
0.996078
0.992157
0.992157
0.992157
0.996078
0.917647
0.917647
1.000000
0.160784
0.000000
0.027451
0.000000
0.000000
0.000000
0.000000
0.015686
0.000000
0.054902
0.521569
0.964706
0.960784
0.886275
0.960784
1.000000
1.000000
1.000000
0.996078
0.996078
0.996078
0.992157
0.992157
0.992157
0.992157
0.913725
0.917647
1.000000
0.160784
0.000000
0.027451
0.000000
0.000000
0.000000
0.000000
0.015686
0.000000
0.058824
0.529412
0.964706
0.956863
0.878431
0.952941
1.000000
1.000000
1.000000
0.996078
0.996078
0.996078
0.996078
0.996078
0.996078
0.984314
0.898039
0.909804
0.996078
0.160784
0.000000
0.027451
0.000000
0.000000
0.000000
0.000000
0.015686
0.000000
0.058824
0.537255
0.968627
0.960784
0.878431
0.949020
1.000000
0.996078
1.000000
1.000000
1.000000
1.000000
1.000000
1.000000
1.000000
0.980392
0.886275
0.905882
1.000000
0.160784
0.000000
0.027451
0.000000
0.000000
0.000000
0.000000
0.015686
0.000000
0.066667
0.580392
0.976471
0.960784
0.909804
0.976471
0.988235
0.988235
0.992157
0.992157
0.992157
0.988235
0.988235
0.984314
0.984314
0.988235
0.929412
0.945098
1.000000
0.160784
0.000000
0.027451
0.000000
0.000000
0.000000
0.000000
0.015686
0.000000
0.066667
0.564706
0.960784
0.937255
0.894118
0.976471
0.992157
0.992157
0.996078
0.996078
0.996078
0.992157
0.992157
0.988235
0.992157
0.968627
0.890196
0.917647
0.980392
0.156863
0.000000
0.027451
0.000000
0.000000
0.000000
0.000000
0.015686
0.000000
0.070588
0.584314
0.968627
0.956863
0.901961
0.980392
1.000000
1.000000
1.000000
1.000000
1.000000
1.000000
1.000000
1.000000
1.000000
0.988235
0.909804
0.917647
0.929412
0.145098
0.000000
0.027451
0.000000
0.000000
0.000000
0.000000
0.015686
0.000000
0.074510
0.607843
0.976471
0.968627
0.874510
0.909804
0.964706
0.960784
0.960784
0.956863
0.956863
0.956863
0.952941
0.952941
0.952941
0.945098
0.913725
0.952941
0.917647
0.141176
0.000000
0.027451
0.000000
0.000000
0.000000
0.000000
0.015686
0.000000
0.062745
0.552941
0.929412
0.964706
0.843137
0.839216
0.917647
0.905882
0.901961
0.898039
0.898039
0.894118
0.894118
0.898039
0.905882
0.870588
0.866667
0.972549
0.921569
0.141176
0.000000
0.027451
0.000000
0.000000
0.000000
0.000000
0.011765
0.000000
0.047059
0.447059
0.827451
0.980392
0.941176
0.921569
0.968627
0.964706
0.956863
0.952941
0.952941
0.952941
0.956863
0.960784
0.976471
0.933333
0.905882
0.941176
0.807843
0.117647
0.000000
0.023529
0.000000
0.000000
0.000000
0.000000
0.007843
0.000000
0.031373
0.321569
0.650980
0.886275
0.949020
0.917647
0.905882
0.905882
0.901961
0.898039
0.898039
0.898039
0.909804
0.917647
0.917647
0.937255
0.909804
0.776471
0.529412
0.066667
0.000000
0.015686
0.000000
0.000000
0.000000
0.000000
0.003922
0.000000
0.007843
0.086275
0.176471
0.254902
0.286274
0.278431
0.266667
0.266667
0.262745
0.262745
0.262745
0.262745
0.266667
0.270588
0.270588
0.286274
0.278431
0.211765
0.121569
0.015686
0.000000
0.003922
0.000000
0.000000
0.000000
0.000000
0.000000
0.000000
0.000000
0.000000
0.000000
0.000000
0.000000
0.000000
0.000000
0.000000
0.000000
0.000000
0.000000
0.000000
0.000000
0.000000
0.000000
0.000000
0.000000
0.000000
0.000000
0.000000
0.000000
0.000000
0.000000
0.000000
0.000000
0.000000
0.000000
0.000000
0.000000
0.007843
0.015686
0.023529
0.023529
0.023529
0.023529
0.023529
0.023529
0.023529
0.023529
0.023529
0.023529
0.023529
0.023529
0.023529
0.023529
0.019608
0.011765
0.000000
0.000000
0.000000
0.000000
0.000000
0.000000
0.000000
0.000000
0.000000
0.000000
0.000000
0.000000
0.000000
0.000000
0.000000
0.000000
0.000000
0.000000
0.000000
0.000000
0.000000
0.000000
0.000000
0.000000
0.000000
0.000000
0.000000
0.000000
0.000000
0.000000
0.000000
0.000000
0.000000
