0.000000
0.000000
0.000000
0.000000
0.000000
0.000000
0.000000
0.000000
0.000000
0.000000
0.000000
0.000000
0.000000
0.000000
0.000000
0.000000
0.000000
0.000000
0.000000
0.000000
0.000000
0.000000
0.000000
0.000000
0.000000
0.000000
0.000000
0.000000
0.000000
0.000000
0.000000
0.000000
0.004049
0.016194
0.020243
0.020243
0.020243
0.020243
0.020243
0.016194
0.016194
0.016194
0.020243
0.020243
0.020243
0.020243
0.020243
0.020243
0.016194
0.012146
0.000000
0.000000
0.000000
0.000000
0.000000
0.000000
0.000000
0.000000
0.000000
0.000000
0.000000
0.000000
0.000000
0.000000
0.000000
0.000000
0.000000
0.000000
0.000000
0.000000
0.000000
0.000000
0.000000
0.000000
0.000000
0.000000
0.000000
0.000000
0.000000
0.000000
0.000000
0.000000
0.000000
0.000000
0.000000
0.000000
0.004049
0.000000
0.024291
0.174089
0.234818
0.246964
0.242915
0.230769
0.214575
0.202429
0.194332
0.206478
0.234818
0.251012
0.242915
0.255061
0.263158
0.242915
0.198381
0.117409
0.000000
0.000000
0.004049
0.000000
0.000000
0.000000
0.000000
0.000000
0.020243
0.000000
0.097166
0.684211
0.842105
0.842105
0.829960
0.789474
0.712551
0.643725
0.639676
0.700405
0.793522
0.809717
0.769231
0.817814
0.842105
0.781377
0.668016
0.412955
0.004049
0.000000
0.008097
0.000000
0.000000
0.000000
0.000000
0.000000
0.024291
0.000000
0.133603
0.890688
0.959514
0.914980
0.923077
0.882591
0.765182
0.655870
0.680162
0.785425
0.854251
0.805668
0.724696
0.801619
0.842105
0.785425
0.712551
0.473684
0.004049
0.000000
0.008097
0.000000
0.000000
0.000000
0.000000
0.000000
0.024291
0.000000
0.137652
0.898785
0.914980
0.906883
0.971660
0.959514
0.878543
0.793522
0.809717
0.874494
0.914980
0.842105
0.720648
0.817814
0.878543
0.829960
0.753036
0.502024
0.004049
0.000000
0.008097
0.000000
0.000000
0.000000
0.000000
0.000000
0.024291
0.000000
0.137652
0.874494
0.854251
0.882591
0.991903
1.000000
0.959514
0.943320
0.947368
0.935223
0.910931
0.834008
0.753036
0.850202
0.919028
0.878543
0.785425
0.510121
0.004049
0.000000
0.008097
0.000000
0.000000
0.000000
0.000000
0.000000
0.024291
0.000000
0.137652
0.878543
0.882591
0.910931
0.963563
0.927126
0.906883
0.955466
0.979757
0.935223
0.858300
0.813765
0.817814
0.894737
0.935223
0.874494
0.769231
0.497976
0.004049
0.000000
0.008097
0.000000
0.000000
0.000000
0.000000
0.000000
0.024291
0.000000
0.133603
0.878543
0.959514
0.955466
0.914980
0.805668
0.765182
0.838057
0.898785
0.890688
0.854251
0.854251
0.874494
0.914980
0.914980
0.829960
0.724696
0.465587
0.004049
0.000000
0.008097
0.000000
0.000000
0.000000
0.000000
0.000000
0.024291
0.000000
0.129555
0.850202
0.959514
0.947368
0.898785
0.789474
0.736842
0.781377
0.834008
0.866397
0.914980
0.943320
0.906883
0.923077
0.902834
0.813765
0.720648
0.469636
0.004049
0.000000
0.008097
0.000000
0.000000
0.000000
0.000000
0.000000
0.020243
0.000000
0.121457
0.789474
0.846154
0.846154
0.878543
0.878543
0.866397
0.870445
0.874494
0.886640
0.959514
0.987854
0.927126
0.947368
0.927126
0.850202
0.777328
0.514170
0.008097
0.000000
0.008097
0.000000
0.000000
0.000000
0.000000
0.000000
0.020243
0.000000
0.117409
0.765182
0.773279
0.744939
0.809717
0.902834
0.967611
0.967611
0.935223
0.923077
0.959514
0.967611
0.931174
0.959514
0.951417
0.890688
0.825911
0.546559
0.008097
0.000000
0.008097
0.000000
0.000000
0.000000
0.000000
0.000000
0.024291
0.000000
0.117409
0.777328
0.846154
0.720648
0.688259
0.797571
0.923077
0.947368
0.935223
0.943320
0.967611
0.951417
0.910931
0.955466
0.951417
0.882591
0.801619
0.526316
0.004049
0.000000
0.008097
0.000000
0.000000
0.000000
0.000000
0.000000
0.024291
0.000000
0.129555
0.854251
0.898785
0.753036
0.659919
0.688259
0.777328
0.862348
0.931174
0.963563
0.959514
0.927126
0.902834
0.902834
0.919028
0.894737
0.805668
0.502024
0.004049
0.000000
0.008097
0.000000
0.000000
0.000000
0.000000
0.000000
0.024291
0.000000
0.149798
0.947368
0.894737
0.797571
0.761134
0.708502
0.716599
0.797571
0.894737
0.943320
0.943320
0.927126
0.914980
0.870445
0.906883
0.943320
0.862348
0.518219
0.004049
0.000000
0.008097
0.000000
0.000000
0.000000
0.000000
0.000000
0.028340
0.000000
0.157895
0.983806
0.951417
0.874494
0.878543
0.838057
0.801619
0.773279
0.785425
0.850202
0.939271
0.975708
0.935223
0.919028
0.935223
0.947368
0.878543
0.550607
0.008097
0.000000
0.012146
0.000000
0.000000
0.000000
0.000000
0.000000
0.028340
0.000000
0.153846
0.983806
0.987854
0.943320
0.971660
0.947368
0.878543
0.781377
0.732794
0.773279
0.898785
0.967611
0.943320
0.943320
0.951417
0.931174
0.870445
0.570850
0.008097
0.000000
0.012146
0.000000
0.000000
0.000000
0.000000
0.000000
0.024291
0.000000
0.133603
0.902834
1.000000
0.975708
0.991903
0.995951
0.951417
0.862348
0.777328
0.769231
0.846154
0.919028
0.939271
0.963563
0.955466
0.906883
0.862348
0.591093
0.008097
0.000000
0.012146
0.000000
0.000000
0.000000
0.000000
0.000000
0.024291
0.000000
0.125506
0.834008
0.963563
0.935223
0.935223
0.963563
0.959514
0.902834
0.813765
0.777328
0.793522
0.842105
0.898785
0.935223
0.919028
0.858300
0.821862
0.566802
0.008097
0.000000
0.008097
0.000000
0.000000
0.000000
0.000000
0.000000
0.024291
0.000000
0.129555
0.862348
0.951417
0.919028
0.927126
0.955466
0.963563
0.919028
0.850202
0.813765
0.829960
0.866397
0.902834
0.927126
0.902834
0.838057
0.777328
0.522267
0.008097
0.000000
0.008097
0.000000
0.000000
0.000000
0.000000
0.000000
0.024291
0.000000
0.133603
0.882591
0.967611
0.947368
0.971660
0.991903
0.983806
0.943320
0.902834
0.898785
0.939271
0.971660
0.959514
0.955466
0.927126
0.858300
0.765182
0.489879
0.004049
0.000000
0.008097
0.000000
0.000000
0.000000
0.000000
0.000000
0.020243
0.000000
0.105263
0.732794
0.858300
0.870445
0.894737
0.914980
0.902834
0.878543
0.874494
0.898785
0.943320
0.955466
0.910931
0.886640
0.870445
0.821862
0.708502
0.425101
0.004049
0.000000
0.008097
0.000000
0.000000
0.000000
0.000000
0.000000
0.016194
0.000000
0.072874
0.502024
0.603239
0.623482
0.651822
0.672065
0.676113
0.700405
0.732794
0.761134
0.781377
0.769231
0.712551
0.676113
0.688259
0.680162
0.562753
0.299595
0.004049
0.000000
0.004049
0.000000
0.000000
0.000000
0.000000
0.000000
0.004049
0.000000
0.016194
0.125506
0.149798
0.153846
0.165992
0.170040
0.174089
0.190283
0.202429
0.210526
0.214575
0.206478
0.186235
0.174089
0.182186
0.186235
0.149798
0.072874
0.000000
0.000000
0.000000
0.000000
0.000000
0.000000
0.000000
0.000000
0.000000
0.000000
0.000000
0.000000
0.000000
0.000000
0.000000
0.000000
0.000000
0.000000
0.000000
0.000000
0.000000
0.000000
0.000000
0.000000
0.000000
0.000000
0.000000
0.000000
0.000000
0.000000
0.000000
0.000000
0.000000
0.000000
0.000000
0.000000
0.000000
0.000000
0.000000
0.012146
0.016194
0.016194
0.016194
0.016194
0.016194
0.016194
0.020243
0.020243
0.020243
0.020243
0.016194
0.016194
0.016194
0.016194
0.012146
0.008097
0.000000
0.000000
0.000000
0.000000
0.000000
0.000000
0.000000
0.000000
0.000000
0.000000
0.000000
0.000000
0.000000
0.000000
0.000000
0.000000
0.000000
0.000000
0.000000
0.000000
0.000000
0.000000
0.000000
0.000000
0.000000
0.000000
0.000000
0.000000
0.000000
0.000000
0.000000
0.000000
0.000000
0.000000
