0.000000
0.000000
0.000000
0.000000
0.000000
0.000000
0.000000
0.000000
0.000000
0.000000
0.000000
0.000000
0.000000
0.000000
0.000000
0.000000
0.000000
0.000000
0.000000
0.000000
0.000000
0.000000
0.000000
0.000000
0.000000
0.000000
0.000000
0.000000
0.000000
0.000000
0.000000
0.000000
0.000000
0.015686
0.019608
0.019608
0.019608
0.019608
0.023529
0.023529
0.023529
0.023529
0.023529
0.023529
0.023529
0.019608
0.019608
0.023529
0.023529
0.019608
0.015686
0.000000
0.000000
0.000000
0.000000
0.000000
0.000000
0.000000
0.000000
0.000000
0.000000
0.000000
0.000000
0.000000
0.000000
0.000000
0.000000
0.000000
0.000000
0.000000
0.000000
0.000000
0.000000
0.000000
0.000000
0.000000
0.000000
0.000000
0.000000
0.000000
0.000000
0.000000
0.000000
0.000000
0.000000
0.000000
0.003922
0.000000
0.019608
0.141176
0.196078
0.231373
0.231373
0.227451
0.243137
0.247059
0.250980
0.247059
0.247059
0.254902
0.254902
0.235294
0.231373
0.243137
0.243137
0.211765
0.141176
0.019608
0.000000
0.003922
0.000000
0.000000
0.000000
0.000000
0.015686
0.000000
0.082353
0.588235
0.768627
0.850980
0.850980
0.835294
0.866667
0.882353
0.886275
0.874510
0.878431
0.894118
0.894118
0.854902
0.847059
0.866667
0.870588
0.796078
0.580392
0.082353
0.000000
0.015686
0.000000
0.000000
0.000000
0.000000
0.023529
0.000000
0.121569
0.850980
1.000000
1.000000
0.992157
0.996078
0.992157
0.984314
0.996078
0.996078
0.996078
0.992157
0.992157
0.996078
0.996078
0.980392
0.992157
1.000000
0.835294
0.121569
0.000000
0.023529
0.000000
0.000000
0.000000
0.000000
0.023529
0.000000
0.133333
0.898039
1.000000
0.898039
0.886275
0.929412
0.898039
0.894118
0.917647
0.929412
0.917647
0.898039
0.901961
0.949020
0.937255
0.866667
0.874510
0.992157
0.913725
0.137255
0.000000
0.023529
0.000000
0.000000
0.000000
0.000000
0.027451
0.000000
0.141176
0.945098
0.996078
0.878431
0.890196
0.964706
0.952941
0.956863
0.956863
0.960784
0.956863
0.937255
0.929412
0.968627
0.968627
0.874510
0.874510
0.988235
0.886275
0.133333
0.000000
0.023529
0.000000
0.000000
0.000000
0.000000
0.027451
0.000000
0.141176
0.933333
1.000000
0.905882
0.933333
1.000000
1.000000
1.000000
1.000000
0.996078
1.000000
0.996078
0.972549
0.996078
1.000000
0.905882
0.890196
1.000000
0.870588
0.129412
0.000000
0.023529
0.000000
0.000000
0.000000
0.000000
0.023529
0.000000
0.133333
0.898039
1.000000
0.921569
0.941176
1.000000
0.984314
0.968627
0.984314
0.976471
0.984314
0.988235
0.960784
0.988235
0.996078
0.890196
0.862745
1.000000
0.882353
0.129412
0.000000
0.023529
0.000000
0.000000
0.000000
0.000000
0.023529
0.000000
0.133333
0.901961
1.000000
0.956863
0.964706
1.000000
0.988235
0.976471
0.992157
0.980392
0.980392
0.992157
0.956863
0.980392
1.000000
0.913725
0.874510
0.988235
0.878431
0.133333
0.000000
0.023529
0.000000
0.000000
0.000000
0.000000
0.023529
0.000000
0.129412
0.874510
1.000000
0.956863
0.952941
0.992157
1.000000
1.000000
1.000000
0.968627
0.976471
0.992157
0.949020
0.952941
1.000000
0.921569
0.878431
0.976471
0.854902
0.125490
0.000000
0.023529
0.000000
0.000000
0.000000
0.000000
0.023529
0.000000
0.133333
0.890196
1.000000
0.949020
0.956863
1.000000
0.988235
0.992157
0.996078
0.992157
0.988235
0.988235
0.988235
0.980392
1.000000
0.913725
0.878431
0.988235
0.878431
0.133333
0.000000
0.023529
0.000000
0.000000
0.000000
0.000000
0.023529
0.000000
0.133333
0.894118
1.000000
0.945098
0.956863
1.000000
0.996078
0.992157
0.996078
1.000000
0.992157
0.984314
1.000000
0.992157
1.000000
0.913725
0.882353
1.000000
0.882353
0.133333
0.000000
0.023529
0.000000
0.000000
0.000000
0.000000
0.023529
0.000000
0.133333
0.890196
1.000000
0.945098
0.956863
1.000000
1.000000
1.000000
0.988235
0.992157
0.988235
0.980392
0.996078
0.988235
1.000000
0.921569
0.890196
1.000000
0.870588
0.129412
0.000000
0.023529
0.000000
0.000000
0.000000
0.000000
0.023529
0.000000
0.133333
0.901961
1.000000
0.945098
0.956863
1.000000
0.992157
0.992157
0.984314
0.992157
0.988235
0.980392
0.996078
0.988235
1.000000
0.925490
0.894118
1.000000
0.874510
0.129412
0.000000
0.023529
0.000000
0.000000
0.000000
0.000000
0.023529
0.000000
0.133333
0.905882
1.000000
0.937255
0.949020
1.000000
0.984314
0.988235
0.988235
0.996078
0.988235
0.976471
0.996078
0.992157
1.000000
0.925490
0.894118
1.000000
0.886275
0.133333
0.000000
0.023529
0.000000
0.000000
0.000000
0.000000
0.023529
0.000000
0.133333
0.901961
1.000000
0.937255
0.945098
0.996078
0.980392
0.992157
0.996078
0.996078
0.988235
0.984314
0.996078
0.992157
1.000000
0.921569
0.890196
1.000000
0.901961
0.137255
0.000000
0.023529
0.000000
0.000000
0.000000
0.000000
0.023529
0.000000
0.133333
0.894118
1.000000
0.933333
0.941176
0.996078
0.984314
0.996078
0.996078
0.996078
0.988235
0.980392
0.996078
0.988235
1.000000
0.917647
0.882353
0.996078
0.913725
0.137255
0.000000
0.023529
0.000000
0.000000
0.000000
0.000000
0.023529
0.000000
0.133333
0.886275
1.000000
0.929412
0.933333
0.984314
0.976471
0.992157
0.984314
0.992157
0.984314
0.968627
0.984314
0.976471
0.996078
0.913725
0.874510
0.992157
0.905882
0.137255
0.000000
0.023529
0.000000
0.000000
0.000000
0.000000
0.023529
0.000000
0.137255
0.909804
0.996078
0.905882
0.905882
0.956863
0.949020
0.956863
0.952941
0.968627
0.960784
0.941176
0.964706
0.960784
0.984314
0.894118
0.858824
0.992157
0.901961
0.137255
0.000000
0.023529
0.000000
0.000000
0.000000
0.000000
0.023529
0.000000
0.133333
0.901961
1.000000
0.937255
0.921569
0.952941
0.937255
0.952941
0.952941
0.960784
0.960784
0.949020
0.968627
0.960784
0.984314
0.913725
0.890196
0.992157
0.890196
0.133333
0.000000
0.023529
0.000000
0.000000
0.000000
0.000000
0.019608
0.000000
0.098039
0.725490
0.968627
1.000000
0.988235
0.968627
0.941176
0.972549
0.968627
0.960784
0.972549
0.988235
0.980392
0.952941
0.964706
0.980392
0.972549
0.937255
0.764706
0.109804
0.000000
0.019608
0.000000
0.000000
0.000000
0.000000
0.011765
0.000000
0.043137
0.360784
0.596078
0.756863
0.866667
0.878431
0.815686
0.811765
0.819608
0.823529
0.847059
0.886275
0.886275
0.854902
0.850980
0.847059
0.847059
0.733333
0.388235
0.043137
0.000000
0.011765
0.000000
0.000000
0.000000
0.000000
0.000000
0.000000
0.003922
0.058824
0.125490
0.188235
0.243137
0.254902
0.231373
0.223529
0.227451
0.231373
0.239216
0.254902
0.254902
0.247059
0.243137
0.235294
0.235294
0.192157
0.062745
0.003922
0.000000
0.000000
0.000000
0.000000
0.000000
0.000000
0.000000
0.000000
0.000000
0.000000
0.000000
0.000000
0.000000
0.000000
0.000000
0.000000
0.000000
0.000000
0.000000
0.000000
0.000000
0.000000
0.000000
0.000000
0.000000
0.000000
0.000000
0.000000
0.000000
0.000000
0.000000
0.000000
0.000000
0.000000
0.000000
0.000000
0.000000
0.007843
0.015686
0.019608
0.023529
0.023529
0.019608
0.019608
0.019608
0.019608
0.019608
0.023529
0.023529
0.023529
0.023529
0.019608
0.019608
0.019608
0.007843
0.000000
0.000000
0.000000
0.000000
0.000000
0.000000
0.000000
0.000000
0.000000
0.000000
0.000000
0.000000
0.000000
0.000000
0.000000
0.000000
0.000000
0.000000
0.000000
0.000000
0.000000
0.000000
0.000000
0.000000
0.000000
0.000000
0.000000
0.000000
0.000000
0.000000
0.000000
0.000000
0.000000
