0.000000
0.000000
0.000000
0.000000
0.000000
0.000000
0.000000
0.000000
0.000000
0.000000
0.000000
0.000000
0.000000
0.000000
0.000000
0.000000
0.000000
0.000000
0.000000
0.000000
0.000000
0.000000
0.000000
0.000000
0.000000
0.000000
0.000000
0.000000
0.000000
0.000000
0.000000
0.000000
0.000000
0.007843
0.011765
0.015686
0.015686
0.015686
0.015686
0.015686
0.015686
0.015686
0.015686
0.015686
0.015686
0.015686
0.015686
0.015686
0.011765
0.003922
0.000000
0.000000
0.000000
0.000000
0.000000
0.000000
0.000000
0.000000
0.000000
0.000000
0.000000
0.000000
0.000000
0.000000
0.000000
0.000000
0.000000
0.000000
0.000000
0.000000
0.000000
0.000000
0.000000
0.000000
0.000000
0.000000
0.000000
0.000000
0.000000
0.000000
0.000000
0.000000
0.000000
0.000000
0.000000
0.000000
0.003922
0.000000
0.023529
0.117647
0.211765
0.278431
0.282353
0.223529
0.231373
0.266667
0.262745
0.266667
0.270588
0.278431
0.282353
0.278431
0.282353
0.266667
0.184314
0.047059
0.000000
0.000000
0.000000
0.000000
0.000000
0.000000
0.000000
0.000000
0.011765
0.000000
0.105882
0.458824
0.678431
0.800000
0.792157
0.698039
0.717647
0.776471
0.764706
0.768627
0.780392
0.788235
0.796078
0.784314
0.784314
0.760784
0.592157
0.250980
0.019608
0.000000
0.007843
0.000000
0.000000
0.000000
0.000000
0.000000
0.019608
0.000000
0.196078
0.772549
0.929412
0.941176
0.905882
0.925490
0.945098
0.941176
0.941176
0.941176
0.941176
0.945098
0.937255
0.925490
0.909804
0.905882
0.835294
0.545098
0.070588
0.000000
0.011765
0.000000
0.000000
0.000000
0.000000
0.000000
0.023529
0.000000
0.247059
0.921569
0.976471
0.925490
0.890196
0.964706
0.988235
0.952941
0.960784
0.960784
0.960784
0.956863
0.949020
0.937255
0.913725
0.917647
0.925490
0.807843
0.125490
0.000000
0.019608
0.000000
0.000000
0.000000
0.000000
0.000000
0.023529
0.000000
0.247059
0.905882
0.968627
0.945098
0.905882
0.937255
0.956863
0.952941
0.952941
0.952941
0.956863
0.956863
0.952941
0.937255
0.925490
0.898039
0.886275
0.949020
0.160784
0.000000
0.023529
0.000000
0.000000
0.000000
0.000000
0.000000
0.023529
0.000000
0.247059
0.913725
0.988235
0.925490
0.968627
0.988235
0.984314
0.984314
0.984314
0.984314
0.988235
0.988235
0.980392
0.968627
0.952941
0.937255
0.929412
0.866667
0.141176
0.000000
0.019608
0.000000
0.000000
0.000000
0.000000
0.000000
0.023529
0.000000
0.243137
0.913725
0.992157
0.917647
0.984314
1.000000
0.992157
0.996078
0.996078
0.996078
1.000000
1.000000
0.992157
0.980392
0.960784
0.952941
0.949020
0.827451
0.129412
0.000000
0.019608
0.000000
0.000000
0.000000
0.000000
0.000000
0.023529
0.000000
0.243137
0.905882
0.984314
0.913725
0.972549
1.000000
0.988235
0.992157
0.992157
0.992157
0.996078
0.996078
0.988235
0.972549
0.956863
0.945098
0.937255
0.850980
0.133333
0.000000
0.019608
0.000000
0.000000
0.000000
0.000000
0.000000
0.023529
0.000000
0.243137
0.905882
0.984314
0.913725
0.972549
1.000000
0.988235
0.992157
0.992157
0.992157
0.996078
0.996078
0.988235
0.972549
0.956863
0.945098
0.929412
0.866667
0.141176
0.000000
0.019608
0.000000
0.000000
0.000000
0.000000
0.000000
0.023529
0.000000
0.243137
0.905882
0.988235
0.917647
0.976471
1.000000
0.992157
0.992157
0.992157
0.992157
0.996078
0.996078
0.988235
0.972549
0.960784
0.941176
0.929412
0.890196
0.145098
0.000000
0.019608
0.000000
0.000000
0.000000
0.000000
0.000000
0.023529
0.000000
0.243137
0.913725
0.988235
0.925490
0.976471
1.000000
0.992157
0.992157
0.992157
0.992157
0.996078
0.996078
0.988235
0.972549
0.960784
0.941176
0.933333
0.905882
0.149020
0.000000
0.019608
0.000000
0.000000
0.000000
0.000000
0.000000
0.023529
0.000000
0.250980
0.925490
0.988235
0.929412
0.980392
1.000000
0.992157
0.992157
0.992157
0.992157
0.996078
0.996078
0.988235
0.972549
0.956863
0.941176
0.937255
0.901961
0.149020
0.000000
0.019608
0.000000
0.000000
0.000000
0.000000
0.000000
0.027451
0.000000
0.250980
0.929412
0.988235
0.933333
0.980392
1.000000
0.992157
0.992157
0.992157
0.992157
0.996078
0.996078
0.988235
0.972549
0.956863
0.945098
0.937255
0.878431
0.145098
0.000000
0.019608
0.000000
0.000000
0.000000
0.000000
0.000000
0.027451
0.000000
0.250980
0.933333
0.988235
0.917647
0.980392
1.000000
0.992157
0.996078
0.992157
0.992157
0.996078
0.996078
0.988235
0.972549
0.956863
0.945098
0.933333
0.839216
0.133333
0.000000
0.019608
0.000000
0.000000
0.000000
0.000000
0.000000
0.023529
0.000000
0.247059
0.917647
0.992157
0.960784
0.960784
0.984314
0.988235
0.980392
0.988235
0.992157
0.996078
0.996078
0.988235
0.968627
0.952941
0.941176
0.933333
0.866667
0.141176
0.000000
0.019608
0.000000
0.000000
0.000000
0.000000
0.000000
0.023529
0.000000
0.239216
0.890196
0.984314
0.984314
0.937255
0.972549
0.988235
0.976471
0.992157
1.000000
1.000000
0.996078
0.992157
0.968627
0.949020
0.933333
0.929412
0.878431
0.141176
0.000000
0.019608
0.000000
0.000000
0.000000
0.000000
0.000000
0.023529
0.000000
0.235294
0.886275
0.972549
0.945098
0.925490
0.976471
1.000000
0.996078
0.992157
0.984314
0.992157
0.992157
0.988235
0.968627
0.941176
0.921569
0.925490
0.847059
0.133333
0.000000
0.019608
0.000000
0.000000
0.000000
0.000000
0.000000
0.023529
0.000000
0.243137
0.909804
0.988235
0.960784
0.929412
0.972549
1.000000
0.992157
0.976471
0.964706
0.972549
0.980392
0.984314
0.972549
0.937255
0.929412
0.949020
0.870588
0.137255
0.000000
0.019608
0.000000
0.000000
0.000000
0.000000
0.000000
0.023529
0.000000
0.231373
0.882353
0.996078
0.992157
0.956863
0.976471
1.000000
0.996078
0.992157
0.992157
0.992157
0.996078
0.996078
0.996078
0.988235
0.988235
0.984314
0.839216
0.129412
0.000000
0.019608
0.000000
0.000000
0.000000
0.000000
0.000000
0.019608
0.000000
0.192157
0.764706
0.929412
0.972549
0.949020
0.952941
0.941176
0.925490
0.941176
0.949020
0.945098
0.929412
0.925490
0.925490
0.941176
0.945098
0.878431
0.647059
0.090196
0.000000
0.015686
0.000000
0.000000
0.000000
0.000000
0.000000
0.011765
0.000000
0.113725
0.482353
0.643137
0.709804
0.690196
0.650980
0.674510
0.725490
0.741176
0.760784
0.749020
0.709804
0.682353
0.678431
0.717647
0.709804
0.552941
0.341176
0.043137
0.000000
0.007843
0.000000
0.000000
0.000000
0.000000
0.000000
0.003922
0.000000
0.031373
0.129412
0.188235
0.215686
0.207843
0.180392
0.203922
0.247059
0.250980
0.262745
0.250980
0.231373
0.215686
0.215686
0.235294
0.227451
0.145098
0.074510
0.007843
0.000000
0.000000
0.000000
0.000000
0.000000
0.000000
0.000000
0.000000
0.000000
0.000000
0.000000
0.000000
0.000000
0.000000
0.000000
0.000000
0.000000
0.000000
0.000000
0.000000
0.000000
0.000000
0.000000
0.000000
0.000000
0.000000
0.000000
0.000000
0.000000
0.000000
0.000000
0.000000
0.000000
0.000000
0.000000
0.000000
0.000000
0.003922
0.007843
0.011765
0.015686
0.011765
0.011765
0.011765
0.015686
0.015686
0.015686
0.015686
0.015686
0.015686
0.011765
0.015686
0.015686
0.011765
0.007843
0.000000
0.000000
0.000000
0.000000
0.000000
0.000000
0.000000
0.000000
0.000000
0.000000
0.000000
0.000000
0.000000
0.000000
0.000000
0.000000
0.000000
0.000000
0.000000
0.000000
0.000000
0.000000
0.000000
0.000000
0.000000
0.000000
0.000000
0.000000
0.000000
0.000000
0.000000
0.000000
0.000000
0.000000
