0.000000
0.000000
0.000000
0.000000
0.000000
0.000000
0.000000
0.000000
0.000000
0.000000
0.000000
0.000000
0.000000
0.000000
0.000000
0.000000
0.000000
0.000000
0.000000
0.000000
0.000000
0.000000
0.000000
0.000000
0.000000
0.000000
0.000000
0.000000
0.000000
0.000000
0.000000
0.000000
0.007843
0.015686
0.023529
0.027451
0.027451
0.027451
0.027451
0.023529
0.023529
0.023529
0.027451
0.027451
0.027451
0.027451
0.027451
0.027451
0.023529
0.011765
0.003922
0.000000
0.000000
0.000000
0.000000
0.000000
0.000000
0.000000
0.000000
0.000000
0.000000
0.000000
0.000000
0.000000
0.000000
0.000000
0.000000
0.000000
0.000000
0.000000
0.000000
0.000000
0.000000
0.000000
0.000000
0.000000
0.000000
0.000000
0.000000
0.000000
0.000000
0.000000
0.000000
0.000000
0.000000
0.003922
0.000000
0.015686
0.090196
0.180392
0.278431
0.341176
0.341176
0.309804
0.305882
0.298039
0.294118
0.298039
0.305882
0.313725
0.321569
0.325490
0.321569
0.317647
0.254902
0.133333
0.047059
0.000000
0.000000
0.000000
0.000000
0.000000
0.000000
0.007843
0.000000
0.082353
0.388235
0.666667
0.917647
1.000000
1.000000
0.996078
0.988235
0.968627
0.952941
0.960784
0.980392
1.000000
1.000000
1.000000
1.000000
1.000000
0.886275
0.572549
0.262745
0.023529
0.000000
0.007843
0.000000
0.000000
0.000000
0.015686
0.000000
0.149020
0.600000
0.843137
0.952941
0.992157
0.980392
0.968627
0.984314
0.976471
0.964706
0.960784
0.964706
0.976471
0.980392
0.976471
0.964706
0.980392
0.996078
0.862745
0.513726
0.058824
0.000000
0.015686
0.000000
0.000000
0.000000
0.019608
0.000000
0.188235
0.729412
0.945098
0.992157
0.992157
0.992157
0.988235
1.000000
1.000000
0.996078
0.996078
0.996078
0.996078
0.996078
0.992157
0.996078
0.952941
0.984314
0.976471
0.643137
0.082353
0.000000
0.019608
0.000000
0.000000
0.000000
0.019608
0.000000
0.196078
0.733333
0.929412
0.984314
0.996078
1.000000
0.988235
0.992157
0.996078
1.000000
1.000000
1.000000
1.000000
0.996078
0.996078
1.000000
0.976471
0.988235
0.960784
0.588235
0.070588
0.000000
0.015686
0.000000
0.000000
0.000000
0.019608
0.000000
0.188235
0.717647
0.929412
0.988235
0.992157
0.988235
0.980392
0.992157
0.996078
0.996078
0.996078
0.996078
0.996078
0.996078
0.996078
0.996078
0.988235
1.000000
0.952941
0.560784
0.066667
0.000000
0.015686
0.000000
0.000000
0.000000
0.019608
0.000000
0.180392
0.717647
0.952941
1.000000
0.992157
0.980392
0.984314
0.996078
0.996078
0.996078
0.996078
0.996078
0.996078
0.996078
0.996078
0.996078
0.976471
1.000000
0.968627
0.584314
0.070588
0.000000
0.015686
0.000000
0.000000
0.000000
0.015686
0.000000
0.176471
0.690196
0.921569
0.988235
0.992157
0.988235
0.992157
0.996078
0.996078
0.996078
0.996078
0.996078
0.996078
0.996078
0.996078
0.996078
0.980392
1.000000
0.945098
0.552941
0.066667
0.000000
0.015686
0.000000
0.000000
0.000000
0.015686
0.000000
0.172549
0.670588
0.905882
0.980392
0.988235
0.996078
1.000000
0.996078
0.996078
0.996078
0.996078
0.996078
0.996078
0.996078
0.996078
0.996078
0.984314
1.000000
0.941176
0.541176
0.062745
0.000000
0.015686
0.000000
0.000000
0.000000
0.015686
0.000000
0.172549
0.674510
0.909804
0.980392
0.992157
0.996078
1.000000
0.996078
0.996078
0.996078
0.996078
0.996078
0.996078
0.996078
0.996078
0.996078
0.980392
1.000000
0.952941
0.556863
0.066667
0.000000
0.015686
0.000000
0.000000
0.000000
0.015686
0.000000
0.172549
0.686275
0.925490
0.996078
0.996078
0.992157
0.992157
0.996078
0.996078
0.996078
0.996078
0.996078
0.996078
0.996078
0.996078
0.996078
0.980392
1.000000
0.964706
0.592157
0.070588
0.000000
0.015686
0.000000
0.000000
0.000000
0.015686
0.000000
0.180392
0.701961
0.941176
1.000000
0.996078
0.984314
0.984314
0.996078
0.996078
0.996078
0.996078
0.996078
0.996078
0.996078
0.996078
0.996078
0.980392
1.000000
0.968627
0.619608
0.078431
0.000000
0.015686
0.000000
0.000000
0.000000
0.015686
0.000000
0.180392
0.709804
0.945098
1.000000
0.996078
0.984314
0.984314
0.996078
0.996078
0.996078
0.996078
0.996078
0.996078
0.996078
0.996078
0.996078
0.980392
1.000000
0.968627
0.619608
0.078431
0.000000
0.015686
0.000000
0.000000
0.000000
0.015686
0.000000
0.176471
0.690196
0.929412
1.000000
0.996078
0.988235
0.992157
0.996078
0.996078
0.996078
0.996078
0.996078
0.996078
0.996078
0.996078
0.996078
0.980392
1.000000
0.964706
0.596078
0.074510
0.000000
0.015686
0.000000
0.000000
0.000000
0.015686
0.000000
0.172549
0.674510
0.913725
0.984314
0.992157
0.996078
1.000000
0.996078
0.996078
0.996078
0.996078
0.996078
0.996078
0.996078
0.996078
0.996078
0.984314
1.000000
0.956863
0.564706
0.066667
0.000000
0.015686
0.000000
0.000000
0.000000
0.019608
0.000000
0.192157
0.709804
0.898039
0.988235
0.984314
0.988235
0.996078
0.980392
0.984314
0.988235
0.992157
0.996078
0.996078
0.992157
0.984314
0.980392
0.984314
1.000000
0.956863
0.584314
0.070588
0.000000
0.015686
0.000000
0.000000
0.000000
0.019608
0.000000
0.219608
0.788235
0.933333
0.996078
0.976471
0.980392
1.000000
0.988235
0.992157
0.996078
0.996078
1.000000
1.000000
1.000000
0.992157
0.992157
0.972549
0.988235
0.937255
0.588235
0.070588
0.000000
0.015686
0.000000
0.000000
0.000000
0.019608
0.000000
0.223529
0.815686
0.968627
0.996078
0.968627
0.968627
0.992157
0.988235
0.988235
0.984314
0.984314
0.984314
0.984314
0.980392
0.984314
0.984314
0.964706
0.980392
0.945098
0.611765
0.078431
0.000000
0.015686
0.000000
0.000000
0.000000
0.019608
0.000000
0.196078
0.745098
0.941176
1.000000
0.984314
0.980392
0.992157
0.988235
0.984314
0.980392
0.976471
0.976471
0.976471
0.972549
0.976471
0.968627
0.984314
1.000000
0.964706
0.631373
0.082353
0.000000
0.015686
0.000000
0.000000
0.000000
0.015686
0.000000
0.149020
0.596078
0.843137
0.992157
1.000000
0.996078
1.000000
0.996078
0.996078
0.996078
0.996078
0.996078
0.996078
0.996078
0.996078
0.992157
0.996078
0.992157
0.858824
0.501961
0.058824
0.000000
0.015686
0.000000
0.000000
0.000000
0.007843
0.000000
0.078431
0.356863
0.592157
0.800000
0.874510
0.870588
0.874510
0.890196
0.890196
0.886275
0.886275
0.886275
0.890196
0.898039
0.901961
0.901961
0.925490
0.847059
0.576471
0.239216
0.019608
0.000000
0.007843
0.000000
0.000000
0.000000
0.003922
0.000000
0.015686
0.078431
0.145098
0.215686
0.247059
0.247059
0.247059
0.254902
0.254902
0.250980
0.250980
0.250980
0.254902
0.258824
0.262745
0.262745
0.270588
0.235294
0.133333
0.035294
0.000000
0.000000
0.000000
0.000000
0.000000
0.000000
0.000000
0.000000
0.000000
0.000000
0.000000
0.000000
0.000000
0.000000
0.000000
0.000000
0.000000
0.000000
0.000000
0.000000
0.000000
0.000000
0.000000
0.000000
0.000000
0.000000
0.000000
0.000000
0.000000
0.000000
0.000000
0.000000
0.000000
0.000000
0.000000
0.000000
0.000000
0.007843
0.015686
0.019608
0.023529
0.023529
0.023529
0.023529
0.023529
0.023529
0.023529
0.023529
0.023529
0.023529
0.023529
0.023529
0.023529
0.019608
0.015686
0.003922
0.000000
0.000000
0.000000
0.000000
0.000000
0.000000
0.000000
0.000000
0.000000
0.000000
0.000000
0.000000
0.000000
0.000000
0.000000
0.000000
0.000000
0.000000
0.000000
0.000000
0.000000
0.000000
0.000000
0.000000
0.000000
0.000000
0.000000
0.000000
0.000000
0.000000
0.000000
0.000000
0.000000
