0.000000
0.000000
0.000000
0.000000
0.000000
0.000000
0.000000
0.000000
0.000000
0.000000
0.000000
0.000000
0.000000
0.000000
0.000000
0.000000
0.000000
0.000000
0.000000
0.000000
0.000000
0.000000
0.000000
0.000000
0.000000
0.000000
0.000000
0.000000
0.000000
0.000000
0.000000
0.000000
0.000000
0.011765
0.019608
0.023529
0.027451
0.027451
0.027451
0.027451
0.027451
0.027451
0.027451
0.027451
0.027451
0.027451
0.027451
0.027451
0.027451
0.023529
0.015686
0.003922
0.000000
0.000000
0.000000
0.000000
0.000000
0.000000
0.000000
0.000000
0.000000
0.000000
0.000000
0.000000
0.000000
0.000000
0.000000
0.000000
0.000000
0.000000
0.000000
0.000000
0.000000
0.000000
0.000000
0.000000
0.000000
0.000000
0.000000
0.000000
0.000000
0.000000
0.000000
0.000000
0.000000
0.000000
0.003922
0.000000
0.011765
0.101961
0.200000
0.282353
0.309804
0.305882
0.305882
0.301961
0.301961
0.305882
0.305882
0.305882
0.309804
0.313725
0.313725
0.321569
0.309804
0.266667
0.184314
0.023529
0.000000
0.003922
0.000000
0.000000
0.000000
0.000000
0.007843
0.000000
0.047059
0.411765
0.745098
0.945098
1.000000
0.992157
0.980392
0.992157
0.992157
0.992157
0.996078
1.000000
1.000000
1.000000
1.000000
1.000000
1.000000
0.909804
0.705882
0.098039
0.000000
0.019608
0.000000
0.000000
0.000000
0.000000
0.015686
0.000000
0.070588
0.568627
0.917647
1.000000
0.992157
0.968627
0.952941
0.992157
0.996078
0.992157
0.996078
0.996078
0.992157
0.992157
0.992157
0.988235
0.988235
1.000000
0.933333
0.141176
0.000000
0.027451
0.000000
0.000000
0.000000
0.000000
0.015686
0.000000
0.078431
0.611765
0.937255
1.000000
0.960784
0.956863
0.996078
0.988235
0.992157
0.996078
1.000000
1.000000
0.996078
0.996078
0.996078
0.996078
0.976471
1.000000
1.000000
0.156863
0.000000
0.027451
0.000000
0.000000
0.000000
0.000000
0.015686
0.000000
0.078431
0.600000
0.925490
1.000000
0.976471
0.976471
1.000000
0.992157
0.992157
0.996078
0.996078
0.996078
0.996078
0.996078
0.996078
0.996078
0.980392
0.996078
0.992157
0.152941
0.000000
0.027451
0.000000
0.000000
0.000000
0.000000
0.015686
0.000000
0.070588
0.580392
0.909804
0.996078
0.988235
0.996078
0.996078
0.996078
0.996078
0.996078
0.996078
0.996078
0.996078
0.996078
0.996078
0.996078
0.980392
1.000000
0.992157
0.152941
0.000000
0.027451
0.000000
0.000000
0.000000
0.000000
0.015686
0.000000
0.070588
0.572549
0.901961
0.992157
0.980392
0.992157
1.000000
0.996078
0.996078
0.996078
0.996078
0.996078
0.996078
0.996078
0.996078
0.996078
0.976471
1.000000
1.000000
0.156863
0.000000
0.027451
0.000000
0.000000
0.000000
0.000000
0.015686
0.000000
0.074510
0.588235
0.917647
1.000000
0.984314
0.988235
1.000000
0.996078
0.996078
0.996078
0.996078
0.996078
0.996078
0.996078
0.996078
1.000000
0.976471
1.000000
0.996078
0.156863
0.000000
0.027451
0.000000
0.000000
0.000000
0.000000
0.015686
0.000000
0.078431
0.619608
0.949020
1.000000
0.988235
0.988235
0.992157
0.996078
0.996078
0.996078
0.996078
0.996078
0.996078
0.996078
0.996078
0.996078
0.984314
1.000000
0.980392
0.149020
0.000000
0.027451
0.000000
0.000000
0.000000
0.000000
0.015686
0.000000
0.078431
0.619608
0.949020
1.000000
0.992157
0.996078
1.000000
0.996078
0.996078
0.996078
0.996078
0.996078
0.996078
0.996078
0.996078
0.996078
0.984314
1.000000
0.980392
0.152941
0.000000
0.027451
0.000000
0.000000
0.000000
0.000000
0.015686
0.000000
0.074510
0.588235
0.913725
0.992157
0.992157
0.996078
1.000000
0.996078
0.996078
0.996078
0.996078
0.996078
0.996078
0.996078
0.996078
0.996078
0.984314
1.000000
0.992157
0.156863
0.000000
0.027451
0.000000
0.000000
0.000000
0.000000
0.015686
0.000000
0.070588
0.564706
0.890196
0.984314
0.984314
0.996078
1.000000
0.996078
0.996078
0.996078
0.996078
0.996078
0.996078
0.996078
0.996078
0.996078
0.976471
1.000000
1.000000
0.156863
0.000000
0.027451
0.000000
0.000000
0.000000
0.000000
0.015686
0.000000
0.074510
0.588235
0.917647
0.992157
0.980392
0.988235
0.992157
0.996078
0.996078
0.996078
0.996078
0.996078
0.996078
0.996078
0.996078
0.996078
0.980392
1.000000
0.996078
0.156863
0.000000
0.027451
0.000000
0.000000
0.000000
0.000000
0.015686
0.000000
0.078431
0.619608
0.949020
1.000000
0.984314
0.976471
0.976471
0.996078
0.996078
0.996078
0.996078
0.996078
0.996078
0.996078
0.996078
0.996078
0.984314
1.000000
0.980392
0.149020
0.000000
0.027451
0.000000
0.000000
0.000000
0.000000
0.015686
0.000000
0.066667
0.560784
0.890196
0.996078
0.984314
0.980392
1.000000
1.000000
1.000000
1.000000
0.992157
0.980392
0.980392
0.996078
0.996078
0.988235
0.964706
1.000000
0.984314
0.152941
0.000000
0.027451
0.000000
0.000000
0.000000
0.000000
0.015686
0.000000
0.070588
0.560784
0.882353
1.000000
0.976471
0.933333
0.945098
0.972549
0.984314
0.984314
0.976471
0.972549
0.976471
0.996078
0.996078
0.980392
0.964706
1.000000
0.996078
0.156863
0.000000
0.027451
0.000000
0.000000
0.000000
0.000000
0.015686
0.000000
0.066667
0.541176
0.862745
0.996078
0.988235
0.960784
0.968627
0.972549
0.988235
0.988235
0.988235
0.992157
0.992157
1.000000
1.000000
0.992157
0.972549
1.000000
1.000000
0.156863
0.000000
0.027451
0.000000
0.000000
0.000000
0.000000
0.015686
0.000000
0.070588
0.568627
0.898039
0.992157
0.976471
0.964706
0.988235
0.976471
0.988235
0.996078
0.996078
0.992157
0.992157
0.992157
0.992157
0.988235
0.964706
0.996078
1.000000
0.156863
0.000000
0.027451
0.000000
0.000000
0.000000
0.000000
0.015686
0.000000
0.078431
0.627451
0.964706
1.000000
0.960784
0.925490
0.960784
0.976471
0.984314
0.992157
0.988235
0.976471
0.972549
0.980392
0.984314
0.972549
0.968627
1.000000
1.000000
0.156863
0.000000
0.027451
0.000000
0.000000
0.000000
0.000000
0.011765
0.000000
0.058824
0.494118
0.831373
0.984314
1.000000
0.992157
1.000000
0.988235
0.996078
1.000000
0.992157
0.972549
0.968627
0.980392
0.996078
0.992157
0.996078
1.000000
0.898039
0.133333
0.000000
0.023529
0.000000
0.000000
0.000000
0.000000
0.003922
0.000000
0.019608
0.203922
0.474510
0.741176
0.882353
0.909804
0.898039
0.894118
0.905882
0.913725
0.901961
0.882353
0.878431
0.901961
0.921569
0.949020
0.909804
0.784314
0.596078
0.082353
0.000000
0.015686
0.000000
0.000000
0.000000
0.000000
0.000000
0.000000
0.000000
0.023529
0.094118
0.188235
0.250980
0.262745
0.258824
0.258824
0.262745
0.266667
0.262745
0.258824
0.254902
0.262745
0.270588
0.286274
0.262745
0.207843
0.137255
0.019608
0.000000
0.003922
0.000000
0.000000
0.000000
0.000000
0.000000
0.000000
0.000000
0.000000
0.000000
0.000000
0.000000
0.000000
0.000000
0.000000
0.000000
0.000000
0.000000
0.000000
0.000000
0.000000
0.000000
0.000000
0.000000
0.000000
0.000000
0.000000
0.000000
0.000000
0.000000
0.000000
0.000000
0.000000
0.000000
0.000000
0.000000
0.003922
0.011765
0.019608
0.023529
0.023529
0.023529
0.023529
0.023529
0.023529
0.023529
0.023529
0.023529
0.023529
0.023529
0.023529
0.023529
0.019608
0.015686
0.000000
0.000000
0.000000
0.000000
0.000000
0.000000
0.000000
0.000000
0.000000
0.000000
0.000000
0.000000
0.000000
0.000000
0.000000
0.000000
0.000000
0.000000
0.000000
0.000000
0.000000
0.000000
0.000000
0.000000
0.000000
0.000000
0.000000
0.000000
0.000000
0.000000
0.000000
0.000000
0.000000
