0.000000
0.000000
0.000000
0.000000
0.000000
0.000000
0.000000
0.000000
0.000000
0.000000
0.000000
0.000000
0.000000
0.000000
0.000000
0.000000
0.000000
0.000000
0.000000
0.000000
0.000000
0.000000
0.000000
0.000000
0.000000
0.000000
0.000000
0.000000
0.000000
0.000000
0.000000
0.000000
0.000000
0.007843
0.011765
0.011765
0.011765
0.011765
0.011765
0.011765
0.011765
0.015686
0.015686
0.015686
0.015686
0.015686
0.015686
0.011765
0.007843
0.003922
0.000000
0.000000
0.000000
0.000000
0.000000
0.000000
0.000000
0.000000
0.000000
0.000000
0.000000
0.000000
0.000000
0.000000
0.000000
0.000000
0.000000
0.000000
0.000000
0.000000
0.000000
0.000000
0.000000
0.000000
0.000000
0.000000
0.000000
0.000000
0.000000
0.000000
0.000000
0.000000
0.000000
0.000000
0.000000
0.000000
0.003922
0.000000
0.011765
0.094118
0.196078
0.203922
0.207843
0.211765
0.207843
0.203922
0.207843
0.215686
0.223529
0.215686
0.219608
0.266667
0.278431
0.200000
0.098039
0.039216
0.003922
0.000000
0.000000
0.000000
0.000000
0.000000
0.000000
0.000000
0.011765
0.000000
0.094118
0.443137
0.650980
0.670588
0.678431
0.686275
0.678431
0.674510
0.682353
0.694118
0.713725
0.701961
0.705882
0.792157
0.819608
0.674510
0.435294
0.211765
0.019608
0.000000
0.003922
0.000000
0.000000
0.000000
0.000000
0.000000
0.023529
0.000000
0.227451
0.827451
0.917647
0.933333
0.941176
0.941176
0.937255
0.937255
0.933333
0.945098
0.952941
0.952941
0.949020
0.976471
0.996078
0.945098
0.800000
0.482353
0.058824
0.000000
0.007843
0.000000
0.000000
0.000000
0.000000
0.000000
0.031373
0.000000
0.325490
1.000000
0.980392
1.000000
1.000000
1.000000
1.000000
1.000000
0.996078
1.000000
1.000000
0.996078
0.988235
0.980392
0.980392
1.000000
0.996078
0.698039
0.094118
0.000000
0.015686
0.000000
0.000000
0.000000
0.000000
0.000000
0.031373
0.000000
0.325490
1.000000
0.988235
1.000000
1.000000
1.000000
1.000000
1.000000
0.996078
1.000000
1.000000
0.980392
0.988235
0.996078
0.980392
1.000000
1.000000
0.733333
0.105882
0.000000
0.015686
0.000000
0.000000
0.000000
0.000000
0.000000
0.027451
0.000000
0.294118
1.000000
0.992157
1.000000
1.000000
1.000000
1.000000
1.000000
1.000000
1.000000
1.000000
0.968627
0.984314
1.000000
0.972549
0.968627
0.980392
0.749020
0.109804
0.000000
0.015686
0.000000
0.000000
0.000000
0.000000
0.000000
0.027451
0.000000
0.290196
1.000000
0.988235
0.996078
0.996078
0.996078
0.996078
0.996078
1.000000
0.996078
0.996078
0.980392
0.984314
0.984314
0.956863
0.968627
0.992157
0.784314
0.117647
0.000000
0.019608
0.000000
0.000000
0.000000
0.000000
0.000000
0.031373
0.000000
0.305882
1.000000
0.988235
0.996078
0.992157
0.992157
0.996078
0.996078
1.000000
0.996078
0.996078
0.996078
0.992157
0.980392
0.976471
0.992157
0.976471
0.745098
0.109804
0.000000
0.019608
0.000000
0.000000
0.000000
0.000000
0.000000
0.031373
0.000000
0.301961
1.000000
0.988235
0.996078
0.992157
0.992157
1.000000
1.000000
1.000000
1.000000
1.000000
0.992157
0.992157
0.996078
1.000000
1.000000
0.956863
0.686275
0.098039
0.000000
0.015686
0.000000
0.000000
0.000000
0.000000
0.000000
0.027451
0.000000
0.294118
1.000000
0.988235
0.996078
0.996078
0.996078
0.996078
0.996078
0.996078
0.996078
0.996078
0.988235
0.992157
0.996078
0.992157
1.000000
0.964706
0.698039
0.098039
0.000000
0.015686
0.000000
0.000000
0.000000
0.000000
0.000000
0.031373
0.000000
0.305882
1.000000
0.984314
0.996078
0.996078
0.996078
0.996078
0.996078
0.996078
0.996078
0.996078
0.988235
0.988235
0.996078
0.992157
1.000000
0.968627
0.705882
0.098039
0.000000
0.015686
0.000000
0.000000
0.000000
0.000000
0.000000
0.027451
0.000000
0.294118
1.000000
0.988235
0.996078
0.996078
0.996078
0.996078
0.996078
0.996078
0.996078
0.996078
0.988235
0.988235
0.996078
0.992157
1.000000
0.972549
0.717647
0.101961
0.000000
0.015686
0.000000
0.000000
0.000000
0.000000
0.000000
0.027451
0.000000
0.278431
0.984314
0.988235
0.996078
0.996078
0.996078
0.996078
0.996078
0.996078
0.996078
0.996078
0.992157
0.996078
0.996078
0.992157
1.000000
0.968627
0.717647
0.101961
0.000000
0.015686
0.000000
0.000000
0.000000
0.000000
0.000000
0.027451
0.000000
0.286274
0.992157
0.988235
0.996078
0.996078
0.996078
0.996078
0.996078
0.996078
0.996078
0.996078
0.996078
0.996078
0.996078
0.992157
0.996078
0.960784
0.701961
0.098039
0.000000
0.015686
0.000000
0.000000
0.000000
0.000000
0.000000
0.027451
0.000000
0.298039
1.000000
0.988235
0.996078
0.996078
0.996078
0.996078
0.996078
0.996078
0.996078
0.996078
0.996078
0.996078
0.996078
0.992157
0.996078
0.952941
0.690196
0.098039
0.000000
0.015686
0.000000
0.000000
0.000000
0.000000
0.000000
0.027451
0.000000
0.294118
1.000000
0.988235
0.996078
0.996078
0.996078
0.996078
0.996078
0.996078
0.996078
0.996078
0.996078
0.996078
0.996078
0.992157
0.996078
0.949020
0.686275
0.098039
0.000000
0.015686
0.000000
0.000000
0.000000
0.000000
0.000000
0.027451
0.000000
0.290196
1.000000
0.988235
0.996078
0.996078
0.996078
0.996078
0.996078
0.996078
0.996078
0.996078
0.988235
0.992157
1.000000
0.992157
1.000000
0.952941
0.686275
0.098039
0.000000
0.015686
0.000000
0.000000
0.000000
0.000000
0.000000
0.027451
0.000000
0.294118
1.000000
0.988235
0.996078
0.996078
0.996078
0.996078
0.996078
0.996078
0.996078
0.992157
0.984314
0.988235
0.992157
0.988235
1.000000
0.964706
0.698039
0.098039
0.000000
0.015686
0.000000
0.000000
0.000000
0.000000
0.000000
0.027451
0.000000
0.290196
0.992157
0.968627
0.992157
0.992157
0.992157
0.988235
0.984314
0.996078
0.992157
0.960784
0.988235
0.992157
0.952941
0.956863
0.996078
0.984314
0.686275
0.094118
0.000000
0.015686
0.000000
0.000000
0.000000
0.000000
0.000000
0.023529
0.000000
0.211765
0.811765
0.949020
0.992157
1.000000
0.996078
0.976471
0.984314
1.000000
1.000000
0.992157
0.968627
0.976471
0.992157
1.000000
1.000000
0.901961
0.572549
0.074510
0.000000
0.011765
0.000000
0.000000
0.000000
0.000000
0.000000
0.011765
0.000000
0.094118
0.466667
0.733333
0.784314
0.811765
0.800000
0.768627
0.772549
0.796078
0.815686
0.823529
0.819608
0.839216
0.858824
0.862745
0.807843
0.627451
0.329412
0.039216
0.000000
0.007843
0.000000
0.000000
0.000000
0.000000
0.000000
0.003922
0.000000
0.015686
0.113725
0.235294
0.254902
0.270588
0.262745
0.250980
0.247059
0.258824
0.270588
0.274510
0.294118
0.301961
0.301961
0.298039
0.262745
0.184314
0.078431
0.007843
0.000000
0.000000
0.000000
0.000000
0.000000
0.000000
0.000000
0.000000
0.000000
0.000000
0.000000
0.000000
0.000000
0.000000
0.000000
0.000000
0.000000
0.000000
0.000000
0.000000
0.000000
0.000000
0.000000
0.000000
0.000000
0.000000
0.000000
0.000000
0.000000
0.000000
0.000000
0.000000
0.000000
0.000000
0.000000
0.000000
0.000000
0.000000
0.007843
0.015686
0.015686
0.015686
0.015686
0.015686
0.015686
0.015686
0.015686
0.015686
0.015686
0.019608
0.019608
0.019608
0.015686
0.011765
0.007843
0.000000
0.000000
0.000000
0.000000
0.000000
0.000000
0.000000
0.000000
0.000000
0.000000
0.000000
0.000000
0.000000
0.000000
0.000000
0.000000
0.000000
0.000000
0.000000
0.000000
0.000000
0.000000
0.000000
0.000000
0.000000
0.000000
0.000000
0.000000
0.000000
0.000000
0.000000
0.000000
0.000000
0.000000
