0.000000
0.000000
0.000000
0.000000
0.000000
0.000000
0.000000
0.000000
0.000000
0.000000
0.000000
0.000000
0.000000
0.000000
0.000000
0.000000
0.000000
0.000000
0.000000
0.000000
0.000000
0.000000
0.000000
0.000000
0.000000
0.000000
0.000000
0.000000
0.000000
0.000000
0.000000
0.000000
0.000000
0.007843
0.015686
0.019608
0.019608
0.015686
0.015686
0.015686
0.019608
0.019608
0.015686
0.015686
0.015686
0.015686
0.015686
0.015686
0.015686
0.007843
0.003922
0.000000
0.000000
0.000000
0.000000
0.000000
0.000000
0.000000
0.000000
0.000000
0.000000
0.000000
0.000000
0.000000
0.000000
0.000000
0.000000
0.000000
0.000000
0.000000
0.000000
0.000000
0.000000
0.000000
0.000000
0.000000
0.000000
0.000000
0.000000
0.000000
0.000000
0.000000
0.000000
0.000000
0.000000
0.000000
0.000000
0.000000
0.003922
0.070588
0.160784
0.211765
0.207843
0.184314
0.168627
0.168627
0.200000
0.196078
0.168627
0.172549
0.184314
0.168627
0.172549
0.180392
0.137255
0.058824
0.023529
0.000000
0.000000
0.000000
0.000000
0.000000
0.000000
0.000000
0.011765
0.000000
0.043137
0.380392
0.658823
0.780392
0.768627
0.709804
0.670588
0.674510
0.737255
0.725490
0.674510
0.674510
0.698039
0.670588
0.682353
0.701961
0.568627
0.321569
0.164706
0.015686
0.000000
0.003922
0.000000
0.000000
0.000000
0.000000
0.019608
0.000000
0.098039
0.725490
0.933333
0.949020
0.925490
0.917647
0.921569
0.937255
0.905882
0.905882
0.917647
0.901961
0.898039
0.901961
0.901961
0.909804
0.839216
0.647059
0.384314
0.043137
0.000000
0.011765
0.000000
0.000000
0.000000
0.000000
0.027451
0.000000
0.149020
0.960784
1.000000
0.921569
0.929412
0.968627
0.976471
1.000000
0.925490
0.933333
0.992157
0.972549
0.941176
0.952941
0.941176
0.952941
0.988235
0.909804
0.592157
0.074510
0.000000
0.015686
0.000000
0.000000
0.000000
0.000000
0.027451
0.000000
0.160784
1.000000
0.984314
0.874510
0.925490
0.941176
0.894118
0.980392
0.949020
0.905882
0.949020
0.976471
0.925490
0.952941
0.890196
0.882353
0.992157
0.972549
0.611765
0.074510
0.000000
0.015686
0.000000
0.000000
0.000000
0.000000
0.027451
0.000000
0.152941
0.992157
0.984314
0.901961
0.956863
0.968627
0.929412
0.984314
0.988235
0.949020
0.956863
0.984314
0.960784
0.960784
0.917647
0.850980
0.933333
0.968627
0.580392
0.070588
0.000000
0.015686
0.000000
0.000000
0.000000
0.000000
0.027451
0.000000
0.152941
0.992157
1.000000
0.945098
0.976471
1.000000
1.000000
0.996078
0.992157
0.996078
0.996078
1.000000
0.992157
0.968627
0.972549
0.870588
0.909804
0.980392
0.584314
0.070588
0.000000
0.015686
0.000000
0.000000
0.000000
0.000000
0.027451
0.000000
0.156863
1.000000
1.000000
0.949020
0.972549
0.988235
0.980392
0.980392
0.976471
0.976471
0.992157
0.996078
0.984314
0.964706
0.960784
0.862745
0.913725
0.976471
0.580392
0.066667
0.000000
0.015686
0.000000
0.000000
0.000000
0.000000
0.027451
0.000000
0.156863
1.000000
1.000000
0.960784
0.976471
0.988235
0.972549
0.976471
0.976471
0.976471
0.988235
0.996078
0.984314
0.960784
0.960784
0.862745
0.909804
0.980392
0.580392
0.066667
0.000000
0.015686
0.000000
0.000000
0.000000
0.000000
0.027451
0.000000
0.152941
0.992157
1.000000
0.960784
0.980392
0.992157
0.976471
0.984314
0.992157
0.984314
0.984314
0.996078
0.980392
0.960784
0.956863
0.858824
0.909804
0.976471
0.576471
0.066667
0.000000
0.015686
0.000000
0.000000
0.000000
0.000000
0.027451
0.000000
0.152941
0.984314
1.000000
0.960784
0.980392
0.992157
0.984314
0.996078
1.000000
0.984314
0.984314
0.996078
0.980392
0.960784
0.956863
0.858824
0.909804
0.976471
0.576471
0.066667
0.000000
0.015686
0.000000
0.000000
0.000000
0.000000
0.027451
0.000000
0.152941
0.992157
1.000000
0.960784
0.980392
0.992157
0.984314
0.992157
0.996078
0.984314
0.984314
0.996078
0.984314
0.964706
0.960784
0.862745
0.909804
0.980392
0.580392
0.066667
0.000000
0.015686
0.000000
0.000000
0.000000
0.000000
0.027451
0.000000
0.156863
1.000000
1.000000
0.960784
0.980392
0.992157
0.984314
0.988235
0.988235
0.984314
0.988235
0.996078
0.988235
0.968627
0.964706
0.866667
0.913725
0.980392
0.584314
0.070588
0.000000
0.015686
0.000000
0.000000
0.000000
0.000000
0.027451
0.000000
0.156863
1.000000
1.000000
0.960784
0.980392
0.996078
0.988235
0.988235
0.984314
0.988235
0.996078
0.996078
0.992157
0.972549
0.968627
0.874510
0.917647
0.980392
0.588235
0.070588
0.000000
0.015686
0.000000
0.000000
0.000000
0.000000
0.027451
0.000000
0.156863
1.000000
1.000000
0.952941
0.976471
1.000000
0.996078
0.996078
0.984314
0.988235
1.000000
1.000000
0.996078
0.976471
0.976471
0.878431
0.917647
0.980392
0.596078
0.070588
0.000000
0.015686
0.000000
0.000000
0.000000
0.000000
0.027451
0.000000
0.156863
1.000000
1.000000
0.960784
0.972549
0.980392
0.992157
0.968627
0.988235
1.000000
0.972549
0.949020
1.000000
0.964706
0.937255
0.854902
0.917647
0.976471
0.568627
0.066667
0.000000
0.015686
0.000000
0.000000
0.000000
0.000000
0.027451
0.000000
0.156863
1.000000
1.000000
0.980392
0.972549
0.972549
0.992157
0.933333
0.968627
0.984314
0.949020
0.933333
1.000000
0.992157
0.949020
0.866667
0.933333
0.988235
0.607843
0.074510
0.000000
0.015686
0.000000
0.000000
0.000000
0.000000
0.027451
0.000000
0.156863
1.000000
1.000000
0.972549
0.956863
0.968627
0.996078
0.949020
0.968627
0.972549
0.941176
0.952941
0.996078
0.980392
0.933333
0.850980
0.917647
0.964706
0.623529
0.078431
0.000000
0.015686
0.000000
0.000000
0.000000
0.000000
0.027451
0.000000
0.156863
1.000000
1.000000
0.968627
0.945098
0.952941
1.000000
0.980392
0.992157
0.988235
0.952941
0.952941
0.988235
0.933333
0.894118
0.858824
0.917647
0.921569
0.568627
0.070588
0.000000
0.015686
0.000000
0.000000
0.000000
0.000000
0.027451
0.000000
0.145098
0.964706
1.000000
0.992157
0.964706
0.956863
0.988235
0.956863
0.956863
0.988235
0.980392
0.960784
0.976471
0.960784
0.984314
0.996078
0.996078
0.894118
0.525490
0.058824
0.000000
0.015686
0.000000
0.000000
0.000000
0.000000
0.023529
0.000000
0.117647
0.811765
0.980392
1.000000
1.000000
1.000000
1.000000
1.000000
0.996078
1.000000
1.000000
0.980392
1.000000
1.000000
1.000000
1.000000
0.945098
0.713725
0.337255
0.031373
0.000000
0.007843
0.000000
0.000000
0.000000
0.000000
0.007843
0.000000
0.031373
0.227451
0.298039
0.317647
0.321569
0.321569
0.325490
0.313725
0.313725
0.313725
0.309804
0.305882
0.313725
0.317647
0.329412
0.321569
0.278431
0.192157
0.074510
0.003922
0.000000
0.003922
0.000000
0.000000
0.000000
0.000000
0.000000
0.000000
0.000000
0.000000
0.000000
0.000000
0.000000
0.000000
0.000000
0.000000
0.000000
0.000000
0.000000
0.000000
0.000000
0.000000
0.000000
0.000000
0.000000
0.000000
0.000000
0.000000
0.000000
0.000000
0.000000
0.000000
0.000000
0.000000
0.000000
0.000000
0.003922
0.019608
0.023529
0.027451
0.027451
0.027451
0.027451
0.027451
0.027451
0.027451
0.027451
0.027451
0.027451
0.027451
0.027451
0.027451
0.023529
0.019608
0.007843
0.000000
0.000000
0.000000
0.000000
0.000000
0.000000
0.000000
0.000000
0.000000
0.000000
0.000000
0.000000
0.000000
0.000000
0.000000
0.000000
0.000000
0.000000
0.000000
0.000000
0.000000
0.000000
0.000000
0.000000
0.000000
0.000000
0.000000
0.000000
0.000000
0.000000
0.000000
0.000000
0.000000
