0.000000
0.000000
0.000000
0.000000
0.000000
0.000000
0.000000
0.000000
0.000000
0.000000
0.000000
0.000000
0.000000
0.000000
0.000000
0.000000
0.000000
0.000000
0.000000
0.000000
0.000000
0.000000
0.000000
0.000000
0.000000
0.000000
0.000000
0.000000
0.000000
0.000000
0.000000
0.000000
0.000000
0.007843
0.015686
0.015686
0.015686
0.015686
0.015686
0.015686
0.015686
0.015686
0.015686
0.015686
0.015686
0.015686
0.015686
0.015686
0.011765
0.003922
0.000000
0.000000
0.000000
0.000000
0.000000
0.000000
0.000000
0.000000
0.000000
0.000000
0.000000
0.000000
0.000000
0.000000
0.000000
0.000000
0.000000
0.000000
0.000000
0.000000
0.000000
0.000000
0.000000
0.000000
0.000000
0.000000
0.000000
0.000000
0.000000
0.000000
0.000000
0.000000
0.000000
0.000000
0.000000
0.000000
0.003922
0.000000
0.011765
0.101961
0.215686
0.227451
0.235294
0.223529
0.211765
0.215686
0.231373
0.239216
0.239216
0.227451
0.247059
0.270588
0.270588
0.254902
0.184314
0.070588
0.003922
0.000000
0.000000
0.000000
0.000000
0.000000
0.000000
0.000000
0.011765
0.000000
0.062745
0.384314
0.701961
0.749020
0.772549
0.756863
0.725490
0.733333
0.764706
0.780392
0.780392
0.764706
0.788235
0.800000
0.800000
0.803922
0.670588
0.317647
0.027451
0.000000
0.007843
0.000000
0.000000
0.000000
0.000000
0.000000
0.015686
0.000000
0.149020
0.666667
0.945098
0.992157
1.000000
1.000000
0.992157
0.996078
1.000000
1.000000
1.000000
1.000000
1.000000
0.988235
0.980392
1.000000
0.976471
0.647059
0.086275
0.000000
0.015686
0.000000
0.000000
0.000000
0.000000
0.000000
0.023529
0.000000
0.247059
0.898039
0.964706
0.976471
0.972549
0.972549
0.976471
0.980392
0.980392
0.972549
0.972549
0.980392
0.984314
0.988235
0.980392
0.976471
0.992157
0.894118
0.141176
0.000000
0.019608
0.000000
0.000000
0.000000
0.000000
0.000000
0.027451
0.000000
0.298039
1.000000
0.968627
0.976471
0.980392
0.984314
0.988235
0.988235
0.988235
0.984314
0.984314
0.960784
0.972549
0.976471
0.960784
0.968627
0.988235
0.878431
0.137255
0.000000
0.019608
0.000000
0.000000
0.000000
0.000000
0.000000
0.023529
0.000000
0.250980
0.917647
0.972549
0.984314
0.988235
0.988235
0.988235
0.992157
0.992157
0.988235
0.988235
0.968627
0.980392
0.980392
0.968627
0.980392
0.996078
0.894118
0.141176
0.000000
0.019608
0.000000
0.000000
0.000000
0.000000
0.000000
0.027451
0.000000
0.239216
0.894118
0.980392
0.988235
0.992157
0.992157
0.992157
0.992157
0.992157
0.992157
0.992157
0.988235
0.992157
0.992157
0.988235
0.996078
1.000000
0.913725
0.145098
0.000000
0.019608
0.000000
0.000000
0.000000
0.000000
0.000000
0.027451
0.000000
0.270588
0.960784
0.976471
0.988235
0.992157
0.996078
0.996078
0.992157
0.992157
0.992157
0.992157
1.000000
0.996078
0.992157
0.988235
1.000000
1.000000
0.898039
0.141176
0.000000
0.019608
0.000000
0.000000
0.000000
0.000000
0.000000
0.027451
0.000000
0.262745
0.949020
0.976471
0.992157
0.992157
0.996078
0.996078
0.996078
0.996078
0.992157
0.992157
0.996078
0.996078
0.992157
0.984314
0.996078
0.996078
0.870588
0.133333
0.000000
0.019608
0.000000
0.000000
0.000000
0.000000
0.000000
0.023529
0.000000
0.243137
0.898039
0.980392
0.992157
0.992157
0.996078
0.996078
0.996078
0.996078
0.992157
0.992157
0.996078
0.996078
0.992157
0.988235
0.996078
0.992157
0.847059
0.133333
0.000000
0.019608
0.000000
0.000000
0.000000
0.000000
0.000000
0.027451
0.000000
0.258824
0.937255
0.980392
0.984314
0.988235
0.992157
0.992157
0.992157
0.992157
0.992157
0.992157
0.992157
0.992157
0.992157
0.992157
1.000000
0.992157
0.843137
0.129412
0.000000
0.019608
0.000000
0.000000
0.000000
0.000000
0.000000
0.023529
0.000000
0.243137
0.901961
0.976471
0.988235
0.988235
0.992157
0.992157
0.992157
0.992157
0.988235
0.988235
0.980392
0.980392
0.980392
0.984314
1.000000
0.988235
0.827451
0.125490
0.000000
0.019608
0.000000
0.000000
0.000000
0.000000
0.000000
0.023529
0.000000
0.247059
0.909804
0.972549
0.984314
0.988235
0.984314
0.980392
0.992157
0.996078
0.988235
0.968627
0.972549
0.968627
0.976471
0.972549
0.972549
1.000000
0.878431
0.133333
0.000000
0.019608
0.000000
0.000000
0.000000
0.000000
0.000000
0.027451
0.000000
0.258824
0.933333
0.980392
0.992157
0.992157
0.992157
0.992157
0.996078
0.996078
0.992157
0.980392
0.992157
0.988235
0.996078
0.976471
0.956863
0.996078
0.878431
0.137255
0.000000
0.019608
0.000000
0.000000
0.000000
0.000000
0.000000
0.027451
0.000000
0.254902
0.925490
0.972549
0.996078
1.000000
1.000000
0.996078
0.992157
0.992157
0.996078
1.000000
0.964706
0.972549
1.000000
0.984314
0.968627
0.996078
0.878431
0.137255
0.000000
0.019608
0.000000
0.000000
0.000000
0.000000
0.000000
0.023529
0.000000
0.247059
0.901961
0.956863
0.984314
0.992157
0.992157
0.984314
0.984314
0.992157
0.996078
1.000000
0.960784
0.972549
1.000000
0.996078
0.984314
1.000000
0.894118
0.141176
0.000000
0.019608
0.000000
0.000000
0.000000
0.000000
0.000000
0.023529
0.000000
0.258824
0.925490
0.964706
0.980392
0.984314
0.976471
0.976471
0.988235
0.996078
0.996078
0.988235
0.996078
0.992157
0.984314
0.968627
0.964706
0.988235
0.874510
0.141176
0.000000
0.019608
0.000000
0.000000
0.000000
0.000000
0.000000
0.027451
0.000000
0.282353
0.980392
0.984314
0.992157
0.984314
0.976471
0.980392
0.992157
0.996078
0.996078
0.976471
0.964706
0.964706
0.933333
0.909804
0.933333
0.964706
0.858824
0.137255
0.000000
0.019608
0.000000
0.000000
0.000000
0.000000
0.000000
0.027451
0.000000
0.266667
0.949020
0.980392
0.988235
0.976471
0.968627
0.964706
0.980392
0.984314
0.976471
0.956863
0.960784
0.976471
0.980392
0.976471
0.992157
1.000000
0.843137
0.129412
0.000000
0.019608
0.000000
0.000000
0.000000
0.000000
0.000000
0.019608
0.000000
0.168627
0.737255
1.000000
1.000000
1.000000
1.000000
1.000000
1.000000
1.000000
1.000000
1.000000
0.976471
0.988235
1.000000
1.000000
1.000000
0.890196
0.670588
0.098039
0.000000
0.015686
0.000000
0.000000
0.000000
0.000000
0.000000
0.007843
0.000000
0.074510
0.372549
0.607843
0.654902
0.686275
0.690196
0.670588
0.666667
0.698039
0.741176
0.772549
0.764706
0.776471
0.756863
0.756863
0.713725
0.529412
0.345098
0.047059
0.000000
0.007843
0.000000
0.000000
0.000000
0.000000
0.000000
0.000000
0.000000
0.015686
0.074510
0.125490
0.149020
0.172549
0.176471
0.164706
0.164706
0.180392
0.207843
0.227451
0.243137
0.250980
0.231373
0.223529
0.200000
0.125490
0.066667
0.007843
0.000000
0.000000
0.000000
0.000000
0.000000
0.000000
0.000000
0.000000
0.000000
0.000000
0.000000
0.000000
0.000000
0.000000
0.000000
0.000000
0.000000
0.000000
0.000000
0.000000
0.000000
0.000000
0.000000
0.000000
0.000000
0.000000
0.000000
0.000000
0.000000
0.000000
0.000000
0.000000
0.000000
0.000000
0.000000
0.000000
0.000000
0.000000
0.007843
0.011765
0.011765
0.011765
0.011765
0.011765
0.011765
0.011765
0.015686
0.015686
0.015686
0.015686
0.015686
0.015686
0.011765
0.007843
0.003922
0.000000
0.000000
0.000000
0.000000
0.000000
0.000000
0.000000
0.000000
0.000000
0.000000
0.000000
0.000000
0.000000
0.000000
0.000000
0.000000
0.000000
0.000000
0.000000
0.000000
0.000000
0.000000
0.000000
0.000000
0.000000
0.000000
0.000000
0.000000
0.000000
0.000000
0.000000
0.000000
0.000000
0.000000
