0.000000
0.000000
0.000000
0.000000
0.000000
0.000000
0.000000
0.000000
0.000000
0.000000
0.000000
0.000000
0.000000
0.000000
0.000000
0.000000
0.000000
0.000000
0.000000
0.000000
0.000000
0.000000
0.000000
0.000000
0.000000
0.000000
0.000000
0.000000
0.000000
0.000000
0.000000
0.000000
0.003922
0.015686
0.019608
0.023529
0.023529
0.023529
0.023529
0.023529
0.023529
0.023529
0.023529
0.023529
0.023529
0.023529
0.023529
0.019608
0.015686
0.007843
0.000000
0.000000
0.000000
0.000000
0.000000
0.000000
0.000000
0.000000
0.000000
0.000000
0.000000
0.000000
0.000000
0.000000
0.000000
0.000000
0.000000
0.000000
0.000000
0.000000
0.000000
0.000000
0.000000
0.000000
0.000000
0.000000
0.000000
0.000000
0.000000
0.000000
0.000000
0.000000
0.000000
0.000000
0.000000
0.000000
0.007843
0.000000
0.078431
0.290196
0.349020
0.435294
0.443137
0.423529
0.411765
0.431373
0.454902
0.458824
0.443137
0.443137
0.431373
0.415686
0.388235
0.341176
0.250980
0.141176
0.015686
0.000000
0.003922
0.000000
0.000000
0.000000
0.000000
0.000000
0.019608
0.000000
0.207843
0.788235
0.917647
1.000000
1.000000
0.992157
0.964706
1.000000
1.000000
1.000000
1.000000
1.000000
1.000000
1.000000
0.956863
0.870588
0.686275
0.415686
0.050980
0.000000
0.011765
0.000000
0.000000
0.000000
0.000000
0.000000
0.023529
0.000000
0.247059
0.909804
0.992157
0.964706
0.960784
0.949020
0.929412
0.945098
0.972549
0.956863
0.933333
0.933333
0.964706
0.968627
0.956863
0.937255
0.803922
0.529412
0.070588
0.000000
0.011765
0.000000
0.000000
0.000000
0.000000
0.000000
0.027451
0.000000
0.262745
0.945098
0.988235
0.996078
0.996078
0.996078
0.988235
0.988235
0.988235
0.972549
0.956863
0.980392
0.992157
0.972549
0.976471
0.988235
0.878431
0.592157
0.078431
0.000000
0.011765
0.000000
0.000000
0.000000
0.000000
0.000000
0.027451
0.000000
0.258824
0.933333
0.976471
0.952941
0.976471
0.992157
0.968627
0.949020
0.941176
0.917647
0.913725
0.952941
0.992157
0.980392
0.976471
1.000000
0.921569
0.647059
0.090196
0.000000
0.015686
0.000000
0.000000
0.000000
0.000000
0.000000
0.027451
0.000000
0.254902
0.929412
0.980392
0.968627
0.988235
1.000000
0.980392
0.960784
0.949020
0.929412
0.937255
0.980392
0.996078
0.968627
0.960784
0.988235
0.913725
0.658823
0.090196
0.000000
0.015686
0.000000
0.000000
0.000000
0.000000
0.000000
0.023529
0.000000
0.254902
0.921569
0.980392
0.988235
1.000000
0.992157
0.964706
0.956863
0.968627
0.964706
0.968627
0.996078
1.000000
0.980392
0.976471
0.972549
0.866667
0.588235
0.078431
0.000000
0.011765
0.000000
0.000000
0.000000
0.000000
0.000000
0.023529
0.000000
0.243137
0.878431
0.941176
0.992157
0.992157
0.949020
0.909804
0.925490
0.972549
0.980392
0.976471
0.984314
0.992157
0.972549
0.960784
0.937255
0.800000
0.521569
0.070588
0.000000
0.011765
0.000000
0.000000
0.000000
0.000000
0.000000
0.023529
0.000000
0.235294
0.866667
0.937255
0.992157
0.968627
0.917647
0.890196
0.913725
0.952941
0.960784
0.952941
0.956863
0.952941
0.933333
0.933333
0.917647
0.780392
0.466667
0.054902
0.000000
0.011765
0.000000
0.000000
0.000000
0.000000
0.000000
0.023529
0.000000
0.247059
0.905882
0.980392
0.988235
0.949020
0.913725
0.921569
0.937255
0.933333
0.917647
0.898039
0.890196
0.913725
0.933333
0.945098
0.937255
0.807843
0.435294
0.047059
0.000000
0.007843
0.000000
0.000000
0.000000
0.000000
0.000000
0.023529
0.000000
0.247059
0.909804
0.976471
0.980392
0.949020
0.921569
0.925490
0.933333
0.921569
0.886275
0.847059
0.811765
0.901961
0.968627
0.960784
0.964706
0.839216
0.474510
0.054902
0.000000
0.011765
0.000000
0.000000
0.000000
0.000000
0.000000
0.023529
0.000000
0.243137
0.890196
0.952941
0.992157
0.976471
0.941176
0.913725
0.882353
0.847059
0.827451
0.839216
0.850980
0.929412
0.972549
0.980392
0.984314
0.858824
0.498039
0.058824
0.000000
0.011765
0.000000
0.000000
0.000000
0.000000
0.000000
0.023529
0.000000
0.235294
0.850980
0.901961
0.976471
0.988235
0.968627
0.921569
0.854902
0.803922
0.807843
0.874510
0.952941
0.968627
0.968627
0.984314
0.984314
0.862745
0.494118
0.058824
0.000000
0.011765
0.000000
0.000000
0.000000
0.000000
0.000000
0.023529
0.000000
0.235294
0.835294
0.882353
0.937255
0.952941
0.952941
0.929412
0.882353
0.850980
0.866667
0.921569
0.988235
0.984314
0.972549
0.984314
0.972549
0.847059
0.482353
0.054902
0.000000
0.011765
0.000000
0.000000
0.000000
0.000000
0.000000
0.023529
0.000000
0.235294
0.854902
0.909804
0.941176
0.929412
0.901961
0.882353
0.882353
0.905882
0.937255
0.956863
0.964706
0.980392
0.988235
0.984314
0.968627
0.843137
0.478431
0.054902
0.000000
0.011765
0.000000
0.000000
0.000000
0.000000
0.000000
0.023529
0.000000
0.235294
0.854902
0.929412
0.984314
0.937255
0.866667
0.815686
0.827451
0.882353
0.941176
0.968627
0.956863
0.980392
0.996078
0.988235
0.976471
0.850980
0.494118
0.062745
0.000000
0.011765
0.000000
0.000000
0.000000
0.000000
0.000000
0.023529
0.000000
0.223529
0.811765
0.882353
0.945098
0.929412
0.886275
0.831373
0.807843
0.835294
0.894118
0.949020
0.968627
0.984314
0.988235
0.992157
0.984314
0.866667
0.505882
0.062745
0.000000
0.011765
0.000000
0.000000
0.000000
0.000000
0.000000
0.019608
0.000000
0.211765
0.764706
0.827451
0.854902
0.894118
0.929412
0.905882
0.850980
0.819608
0.847059
0.905882
0.960784
0.984314
0.984314
0.992157
0.988235
0.878431
0.525490
0.062745
0.000000
0.011765
0.000000
0.000000
0.000000
0.000000
0.000000
0.019608
0.000000
0.180392
0.721569
0.874510
0.874510
0.886275
0.913725
0.913725
0.862745
0.788235
0.760784
0.823529
0.929412
0.972549
0.980392
0.996078
0.992157
0.858824
0.564706
0.074510
0.000000
0.011765
0.000000
0.000000
0.000000
0.000000
0.000000
0.015686
0.000000
0.164706
0.650980
0.815686
0.917647
0.917647
0.905882
0.894118
0.847059
0.776471
0.741176
0.784314
0.862745
0.929412
0.972549
0.976471
0.909804
0.709804
0.435294
0.054902
0.000000
0.007843
0.000000
0.000000
0.000000
0.000000
0.000000
0.015686
0.000000
0.133333
0.509804
0.635294
0.741176
0.717647
0.678431
0.658823
0.639216
0.603922
0.584314
0.611765
0.654902
0.721569
0.792157
0.803922
0.682353
0.447059
0.227451
0.023529
0.000000
0.003922
0.000000
0.000000
0.000000
0.000000
0.000000
0.003922
0.000000
0.043137
0.172549
0.215686
0.243137
0.227451
0.207843
0.200000
0.200000
0.196078
0.192157
0.200000
0.211765
0.239216
0.270588
0.278431
0.223529
0.125490
0.050980
0.003922
0.000000
0.000000
0.000000
0.000000
0.000000
0.000000
0.000000
0.000000
0.000000
0.000000
0.000000
0.000000
0.000000
0.000000
0.000000
0.000000
0.000000
0.000000
0.000000
0.000000
0.000000
0.000000
0.000000
0.000000
0.000000
0.000000
0.000000
0.000000
0.000000
0.000000
0.000000
0.000000
0.000000
0.000000
0.000000
0.000000
0.000000
0.003922
0.011765
0.011765
0.015686
0.015686
0.011765
0.011765
0.011765
0.011765
0.011765
0.011765
0.011765
0.015686
0.015686
0.015686
0.015686
0.007843
0.003922
0.000000
0.000000
0.000000
0.000000
0.000000
0.000000
0.000000
0.000000
0.000000
0.000000
0.000000
0.000000
0.000000
0.000000
0.000000
0.000000
0.000000
0.000000
0.000000
0.000000
0.000000
0.000000
0.000000
0.000000
0.000000
0.000000
0.000000
0.000000
0.000000
0.000000
0.000000
0.000000
0.000000
0.000000
