0.000000
0.000000
0.000000
0.000000
0.000000
0.000000
0.000000
0.000000
0.000000
0.000000
0.000000
0.000000
0.000000
0.000000
0.000000
0.000000
0.000000
0.000000
0.000000
0.000000
0.000000
0.000000
0.000000
0.000000
0.000000
0.000000
0.000000
0.000000
0.000000
0.000000
0.000000
0.000000
0.000000
0.011765
0.019608
0.023529
0.023529
0.023529
0.023529
0.023529
0.023529
0.023529
0.023529
0.023529
0.023529
0.023529
0.023529
0.023529
0.023529
0.019608
0.011765
0.000000
0.000000
0.000000
0.000000
0.000000
0.000000
0.000000
0.000000
0.000000
0.000000
0.000000
0.000000
0.000000
0.000000
0.000000
0.000000
0.000000
0.000000
0.000000
0.000000
0.000000
0.000000
0.000000
0.000000
0.000000
0.000000
0.000000
0.000000
0.000000
0.000000
0.000000
0.000000
0.000000
0.000000
0.000000
0.003922
0.000000
0.011765
0.113725
0.196078
0.247059
0.270588
0.270588
0.262745
0.258824
0.262745
0.270588
0.278431
0.278431
0.274510
0.266667
0.262745
0.266667
0.254902
0.207843
0.121569
0.015686
0.000000
0.003922
0.000000
0.000000
0.000000
0.000000
0.015686
0.000000
0.054902
0.462745
0.729412
0.870588
0.921569
0.925490
0.905882
0.890196
0.898039
0.917647
0.937255
0.937255
0.925490
0.905882
0.901961
0.909804
0.878431
0.752941
0.478431
0.058824
0.000000
0.015686
0.000000
0.000000
0.000000
0.000000
0.019608
0.000000
0.086275
0.658823
0.921569
0.992157
0.996078
0.988235
0.988235
0.976471
0.976471
0.976471
0.980392
0.980392
0.972549
0.960784
0.960784
0.952941
0.960784
0.913725
0.658823
0.086275
0.000000
0.019608
0.000000
0.000000
0.000000
0.000000
0.019608
0.000000
0.101961
0.737255
0.968627
1.000000
0.956863
0.909804
0.929412
0.925490
0.921569
0.913725
0.901961
0.898039
0.901961
0.905882
0.905882
0.874510
0.905882
0.960784
0.760784
0.105882
0.000000
0.019608
0.000000
0.000000
0.000000
0.000000
0.019608
0.000000
0.101961
0.733333
0.949020
0.976471
0.933333
0.909804
0.937255
0.945098
0.941176
0.921569
0.905882
0.905882
0.917647
0.933333
0.941176
0.882353
0.898039
0.988235
0.835294
0.121569
0.000000
0.023529
0.000000
0.000000
0.000000
0.000000
0.019608
0.000000
0.101961
0.725490
0.949020
0.984314
0.956863
0.941176
0.968627
0.976471
0.976471
0.960784
0.945098
0.945098
0.960784
0.976471
0.980392
0.890196
0.905882
1.000000
0.839216
0.121569
0.000000
0.023529
0.000000
0.000000
0.000000
0.000000
0.019608
0.000000
0.101961
0.733333
0.964706
1.000000
0.980392
0.960784
0.972549
0.972549
0.968627
0.960784
0.960784
0.952941
0.956863
0.960784
0.960784
0.878431
0.898039
1.000000
0.819608
0.117647
0.000000
0.023529
0.000000
0.000000
0.000000
0.000000
0.019608
0.000000
0.101961
0.749020
0.968627
0.988235
0.980392
0.984314
0.980392
0.972549
0.968627
0.964706
0.964706
0.960784
0.952941
0.945098
0.968627
0.901961
0.909804
1.000000
0.831373
0.117647
0.000000
0.023529
0.000000
0.000000
0.000000
0.000000
0.019608
0.000000
0.109804
0.776471
0.972549
0.984314
0.972549
0.972549
0.980392
0.984314
0.976471
0.964706
0.949020
0.945098
0.949020
0.952941
0.972549
0.898039
0.905882
1.000000
0.823529
0.117647
0.000000
0.023529
0.000000
0.000000
0.000000
0.000000
0.019608
0.000000
0.105882
0.756863
0.964706
0.992157
0.980392
0.980392
0.988235
0.992157
0.988235
0.972549
0.960784
0.956863
0.960784
0.968627
0.976471
0.894118
0.901961
1.000000
0.819608
0.117647
0.000000
0.023529
0.000000
0.000000
0.000000
0.000000
0.019608
0.000000
0.101961
0.733333
0.952941
1.000000
0.980392
0.964706
0.980392
0.984314
0.984314
0.976471
0.968627
0.964706
0.960784
0.964706
0.972549
0.890196
0.901961
1.000000
0.819608
0.117647
0.000000
0.023529
0.000000
0.000000
0.000000
0.000000
0.019608
0.000000
0.098039
0.717647
0.945098
1.000000
0.972549
0.945098
0.964706
0.968627
0.972549
0.968627
0.960784
0.956863
0.952941
0.956863
0.964706
0.890196
0.901961
1.000000
0.811765
0.117647
0.000000
0.023529
0.000000
0.000000
0.000000
0.000000
0.019608
0.000000
0.098039
0.721569
0.941176
1.000000
0.968627
0.941176
0.956863
0.960784
0.968627
0.968627
0.968627
0.964706
0.960784
0.960784
0.964706
0.886275
0.901961
1.000000
0.807843
0.113725
0.000000
0.023529
0.000000
0.000000
0.000000
0.000000
0.019608
0.000000
0.101961
0.733333
0.949020
0.992157
0.972549
0.952941
0.960784
0.964706
0.968627
0.976471
0.980392
0.980392
0.976471
0.972549
0.968627
0.882353
0.901961
1.000000
0.803922
0.113725
0.000000
0.023529
0.000000
0.000000
0.000000
0.000000
0.019608
0.000000
0.105882
0.749020
0.956863
0.992157
0.972549
0.956863
0.956863
0.956863
0.956863
0.968627
0.976471
0.976471
0.972549
0.968627
0.964706
0.886275
0.905882
1.000000
0.803922
0.113725
0.000000
0.023529
0.000000
0.000000
0.000000
0.000000
0.019608
0.000000
0.105882
0.756863
0.960784
0.996078
0.972549
0.949020
0.949020
0.937255
0.937255
0.949020
0.956863
0.960784
0.964706
0.960784
0.964706
0.890196
0.909804
1.000000
0.807843
0.113725
0.000000
0.023529
0.000000
0.000000
0.000000
0.000000
0.019608
0.000000
0.105882
0.756863
0.964706
0.992157
0.984314
0.972549
0.956863
0.945098
0.941176
0.949020
0.960784
0.968627
0.972549
0.968627
0.980392
0.898039
0.909804
0.996078
0.800000
0.113725
0.000000
0.023529
0.000000
0.000000
0.000000
0.000000
0.019608
0.000000
0.105882
0.760784
0.964706
0.988235
0.976471
0.956863
0.949020
0.941176
0.937255
0.937255
0.952941
0.960784
0.964706
0.968627
0.949020
0.878431
0.913725
1.000000
0.823529
0.117647
0.000000
0.023529
0.000000
0.000000
0.000000
0.000000
0.019608
0.000000
0.101961
0.729412
0.941176
1.000000
0.980392
0.945098
0.952941
0.949020
0.952941
0.949020
0.956863
0.960784
0.968627
0.980392
0.937255
0.894118
0.933333
0.992157
0.819608
0.121569
0.000000
0.023529
0.000000
0.000000
0.000000
0.000000
0.015686
0.000000
0.078431
0.592157
0.843137
0.972549
1.000000
0.992157
0.996078
0.992157
0.992157
0.992157
0.996078
1.000000
0.996078
1.000000
1.000000
0.964706
0.913725
0.878431
0.666667
0.094118
0.000000
0.019608
0.000000
0.000000
0.000000
0.000000
0.007843
0.000000
0.047059
0.388235
0.611765
0.788235
0.850980
0.835294
0.835294
0.835294
0.831373
0.835294
0.835294
0.835294
0.839216
0.839216
0.878431
0.839216
0.725490
0.611765
0.415686
0.054902
0.000000
0.011765
0.000000
0.000000
0.000000
0.000000
0.003922
0.000000
0.011765
0.094118
0.156863
0.211765
0.235294
0.227451
0.227451
0.227451
0.227451
0.227451
0.227451
0.227451
0.231373
0.231373
0.247059
0.235294
0.192157
0.149020
0.094118
0.011765
0.000000
0.000000
0.000000
0.000000
0.000000
0.000000
0.000000
0.000000
0.000000
0.000000
0.000000
0.000000
0.000000
0.000000
0.000000
0.000000
0.000000
0.000000
0.000000
0.000000
0.000000
0.000000
0.000000
0.000000
0.000000
0.000000
0.000000
0.000000
0.000000
0.000000
0.000000
0.000000
0.000000
0.000000
0.000000
0.000000
0.000000
0.007843
0.015686
0.019608
0.019608
0.019608
0.019608
0.019608
0.019608
0.019608
0.019608
0.019608
0.019608
0.019608
0.023529
0.019608
0.019608
0.015686
0.011765
0.000000
0.000000
0.000000
0.000000
0.000000
0.000000
0.000000
0.000000
0.000000
0.000000
0.000000
0.000000
0.000000
0.000000
0.000000
0.000000
0.000000
0.000000
0.000000
0.000000
0.000000
0.000000
0.000000
0.000000
0.000000
0.000000
0.000000
0.000000
0.000000
0.000000
0.000000
0.000000
0.000000
