0.000000
0.000000
0.000000
0.000000
0.000000
0.000000
0.000000
0.000000
0.000000
0.000000
0.000000
0.000000
0.000000
0.000000
0.000000
0.000000
0.000000
0.000000
0.000000
0.000000
0.000000
0.000000
0.000000
0.000000
0.000000
0.000000
0.000000
0.000000
0.000000
0.000000
0.000000
0.000000
0.000000
0.011765
0.019608
0.023529
0.027451
0.027451
0.027451
0.027451
0.027451
0.027451
0.027451
0.027451
0.027451
0.027451
0.027451
0.027451
0.027451
0.023529
0.015686
0.000000
0.000000
0.000000
0.000000
0.000000
0.000000
0.000000
0.000000
0.000000
0.000000
0.000000
0.000000
0.000000
0.000000
0.000000
0.000000
0.000000
0.000000
0.000000
0.000000
0.000000
0.000000
0.000000
0.000000
0.000000
0.000000
0.000000
0.000000
0.000000
0.000000
0.000000
0.000000
0.000000
0.000000
0.000000
0.003922
0.000000
0.007843
0.094118
0.203922
0.290196
0.321569
0.321569
0.317647
0.313725
0.313725
0.317647
0.321569
0.333333
0.337255
0.341176
0.352941
0.352941
0.325490
0.254902
0.152941
0.019608
0.000000
0.003922
0.000000
0.000000
0.000000
0.000000
0.015686
0.000000
0.050980
0.443137
0.772549
0.972549
1.000000
1.000000
1.000000
1.000000
1.000000
1.000000
1.000000
1.000000
1.000000
1.000000
1.000000
1.000000
1.000000
0.870588
0.556863
0.066667
0.000000
0.015686
0.000000
0.000000
0.000000
0.000000
0.019608
0.000000
0.098039
0.733333
0.992157
0.996078
0.988235
0.992157
0.988235
0.976471
0.972549
0.976471
0.984314
0.984314
0.988235
0.992157
0.925490
0.933333
0.996078
0.952941
0.690196
0.094118
0.000000
0.019608
0.000000
0.000000
0.000000
0.000000
0.023529
0.000000
0.125490
0.858824
1.000000
0.937255
0.937255
0.996078
0.976471
0.976471
0.980392
0.984314
0.988235
0.984314
0.984314
0.976471
0.968627
0.976471
1.000000
1.000000
0.807843
0.117647
0.000000
0.023529
0.000000
0.000000
0.000000
0.000000
0.019608
0.000000
0.113725
0.792157
0.992157
0.976471
0.968627
0.992157
0.980392
0.980392
0.980392
0.984314
0.992157
0.992157
0.988235
0.980392
0.988235
0.980392
0.984314
1.000000
0.819608
0.117647
0.000000
0.023529
0.000000
0.000000
0.000000
0.000000
0.019608
0.000000
0.105882
0.752941
0.996078
0.996078
0.984314
0.996078
0.996078
0.988235
0.984314
0.984314
0.992157
0.996078
0.996078
0.996078
0.992157
0.964706
0.972549
0.996078
0.827451
0.121569
0.000000
0.023529
0.000000
0.000000
0.000000
0.000000
0.023529
0.000000
0.113725
0.792157
0.996078
0.976471
0.968627
1.000000
0.996078
0.988235
0.988235
0.988235
0.992157
0.996078
0.996078
0.996078
0.992157
0.976471
0.980392
1.000000
0.866667
0.129412
0.000000
0.023529
0.000000
0.000000
0.000000
0.000000
0.023529
0.000000
0.117647
0.815686
1.000000
0.996078
0.984314
0.992157
0.992157
0.992157
0.992157
0.992157
0.992157
0.992157
0.992157
0.992157
0.984314
0.980392
0.988235
1.000000
0.866667
0.129412
0.000000
0.023529
0.000000
0.000000
0.000000
0.000000
0.023529
0.000000
0.117647
0.823529
1.000000
0.984314
0.976471
0.996078
0.992157
0.992157
0.992157
0.992157
0.992157
0.992157
0.992157
0.992157
0.996078
0.984314
0.984314
1.000000
0.831373
0.121569
0.000000
0.023529
0.000000
0.000000
0.000000
0.000000
0.023529
0.000000
0.121569
0.831373
1.000000
0.976471
0.972549
0.996078
0.992157
0.992157
0.992157
0.992157
0.992157
0.992157
0.992157
0.992157
0.996078
0.984314
0.980392
0.996078
0.827451
0.121569
0.000000
0.023529
0.000000
0.000000
0.000000
0.000000
0.023529
0.000000
0.121569
0.823529
1.000000
0.976471
0.976471
0.996078
0.992157
0.992157
0.992157
0.992157
0.992157
0.992157
0.992157
0.992157
0.988235
0.972549
0.968627
0.996078
0.858824
0.125490
0.000000
0.023529
0.000000
0.000000
0.000000
0.000000
0.023529
0.000000
0.113725
0.800000
0.996078
0.984314
0.976471
0.996078
0.992157
0.992157
0.992157
0.992157
0.992157
0.992157
0.992157
0.992157
0.992157
0.968627
0.968627
1.000000
0.882353
0.133333
0.000000
0.023529
0.000000
0.000000
0.000000
0.000000
0.023529
0.000000
0.109804
0.772549
0.980392
0.984314
0.976471
0.992157
0.992157
0.992157
0.992157
0.992157
0.992157
0.992157
0.992157
0.992157
0.996078
0.980392
0.980392
1.000000
0.862745
0.125490
0.000000
0.023529
0.000000
0.000000
0.000000
0.000000
0.019608
0.000000
0.105882
0.764706
0.972549
0.980392
0.980392
0.992157
0.992157
0.992157
0.992157
0.992157
0.992157
0.992157
0.992157
0.992157
0.996078
0.984314
0.988235
0.996078
0.819608
0.117647
0.000000
0.023529
0.000000
0.000000
0.000000
0.000000
0.019608
0.000000
0.109804
0.772549
0.980392
0.984314
0.980392
0.992157
0.992157
0.992157
0.992157
0.992157
0.992157
0.992157
0.992157
0.992157
0.996078
0.984314
0.988235
1.000000
0.811765
0.117647
0.000000
0.023529
0.000000
0.000000
0.000000
0.000000
0.023529
0.000000
0.113725
0.796078
0.992157
1.000000
0.988235
0.992157
0.992157
0.992157
0.992157
0.992157
0.992157
0.992157
0.992157
0.996078
0.976471
0.960784
0.984314
1.000000
0.823529
0.117647
0.000000
0.023529
0.000000
0.000000
0.000000
0.000000
0.023529
0.000000
0.109804
0.776471
0.996078
0.976471
0.964706
0.992157
0.992157
0.992157
0.988235
0.984314
0.988235
0.992157
0.988235
0.984314
0.956863
0.964706
0.984314
1.000000
0.886275
0.133333
0.000000
0.027451
0.000000
0.000000
0.000000
0.000000
0.019608
0.000000
0.105882
0.756863
0.996078
0.952941
0.941176
0.992157
0.996078
0.996078
0.988235
0.980392
0.988235
0.992157
0.988235
0.976471
0.941176
0.968627
0.988235
0.996078
0.933333
0.145098
0.000000
0.027451
0.000000
0.000000
0.000000
0.000000
0.019608
0.000000
0.101961
0.745098
0.992157
0.980392
0.972549
1.000000
1.000000
1.000000
1.000000
1.000000
1.000000
1.000000
0.996078
1.000000
0.960784
0.972549
1.000000
1.000000
0.905882
0.133333
0.000000
0.023529
0.000000
0.000000
0.000000
0.000000
0.015686
0.000000
0.082353
0.635294
0.925490
0.996078
0.996078
0.992157
0.984314
0.988235
0.996078
1.000000
0.992157
0.980392
0.980392
0.996078
0.996078
0.992157
1.000000
0.984314
0.788235
0.109804
0.000000
0.023529
0.000000
0.000000
0.000000
0.000000
0.007843
0.000000
0.050980
0.423529
0.701961
0.850980
0.909804
0.909804
0.878431
0.886275
0.917647
0.933333
0.905882
0.878431
0.882353
0.913725
0.925490
0.870588
0.827451
0.776471
0.525490
0.066667
0.000000
0.015686
0.000000
0.000000
0.000000
0.000000
0.003922
0.000000
0.011765
0.101961
0.180392
0.239216
0.266667
0.266667
0.250980
0.254902
0.270588
0.274510
0.262745
0.254902
0.254902
0.266667
0.270588
0.247059
0.223529
0.203922
0.125490
0.015686
0.000000
0.003922
0.000000
0.000000
0.000000
0.000000
0.000000
0.000000
0.000000
0.000000
0.000000
0.000000
0.000000
0.000000
0.000000
0.000000
0.000000
0.000000
0.000000
0.000000
0.000000
0.000000
0.000000
0.000000
0.000000
0.000000
0.000000
0.000000
0.000000
0.000000
0.000000
0.000000
0.000000
0.000000
0.000000
0.000000
0.000000
0.011765
0.015686
0.019608
0.023529
0.023529
0.023529
0.023529
0.023529
0.023529
0.023529
0.023529
0.023529
0.023529
0.023529
0.023529
0.019608
0.019608
0.011765
0.000000
0.000000
0.000000
0.000000
0.000000
0.000000
0.000000
0.000000
0.000000
0.000000
0.000000
0.000000
0.000000
0.000000
0.000000
0.000000
0.000000
0.000000
0.000000
0.000000
0.000000
0.000000
0.000000
0.000000
0.000000
0.000000
0.000000
0.000000
0.000000
0.000000
0.000000
0.000000
0.000000
