0.000000
0.000000
0.000000
0.000000
0.000000
0.000000
0.000000
0.000000
0.000000
0.000000
0.000000
0.000000
0.000000
0.000000
0.000000
0.000000
0.000000
0.000000
0.000000
0.000000
0.000000
0.000000
0.000000
0.000000
0.000000
0.000000
0.000000
0.000000
0.000000
0.000000
0.000000
0.000000
0.000000
0.011765
0.019608
0.023529
0.027451
0.027451
0.027451
0.027451
0.027451
0.027451
0.027451
0.027451
0.027451
0.027451
0.027451
0.027451
0.027451
0.019608
0.011765
0.000000
0.000000
0.000000
0.000000
0.000000
0.000000
0.000000
0.000000
0.000000
0.000000
0.000000
0.000000
0.000000
0.000000
0.000000
0.000000
0.000000
0.000000
0.000000
0.000000
0.000000
0.000000
0.000000
0.000000
0.000000
0.000000
0.000000
0.000000
0.000000
0.000000
0.000000
0.000000
0.000000
0.000000
0.000000
0.003922
0.000000
0.007843
0.098039
0.196078
0.301961
0.360784
0.360784
0.356863
0.360784
0.356863
0.356863
0.356863
0.352941
0.352941
0.356863
0.356863
0.360784
0.329412
0.215686
0.105882
0.011765
0.000000
0.003922
0.000000
0.000000
0.000000
0.000000
0.015686
0.000000
0.050980
0.439216
0.752941
0.952941
1.000000
1.000000
1.000000
1.000000
1.000000
1.000000
1.000000
1.000000
1.000000
1.000000
1.000000
1.000000
1.000000
0.796078
0.486274
0.058824
0.000000
0.015686
0.000000
0.000000
0.000000
0.000000
0.019608
0.000000
0.086275
0.662745
0.968627
0.898039
0.811765
0.854902
0.882353
0.878431
0.882353
0.886275
0.894118
0.898039
0.894118
0.890196
0.874510
0.886275
0.949020
0.972549
0.760784
0.105882
0.000000
0.019608
0.000000
0.000000
0.000000
0.000000
0.019608
0.000000
0.086275
0.662745
0.980392
0.921569
0.831373
0.878431
0.917647
0.913725
0.917647
0.921569
0.925490
0.925490
0.925490
0.913725
0.894118
0.901961
0.968627
0.996078
0.780392
0.109804
0.000000
0.019608
0.000000
0.000000
0.000000
0.000000
0.015686
0.000000
0.078431
0.635294
0.968627
0.941176
0.870588
0.917647
0.964706
0.960784
0.964706
0.968627
0.972549
0.972549
0.960784
0.949020
0.929412
0.929412
0.976471
0.996078
0.780392
0.109804
0.000000
0.023529
0.000000
0.000000
0.000000
0.000000
0.015686
0.000000
0.074510
0.623529
0.972549
0.956863
0.878431
0.921569
0.972549
0.972549
0.976471
0.984314
0.988235
0.988235
0.976471
0.960784
0.945098
0.933333
0.972549
1.000000
0.792157
0.109804
0.000000
0.023529
0.000000
0.000000
0.000000
0.000000
0.015686
0.000000
0.074510
0.611765
0.972549
0.964706
0.866667
0.901961
0.964706
0.964706
0.968627
0.980392
0.992157
0.992157
0.980392
0.964706
0.952941
0.933333
0.964706
1.000000
0.800000
0.113725
0.000000
0.023529
0.000000
0.000000
0.000000
0.000000
0.015686
0.000000
0.074510
0.607843
0.976471
0.960784
0.847059
0.882353
0.960784
0.956863
0.960784
0.972549
0.984314
0.988235
0.984314
0.968627
0.960784
0.937255
0.960784
1.000000
0.803922
0.113725
0.000000
0.023529
0.000000
0.000000
0.000000
0.000000
0.015686
0.000000
0.074510
0.615686
0.976471
0.949020
0.839216
0.886275
0.964706
0.956863
0.960784
0.972549
0.980392
0.988235
0.988235
0.980392
0.976471
0.952941
0.968627
1.000000
0.803922
0.113725
0.000000
0.023529
0.000000
0.000000
0.000000
0.000000
0.015686
0.000000
0.078431
0.631373
0.972549
0.945098
0.850980
0.909804
0.976471
0.968627
0.964706
0.972549
0.980392
0.984314
0.988235
0.984314
0.984314
0.964706
0.980392
0.996078
0.792157
0.109804
0.000000
0.023529
0.000000
0.000000
0.000000
0.000000
0.019608
0.000000
0.082353
0.650980
0.972549
0.941176
0.878431
0.941176
0.988235
0.980392
0.976471
0.976471
0.980392
0.980392
0.988235
0.984314
0.980392
0.976471
0.992157
0.980392
0.764706
0.105882
0.000000
0.019608
0.000000
0.000000
0.000000
0.000000
0.019608
0.000000
0.082353
0.643137
0.968627
0.941176
0.878431
0.945098
1.000000
0.980392
0.964706
0.964706
0.972549
0.980392
0.980392
0.972549
0.972549
0.945098
0.968627
0.988235
0.749020
0.105882
0.000000
0.019608
0.000000
0.000000
0.000000
0.000000
0.015686
0.000000
0.078431
0.619608
0.972549
0.949020
0.858824
0.921569
0.992157
0.960784
0.937255
0.945098
0.972549
0.980392
0.972549
0.952941
0.949020
0.917647
0.960784
1.000000
0.749020
0.101961
0.000000
0.019608
0.000000
0.000000
0.000000
0.000000
0.015686
0.000000
0.078431
0.623529
0.980392
0.952941
0.858824
0.901961
0.952941
0.933333
0.933333
0.952941
0.980392
0.988235
0.972549
0.945098
0.921569
0.941176
0.996078
0.992157
0.749020
0.101961
0.000000
0.019608
0.000000
0.000000
0.000000
0.000000
0.015686
0.000000
0.074510
0.607843
0.964706
0.937255
0.839216
0.894118
0.960784
0.945098
0.949020
0.968627
0.992157
0.996078
0.976471
0.949020
0.941176
0.921569
0.960784
0.976471
0.721569
0.098039
0.000000
0.019608
0.000000
0.000000
0.000000
0.000000
0.015686
0.000000
0.078431
0.623529
0.976471
0.960784
0.898039
0.949020
0.972549
0.952941
0.941176
0.949020
0.956863
0.949020
0.937255
0.929412
0.929412
0.929412
0.968627
0.992157
0.780392
0.109804
0.000000
0.023529
0.000000
0.000000
0.000000
0.000000
0.015686
0.000000
0.074510
0.615686
0.968627
0.941176
0.850980
0.917647
0.996078
0.972549
0.949020
0.949020
0.941176
0.925490
0.921569
0.921569
0.941176
0.913725
0.941176
1.000000
0.796078
0.113725
0.000000
0.023529
0.000000
0.000000
0.000000
0.000000
0.015686
0.000000
0.074510
0.615686
0.960784
0.937255
0.819608
0.874510
0.988235
0.972549
0.964706
0.972549
0.964706
0.949020
0.937255
0.937255
0.960784
0.917647
0.941176
0.996078
0.764706
0.105882
0.000000
0.019608
0.000000
0.000000
0.000000
0.000000
0.015686
0.000000
0.078431
0.635294
0.992157
1.000000
0.941176
0.949020
0.972549
0.976471
0.996078
1.000000
1.000000
0.996078
0.972549
0.972549
0.984314
0.988235
1.000000
1.000000
0.741176
0.101961
0.000000
0.019608
0.000000
0.000000
0.000000
0.000000
0.015686
0.000000
0.062745
0.545098
0.952941
0.996078
0.972549
0.992157
0.960784
0.972549
0.996078
1.000000
1.000000
0.988235
0.968627
0.972549
0.988235
0.992157
1.000000
0.937255
0.639216
0.082353
0.000000
0.015686
0.000000
0.000000
0.000000
0.000000
0.007843
0.000000
0.019608
0.247059
0.596078
0.647059
0.666667
0.729412
0.694118
0.701961
0.705882
0.705882
0.686275
0.666667
0.654902
0.674510
0.705882
0.733333
0.717647
0.588235
0.329412
0.039216
0.000000
0.007843
0.000000
0.000000
0.000000
0.000000
0.000000
0.000000
0.000000
0.031373
0.125490
0.141176
0.152941
0.176471
0.168627
0.172549
0.168627
0.168627
0.160784
0.152941
0.149020
0.160784
0.172549
0.184314
0.172549
0.125490
0.054902
0.003922
0.000000
0.003922
0.000000
0.000000
0.000000
0.000000
0.000000
0.000000
0.000000
0.000000
0.000000
0.000000
0.000000
0.000000
0.000000
0.000000
0.000000
0.000000
0.000000
0.000000
0.000000
0.000000
0.000000
0.000000
0.000000
0.000000
0.000000
0.000000
0.000000
0.000000
0.000000
0.000000
0.000000
0.000000
0.000000
0.000000
0.000000
0.003922
0.015686
0.015686
0.015686
0.015686
0.015686
0.015686
0.015686
0.015686
0.015686
0.015686
0.015686
0.015686
0.015686
0.019608
0.015686
0.015686
0.007843
0.000000
0.000000
0.000000
0.000000
0.000000
0.000000
0.000000
0.000000
0.000000
0.000000
0.000000
0.000000
0.000000
0.000000
0.000000
0.000000
0.000000
0.000000
0.000000
0.000000
0.000000
0.000000
0.000000
0.000000
0.000000
0.000000
0.000000
0.000000
0.000000
0.000000
0.000000
0.000000
0.000000
