0.000000
0.000000
0.000000
0.000000
0.000000
0.000000
0.000000
0.000000
0.000000
0.000000
0.000000
0.000000
0.000000
0.000000
0.000000
0.000000
0.000000
0.000000
0.000000
0.000000
0.000000
0.000000
0.000000
0.000000
0.000000
0.000000
0.000000
0.000000
0.000000
0.000000
0.000000
0.000000
0.007843
0.015686
0.019608
0.019608
0.023529
0.019608
0.019608
0.023529
0.019608
0.019608
0.023529
0.023529
0.023529
0.023529
0.023529
0.019608
0.015686
0.011765
0.003922
0.000000
0.000000
0.000000
0.000000
0.000000
0.000000
0.000000
0.000000
0.000000
0.000000
0.000000
0.000000
0.000000
0.000000
0.000000
0.000000
0.000000
0.000000
0.000000
0.000000
0.000000
0.000000
0.000000
0.000000
0.000000
0.000000
0.000000
0.000000
0.000000
0.000000
0.000000
0.000000
0.000000
0.000000
0.003922
0.000000
0.015686
0.090196
0.176471
0.203922
0.235294
0.239216
0.223529
0.235294
0.262745
0.239216
0.235294
0.250980
0.250980
0.247059
0.258824
0.258824
0.227451
0.176471
0.117647
0.035294
0.000000
0.000000
0.000000
0.000000
0.000000
0.000000
0.007843
0.000000
0.074510
0.384314
0.694118
0.780392
0.850980
0.854902
0.811765
0.839216
0.909804
0.843137
0.843137
0.878431
0.870588
0.858824
0.882353
0.898039
0.819608
0.698039
0.513726
0.203922
0.015686
0.000000
0.003922
0.000000
0.000000
0.000000
0.011765
0.000000
0.121569
0.580392
0.941176
1.000000
1.000000
0.992157
0.972549
0.976471
1.000000
0.980392
0.988235
0.996078
0.976471
0.964706
0.976471
1.000000
0.968627
0.941176
0.811765
0.435294
0.047059
0.000000
0.011765
0.000000
0.000000
0.000000
0.015686
0.000000
0.137255
0.639216
1.000000
1.000000
0.988235
0.976471
0.972549
0.976471
0.980392
1.000000
1.000000
1.000000
1.000000
0.992157
0.996078
1.000000
0.996078
1.000000
0.976471
0.662745
0.086275
0.000000
0.019608
0.000000
0.000000
0.000000
0.015686
0.000000
0.168627
0.709804
1.000000
0.984314
0.952941
0.968627
0.984314
0.988235
0.972549
0.976471
0.972549
0.972549
0.980392
0.980392
0.976471
0.972549
0.964706
0.988235
0.988235
0.749020
0.101961
0.000000
0.019608
0.000000
0.000000
0.000000
0.015686
0.000000
0.164706
0.690196
0.980392
0.980392
0.964706
0.992157
1.000000
0.988235
0.964706
0.976471
0.976471
0.972549
0.984314
0.988235
0.984314
0.976471
0.960784
0.976471
0.960784
0.721569
0.098039
0.000000
0.019608
0.000000
0.000000
0.000000
0.015686
0.000000
0.145098
0.643137
0.972549
0.988235
0.996078
1.000000
0.996078
0.984314
0.968627
0.992157
0.992157
0.984314
0.992157
1.000000
1.000000
0.996078
0.976471
0.988235
0.964706
0.694118
0.094118
0.000000
0.019608
0.000000
0.000000
0.000000
0.015686
0.000000
0.152941
0.674510
1.000000
1.000000
0.992157
0.984314
0.980392
1.000000
1.000000
1.000000
0.988235
0.976471
0.976471
0.988235
0.996078
0.996078
0.980392
0.996078
0.976471
0.713725
0.098039
0.000000
0.019608
0.000000
0.000000
0.000000
0.015686
0.000000
0.149020
0.662745
0.996078
0.988235
0.949020
0.937255
0.941176
0.972549
1.000000
0.996078
0.996078
1.000000
0.992157
0.988235
0.992157
0.996078
0.992157
1.000000
0.996078
0.760784
0.105882
0.000000
0.019608
0.000000
0.000000
0.000000
0.015686
0.000000
0.145098
0.658823
1.000000
0.996078
0.976471
0.984314
0.988235
0.988235
0.972549
0.968627
0.988235
1.000000
0.996078
0.996078
0.984314
0.992157
0.996078
0.996078
0.992157
0.800000
0.113725
0.000000
0.023529
0.000000
0.000000
0.000000
0.015686
0.000000
0.160784
0.682353
1.000000
1.000000
0.996078
1.000000
0.988235
0.980392
0.984314
0.980392
0.984314
0.992157
0.992157
0.992157
0.988235
0.992157
0.980392
0.992157
0.976471
0.772549
0.105882
0.000000
0.019608
0.000000
0.000000
0.000000
0.015686
0.000000
0.164706
0.694118
0.996078
0.996078
0.988235
0.992157
0.972549
0.972549
0.996078
1.000000
0.992157
0.988235
0.988235
0.988235
0.992157
0.992157
0.976471
0.988235
0.964706
0.729412
0.098039
0.000000
0.019608
0.000000
0.000000
0.000000
0.015686
0.000000
0.152941
0.674510
0.988235
0.980392
0.976471
1.000000
0.996078
0.988235
0.984314
0.996078
0.996078
0.992157
0.992157
0.992157
0.992157
0.992157
0.984314
0.992157
0.968627
0.721569
0.098039
0.000000
0.019608
0.000000
0.000000
0.000000
0.015686
0.000000
0.152941
0.666667
0.984314
0.976471
0.968627
0.996078
1.000000
0.992157
0.984314
0.992157
0.996078
0.992157
0.992157
0.992157
0.996078
0.996078
0.984314
0.992157
0.972549
0.725490
0.098039
0.000000
0.019608
0.000000
0.000000
0.000000
0.015686
0.000000
0.152941
0.670588
0.996078
0.996078
0.964706
0.984314
0.996078
0.992157
0.980392
0.992157
0.996078
0.992157
0.992157
0.992157
0.996078
0.996078
0.984314
1.000000
0.964706
0.705882
0.094118
0.000000
0.019608
0.000000
0.000000
0.000000
0.015686
0.000000
0.149020
0.666667
1.000000
1.000000
0.968627
0.968627
0.984314
0.996078
0.984314
0.992157
0.996078
0.992157
0.992157
0.992157
0.996078
0.996078
0.980392
1.000000
0.964706
0.682353
0.094118
0.000000
0.019608
0.000000
0.000000
0.000000
0.015686
0.000000
0.137255
0.639216
1.000000
1.000000
0.976471
0.960784
0.972549
0.996078
0.984314
0.988235
0.992157
0.992157
0.992157
0.992157
0.996078
0.996078
0.980392
0.992157
0.968627
0.721569
0.101961
0.000000
0.019608
0.000000
0.000000
0.000000
0.015686
0.000000
0.113725
0.568627
0.956863
1.000000
0.984314
0.960784
0.968627
0.996078
0.984314
0.988235
0.992157
0.988235
0.988235
0.988235
0.992157
0.992157
0.976471
0.984314
0.968627
0.760784
0.105882
0.000000
0.019608
0.000000
0.000000
0.000000
0.011765
0.000000
0.090196
0.494118
0.898039
1.000000
0.996078
0.972549
0.972549
0.992157
0.976471
0.988235
0.992157
0.980392
0.984314
0.980392
0.984314
0.984314
0.972549
0.992157
0.972549
0.737255
0.101961
0.000000
0.019608
0.000000
0.000000
0.000000
0.007843
0.000000
0.070588
0.427451
0.835294
0.980392
0.996078
0.980392
0.976471
0.992157
0.968627
0.980392
0.984314
0.976471
0.976471
0.976471
0.980392
0.980392
0.964706
0.992157
0.945098
0.611765
0.074510
0.000000
0.015686
0.000000
0.000000
0.000000
0.003922
0.000000
0.019608
0.231373
0.627451
0.952941
1.000000
0.988235
1.000000
1.000000
1.000000
1.000000
1.000000
1.000000
1.000000
1.000000
1.000000
1.000000
0.984314
0.882353
0.678431
0.211765
0.011765
0.000000
0.007843
0.000000
0.000000
0.000000
0.000000
0.000000
0.000000
0.043137
0.160784
0.290196
0.317647
0.305882
0.325490
0.341176
0.317647
0.321569
0.325490
0.321569
0.325490
0.337255
0.349020
0.349020
0.305882
0.254902
0.164706
0.007843
0.000000
0.000000
0.000000
0.000000
0.000000
0.000000
0.000000
0.000000
0.000000
0.000000
0.000000
0.000000
0.000000
0.000000
0.000000
0.000000
0.000000
0.000000
0.000000
0.000000
0.000000
0.000000
0.000000
0.000000
0.000000
0.000000
0.000000
0.000000
0.003922
0.000000
0.000000
0.000000
0.000000
0.000000
0.000000
0.000000
0.000000
0.003922
0.015686
0.023529
0.027451
0.027451
0.027451
0.027451
0.027451
0.027451
0.027451
0.027451
0.027451
0.027451
0.027451
0.027451
0.027451
0.023529
0.015686
0.003922
0.000000
0.000000
0.000000
0.000000
0.000000
0.000000
0.000000
0.000000
0.000000
0.000000
0.000000
0.000000
0.000000
0.000000
0.000000
0.000000
0.000000
0.000000
0.000000
0.000000
0.000000
0.000000
0.000000
0.000000
0.000000
0.000000
0.000000
0.000000
0.000000
0.000000
0.000000
0.000000
0.000000
