0.000000
0.000000
0.000000
0.000000
0.000000
0.000000
0.000000
0.000000
0.000000
0.000000
0.000000
0.000000
0.000000
0.000000
0.000000
0.000000
0.000000
0.000000
0.000000
0.000000
0.000000
0.000000
0.000000
0.000000
0.000000
0.000000
0.000000
0.000000
0.000000
0.000000
0.000000
0.000000
0.000000
0.015686
0.023529
0.027451
0.027451
0.027451
0.027451
0.027451
0.027451
0.027451
0.027451
0.027451
0.027451
0.027451
0.027451
0.027451
0.027451
0.023529
0.011765
0.000000
0.000000
0.000000
0.000000
0.000000
0.000000
0.000000
0.000000
0.000000
0.000000
0.000000
0.000000
0.000000
0.000000
0.000000
0.000000
0.000000
0.000000
0.000000
0.000000
0.000000
0.000000
0.000000
0.000000
0.000000
0.000000
0.000000
0.000000
0.000000
0.000000
0.000000
0.000000
0.000000
0.000000
0.000000
0.003922
0.000000
0.019608
0.164706
0.258824
0.317647
0.333333
0.325490
0.317647
0.313725
0.317647
0.325490
0.333333
0.337255
0.329412
0.325490
0.317647
0.313725
0.301961
0.247059
0.137255
0.015686
0.000000
0.003922
0.000000
0.000000
0.000000
0.000000
0.015686
0.000000
0.078431
0.607843
0.894118
1.000000
1.000000
1.000000
1.000000
1.000000
1.000000
1.000000
1.000000
1.000000
1.000000
1.000000
1.000000
1.000000
0.992157
0.870588
0.552941
0.066667
0.000000
0.015686
0.000000
0.000000
0.000000
0.000000
0.019608
0.000000
0.105882
0.756863
0.992157
0.996078
0.972549
0.945098
0.945098
0.980392
0.992157
0.992157
0.992157
0.992157
0.988235
0.984314
0.984314
0.976471
0.996078
0.996078
0.784314
0.109804
0.000000
0.023529
0.000000
0.000000
0.000000
0.000000
0.023529
0.000000
0.113725
0.796078
1.000000
1.000000
0.968627
0.964706
0.988235
0.988235
0.988235
0.988235
0.984314
0.980392
0.976471
0.984314
0.992157
0.992157
0.988235
1.000000
0.905882
0.137255
0.000000
0.023529
0.000000
0.000000
0.000000
0.000000
0.023529
0.000000
0.117647
0.827451
0.996078
0.984314
0.968627
0.980392
1.000000
0.992157
0.988235
0.992157
0.992157
0.988235
0.988235
0.992157
0.996078
0.992157
0.992157
1.000000
0.905882
0.133333
0.000000
0.023529
0.000000
0.000000
0.000000
0.000000
0.023529
0.000000
0.121569
0.847059
1.000000
0.980392
0.976471
0.988235
0.996078
0.992157
0.992157
0.996078
0.996078
1.000000
1.000000
0.996078
0.996078
0.992157
0.996078
0.988235
0.858824
0.125490
0.000000
0.023529
0.000000
0.000000
0.000000
0.000000
0.023529
0.000000
0.121569
0.839216
1.000000
0.992157
0.976471
0.988235
0.996078
0.992157
0.992157
0.996078
0.996078
0.996078
0.996078
0.996078
0.996078
0.996078
0.984314
0.972549
0.839216
0.125490
0.000000
0.023529
0.000000
0.000000
0.000000
0.000000
0.023529
0.000000
0.121569
0.843137
1.000000
0.996078
0.980392
0.988235
1.000000
0.996078
0.996078
0.996078
0.996078
0.996078
0.996078
0.996078
0.996078
0.996078
0.984314
0.980392
0.858824
0.125490
0.000000
0.023529
0.000000
0.000000
0.000000
0.000000
0.023529
0.000000
0.121569
0.847059
1.000000
1.000000
0.984314
0.984314
0.996078
0.996078
0.996078
0.996078
0.996078
0.996078
0.996078
0.996078
0.996078
0.992157
0.992157
1.000000
0.898039
0.133333
0.000000
0.023529
0.000000
0.000000
0.000000
0.000000
0.023529
0.000000
0.125490
0.850980
1.000000
1.000000
0.984314
0.984314
0.992157
0.996078
0.996078
0.996078
0.996078
0.996078
0.996078
0.996078
0.996078
0.992157
0.988235
1.000000
0.898039
0.133333
0.000000
0.023529
0.000000
0.000000
0.000000
0.000000
0.023529
0.000000
0.121569
0.847059
1.000000
0.996078
0.980392
0.980392
0.992157
0.996078
0.996078
0.996078
0.996078
0.996078
0.996078
0.996078
0.996078
0.996078
0.984314
0.988235
0.870588
0.129412
0.000000
0.023529
0.000000
0.000000
0.000000
0.000000
0.023529
0.000000
0.121569
0.839216
1.000000
0.992157
0.980392
0.980392
0.992157
0.996078
0.996078
0.996078
0.996078
0.996078
0.996078
0.996078
0.996078
0.996078
0.984314
0.980392
0.858824
0.129412
0.000000
0.023529
0.000000
0.000000
0.000000
0.000000
0.023529
0.000000
0.121569
0.819608
0.992157
0.992157
0.980392
0.984314
0.996078
0.996078
0.996078
0.996078
0.996078
0.996078
0.992157
0.992157
0.992157
0.992157
0.992157
0.992157
0.858824
0.125490
0.000000
0.023529
0.000000
0.000000
0.000000
0.000000
0.023529
0.000000
0.117647
0.815686
0.988235
0.988235
0.980392
0.988235
0.996078
0.996078
0.996078
0.996078
0.996078
0.996078
0.992157
0.992157
0.992157
0.992157
0.992157
1.000000
0.862745
0.125490
0.000000
0.023529
0.000000
0.000000
0.000000
0.000000
0.023529
0.000000
0.125490
0.858824
1.000000
0.960784
0.964706
0.984314
0.960784
0.996078
0.992157
0.980392
0.980392
0.992157
0.996078
0.996078
0.992157
0.968627
0.968627
1.000000
0.894118
0.133333
0.000000
0.023529
0.000000
0.000000
0.000000
0.000000
0.023529
0.000000
0.121569
0.823529
0.972549
0.968627
0.980392
0.996078
0.992157
0.996078
0.996078
0.992157
0.992157
0.996078
1.000000
1.000000
1.000000
0.984314
0.988235
1.000000
0.874510
0.129412
0.000000
0.023529
0.000000
0.000000
0.000000
0.000000
0.023529
0.000000
0.117647
0.811765
0.964706
0.964706
0.980392
0.984314
0.972549
0.992157
0.992157
0.996078
0.988235
0.980392
0.976471
0.976471
0.980392
0.992157
0.992157
0.988235
0.839216
0.121569
0.000000
0.023529
0.000000
0.000000
0.000000
0.000000
0.023529
0.000000
0.121569
0.839216
0.988235
0.972549
0.968627
0.964706
0.960784
0.988235
0.992157
0.992157
0.988235
0.976471
0.968627
0.968627
0.976471
0.992157
0.988235
0.976471
0.866667
0.129412
0.000000
0.023529
0.000000
0.000000
0.000000
0.000000
0.023529
0.000000
0.117647
0.827451
1.000000
1.000000
0.976471
0.972549
1.000000
0.996078
0.996078
0.996078
0.996078
0.992157
0.992157
0.992157
0.996078
0.988235
1.000000
1.000000
0.898039
0.133333
0.000000
0.023529
0.000000
0.000000
0.000000
0.000000
0.019608
0.000000
0.098039
0.717647
0.960784
1.000000
0.972549
0.968627
1.000000
0.976471
0.968627
0.964706
0.964706
0.976471
0.988235
0.984314
0.972549
0.941176
0.968627
1.000000
0.772549
0.105882
0.000000
0.019608
0.000000
0.000000
0.000000
0.000000
0.011765
0.000000
0.050980
0.415686
0.662745
0.866667
0.929412
0.917647
0.945098
0.945098
0.937255
0.929412
0.933333
0.952941
0.972549
0.968627
0.937255
0.929412
0.858824
0.678431
0.435294
0.054902
0.000000
0.011765
0.000000
0.000000
0.000000
0.000000
0.000000
0.000000
0.007843
0.082353
0.156863
0.243137
0.278431
0.274510
0.282353
0.286274
0.282353
0.282353
0.282353
0.290196
0.294118
0.294118
0.282353
0.286274
0.247059
0.156863
0.086275
0.011765
0.000000
0.000000
0.000000
0.000000
0.000000
0.000000
0.000000
0.000000
0.000000
0.000000
0.000000
0.000000
0.000000
0.000000
0.000000
0.000000
0.000000
0.000000
0.000000
0.000000
0.000000
0.000000
0.000000
0.000000
0.000000
0.000000
0.000000
0.000000
0.000000
0.000000
0.000000
0.000000
0.000000
0.000000
0.000000
0.000000
0.000000
0.007843
0.015686
0.023529
0.023529
0.023529
0.023529
0.023529
0.023529
0.023529
0.023529
0.023529
0.023529
0.023529
0.023529
0.023529
0.023529
0.015686
0.011765
0.000000
0.000000
0.000000
0.000000
0.000000
0.000000
0.000000
0.000000
0.000000
0.000000
0.000000
0.000000
0.000000
0.000000
0.000000
0.000000
0.000000
0.000000
0.000000
0.000000
0.000000
0.000000
0.000000
0.000000
0.000000
0.000000
0.000000
0.000000
0.000000
0.000000
0.000000
0.000000
0.000000
