0.000000
0.000000
0.000000
0.000000
0.000000
0.000000
0.000000
0.000000
0.003922
0.007843
0.015686
0.011765
0.011765
0.015686
0.015686
0.015686
0.015686
0.015686
0.011765
0.007843
0.000000
0.000000
0.000000
0.000000
0.000000
0.000000
0.000000
0.000000
0.000000
0.000000
0.000000
0.000000
0.000000
0.000000
0.000000
0.000000
0.000000
0.000000
0.000000
0.000000
0.000000
0.000000
0.000000
0.000000
0.000000
0.000000
0.000000
0.000000
0.000000
0.000000
0.000000
0.000000
0.000000
0.000000
0.000000
0.000000
0.000000
0.000000
0.000000
0.000000
0.000000
0.000000
0.000000
0.000000
0.050980
0.196078
0.298039
0.266667
0.278431
0.298039
0.309804
0.301961
0.313725
0.345098
0.290196
0.137255
0.000000
0.000000
0.000000
0.000000
0.000000
0.000000
0.000000
0.000000
0.000000
0.000000
0.000000
0.000000
0.000000
0.000000
0.000000
0.000000
0.384314
0.815686
0.960784
0.925490
0.937255
0.956863
0.960784
0.956863
0.945098
0.960784
0.956863
0.678431
0.007843
0.000000
0.000000
0.000000
0.000000
0.000000
0.000000
0.000000
0.000000
0.000000
0.000000
0.000000
0.000000
0.000000
0.000000
0.000000
0.627451
1.000000
0.988235
0.980392
0.984314
0.996078
0.992157
0.992157
1.000000
0.976471
1.000000
0.898039
0.019608
0.000000
0.000000
0.000000
0.000000
0.000000
0.000000
0.000000
0.000000
0.000000
0.000000
0.000000
0.000000
0.000000
0.000000
0.000000
0.666667
0.992157
0.972549
0.964706
0.968627
0.980392
0.980392
0.972549
0.976471
0.960784
0.976471
0.925490
0.023529
0.000000
0.000000
0.000000
0.000000
0.000000
0.000000
0.000000
0.000000
0.000000
0.000000
0.000000
0.000000
0.000000
0.000000
0.000000
0.670588
0.992157
0.988235
0.980392
0.984314
0.996078
0.996078
0.992157
0.976471
0.980392
0.984314
0.894118
0.023529
0.000000
0.000000
0.000000
0.000000
0.000000
0.000000
0.000000
0.000000
0.000000
0.000000
0.000000
0.000000
0.000000
0.000000
0.000000
0.650980
1.000000
0.980392
0.976471
0.976471
0.988235
0.992157
0.988235
0.988235
0.964706
0.988235
0.921569
0.023529
0.000000
0.000000
0.000000
0.000000
0.000000
0.000000
0.000000
0.000000
0.000000
0.000000
0.000000
0.000000
0.000000
0.000000
0.000000
0.615686
0.976471
0.980392
0.968627
0.972549
0.984314
0.988235
0.984314
0.988235
0.949020
0.988235
0.890196
0.019608
0.000000
0.000000
0.000000
0.000000
0.000000
0.000000
0.000000
0.000000
0.000000
0.000000
0.000000
0.000000
0.000000
0.000000
0.000000
0.639216
0.988235
0.980392
0.976471
0.976471
0.984314
0.992157
0.992157
0.976471
0.968627
1.000000
0.870588
0.015686
0.000000
0.000000
0.000000
0.000000
0.000000
0.000000
0.000000
0.000000
0.000000
0.000000
0.000000
0.000000
0.000000
0.000000
0.003922
0.627451
0.968627
0.988235
0.984314
0.984314
0.984314
0.992157
0.996078
0.980392
0.968627
0.984314
0.862745
0.019608
0.000000
0.000000
0.000000
0.000000
0.000000
0.000000
0.000000
0.000000
0.000000
0.000000
0.000000
0.000000
0.000000
0.000000
0.003922
0.658823
0.972549
0.988235
0.984314
0.984314
0.984314
0.992157
0.996078
0.988235
0.976471
0.996078
0.870588
0.019608
0.000000
0.000000
0.000000
0.000000
0.000000
0.000000
0.000000
0.000000
0.000000
0.000000
0.000000
0.000000
0.000000
0.000000
0.003922
0.631373
0.949020
0.984314
0.976471
0.980392
0.980392
0.988235
0.988235
0.972549
0.960784
0.992157
0.890196
0.019608
0.000000
0.000000
0.000000
0.000000
0.000000
0.000000
0.000000
0.000000
0.000000
0.000000
0.000000
0.000000
0.000000
0.000000
0.003922
0.658823
0.976471
0.988235
0.984314
0.984314
0.988235
0.992157
0.992157
0.992157
0.949020
0.964706
0.866667
0.019608
0.000000
0.000000
0.000000
0.000000
0.000000
0.000000
0.000000
0.000000
0.000000
0.000000
0.000000
0.000000
0.000000
0.000000
0.003922
0.690196
1.000000
0.984314
0.984314
0.984314
0.988235
0.992157
0.996078
0.976471
0.972549
1.000000
0.874510
0.015686
0.000000
0.000000
0.000000
0.000000
0.000000
0.000000
0.000000
0.000000
0.000000
0.000000
0.000000
0.000000
0.000000
0.000000
0.003922
0.482353
0.854902
0.992157
0.972549
0.976471
0.976471
0.984314
0.992157
0.992157
1.000000
0.968627
0.733333
0.011765
0.000000
0.000000
0.000000
0.000000
0.000000
0.000000
0.000000
0.000000
0.000000
0.000000
0.000000
0.000000
0.000000
0.000000
0.000000
0.113725
0.329412
0.470588
0.482353
0.482353
0.462745
0.482353
0.513726
0.494118
0.545098
0.470588
0.235294
0.000000
0.000000
0.000000
0.000000
0.000000
0.000000
0.000000
0.000000
0.000000
0.000000
0.000000
0.000000
0.000000
0.000000
0.000000
0.000000
0.019608
0.023529
0.019608
0.050980
0.043137
0.015686
0.023529
0.047059
0.035294
0.031373
0.035294
0.047059
0.000000
0.000000
0.000000
0.000000
0.000000
0.000000
0.000000
0.000000
0.000000
0.000000
0.000000
0.000000
0.000000
0.000000
0.000000
0.000000
0.050980
0.058824
0.066667
0.086275
0.082353
0.058824
0.054902
0.070588
0.090196
0.070588
0.043137
0.035294
0.000000
0.000000
0.000000
0.000000
0.000000
0.000000
0.000000
0.000000
0.000000
0.000000
0.000000
0.000000
0.000000
0.000000
0.000000
0.000000
0.066667
0.082353
0.062745
0.070588
0.074510
0.074510
0.074510
0.078431
0.047059
0.066667
0.074510
0.058824
0.000000
0.000000
0.000000
0.000000
0.000000
0.000000
0.000000
0.000000
0.000000
0.000000
0.000000
0.000000
0.000000
0.000000
0.000000
0.000000
0.035294
0.039216
0.050980
0.039216
0.043137
0.062745
0.070588
0.070588
0.050980
0.031373
0.031373
0.050980
0.000000
0.000000
0.000000
0.000000
0.000000
0.000000
0.000000
0.000000
0.000000
0.000000
0.000000
0.000000
0.000000
0.000000
0.000000
0.000000
0.043137
0.078431
0.070588
0.039216
0.039216
0.066667
0.082353
0.074510
0.054902
0.054902
0.050980
0.047059
0.003922
0.000000
0.000000
0.000000
0.000000
0.000000
0.000000
0.000000
0.000000
0.000000
0.000000
0.000000
0.000000
0.000000
0.000000
0.000000
0.039216
0.082353
0.047059
0.047059
0.058824
0.066667
0.058824
0.074510
0.043137
0.047059
0.062745
0.035294
0.000000
0.000000
0.000000
0.000000
0.000000
0.000000
0.000000
0.000000
0.000000
0.000000
0.000000
0.000000
0.000000
0.000000
0.000000
0.000000
0.047059
0.074510
0.054902
0.074510
0.031373
0.054902
0.133333
0.125490
0.070588
0.031373
0.054902
0.039216
0.000000
0.000000
0.000000
0.000000
0.000000
0.000000
0.000000
0.000000
0.000000
0.000000
0.000000
0.000000
0.000000
0.000000
0.000000
0.000000
0.019608
0.023529
0.047059
0.070588
0.015686
0.168627
0.572549
0.545098
0.137255
0.043137
0.062745
0.062745
0.000000
0.000000
0.000000
0.000000
0.000000
0.000000
0.000000
0.000000
0.000000
0.000000
0.000000
0.000000
0.000000
0.000000
0.000000
0.000000
0.031373
0.023529
0.027451
0.031373
0.019608
0.129412
0.419608
0.415686
0.082353
0.019608
0.035294
0.043137
0.000000
0.000000
0.000000
0.000000
0.000000
0.000000
0.000000
0.000000
0.000000
0.000000
0.000000
0.000000
0.000000
0.000000
0.000000
0.000000
0.000000
0.000000
0.000000
0.000000
0.000000
0.000000
0.000000
0.000000
0.000000
0.000000
0.000000
0.000000
0.000000
0.000000
0.000000
0.000000
0.000000
0.000000
0.000000
0.000000
0.000000
0.000000
0.000000
0.000000
0.000000
0.000000
0.000000
0.000000
0.000000
0.000000
0.000000
0.000000
0.000000
0.003922
0.015686
0.015686
0.003922
0.000000
0.000000
0.000000
0.000000
0.000000
0.000000
0.000000
0.000000
0.000000
0.000000
0.000000
