0.000000
0.000000
0.000000
0.000000
0.000000
0.000000
0.000000
0.000000
0.000000
0.000000
0.000000
0.000000
0.000000
0.000000
0.000000
0.000000
0.000000
0.000000
0.000000
0.000000
0.000000
0.000000
0.000000
0.000000
0.000000
0.000000
0.000000
0.000000
0.000000
0.000000
0.000000
0.000000
0.000000
0.003922
0.011765
0.015686
0.015686
0.015686
0.015686
0.015686
0.015686
0.015686
0.015686
0.015686
0.019608
0.019608
0.019608
0.019608
0.015686
0.011765
0.003922
0.000000
0.000000
0.000000
0.000000
0.000000
0.000000
0.000000
0.000000
0.000000
0.000000
0.000000
0.000000
0.000000
0.000000
0.000000
0.000000
0.000000
0.000000
0.000000
0.000000
0.000000
0.000000
0.000000
0.000000
0.000000
0.000000
0.000000
0.000000
0.000000
0.000000
0.000000
0.000000
0.000000
0.000000
0.000000
0.000000
0.000000
0.000000
0.027451
0.078431
0.129412
0.149020
0.149020
0.149020
0.160784
0.172549
0.180392
0.180392
0.184314
0.188235
0.203922
0.207843
0.192157
0.156863
0.094118
0.000000
0.000000
0.000000
0.000000
0.000000
0.000000
0.000000
0.000000
0.007843
0.000000
0.023529
0.235294
0.439216
0.592157
0.635294
0.627451
0.635294
0.658823
0.690196
0.713725
0.713725
0.713725
0.725490
0.756863
0.776471
0.713725
0.643137
0.529412
0.247059
0.023529
0.000000
0.007843
0.000000
0.000000
0.000000
0.000000
0.015686
0.000000
0.062745
0.513726
0.788235
0.921569
0.925490
0.909804
0.933333
0.921569
0.925490
0.956863
0.952941
0.933333
0.941176
0.933333
0.968627
0.894118
0.886275
0.956863
0.741176
0.101961
0.000000
0.019608
0.000000
0.000000
0.000000
0.000000
0.015686
0.000000
0.078431
0.588235
0.862745
0.976471
0.964706
0.941176
0.968627
0.968627
0.956863
0.976471
0.972549
0.956863
0.968627
0.964706
1.000000
0.929412
0.905882
1.000000
0.890196
0.133333
0.000000
0.023529
0.000000
0.000000
0.000000
0.000000
0.015686
0.000000
0.074510
0.576471
0.843137
0.941176
0.913725
0.890196
0.929412
0.945098
0.921569
0.937255
0.941176
0.925490
0.933333
0.933333
0.972549
0.898039
0.858824
0.980392
0.921569
0.141176
0.000000
0.023529
0.000000
0.000000
0.000000
0.000000
0.015686
0.000000
0.074510
0.584314
0.850980
0.952941
0.917647
0.894118
0.941176
0.960784
0.952941
0.964706
0.964706
0.949020
0.956863
0.945098
0.980392
0.901961
0.862745
0.972549
0.878431
0.133333
0.000000
0.023529
0.000000
0.000000
0.000000
0.000000
0.015686
0.000000
0.078431
0.607843
0.886275
0.988235
0.964706
0.945098
0.984314
0.996078
1.000000
1.000000
1.000000
0.992157
0.996078
0.980392
1.000000
0.925490
0.890196
0.984314
0.843137
0.125490
0.000000
0.023529
0.000000
0.000000
0.000000
0.000000
0.015686
0.000000
0.078431
0.600000
0.886275
0.992157
0.980392
0.964706
0.992157
0.988235
0.984314
0.992157
0.992157
0.988235
0.992157
0.980392
0.996078
0.917647
0.878431
0.980392
0.870588
0.129412
0.000000
0.023529
0.000000
0.000000
0.000000
0.000000
0.015686
0.000000
0.074510
0.572549
0.854902
0.980392
0.968627
0.941176
0.960784
0.952941
0.945098
0.972549
0.972549
0.956863
0.964706
0.956863
0.984314
0.905882
0.862745
0.972549
0.894118
0.133333
0.000000
0.023529
0.000000
0.000000
0.000000
0.000000
0.015686
0.000000
0.078431
0.588235
0.870588
0.988235
0.976471
0.960784
0.976471
0.972549
0.968627
0.988235
0.988235
0.980392
0.988235
0.988235
0.996078
0.925490
0.898039
0.996078
0.882353
0.129412
0.000000
0.023529
0.000000
0.000000
0.000000
0.000000
0.015686
0.000000
0.078431
0.584314
0.870588
0.984314
0.976471
0.960784
0.992157
0.992157
0.980392
0.992157
0.992157
0.988235
1.000000
0.988235
1.000000
0.921569
0.886275
0.984314
0.866667
0.129412
0.000000
0.023529
0.000000
0.000000
0.000000
0.000000
0.015686
0.000000
0.074510
0.572549
0.850980
0.980392
0.972549
0.956863
0.992157
0.992157
0.980392
0.992157
0.996078
0.984314
0.972549
0.976471
1.000000
0.913725
0.866667
0.968627
0.882353
0.133333
0.000000
0.023529
0.000000
0.000000
0.000000
0.000000
0.015686
0.000000
0.074510
0.588235
0.858824
0.972549
0.956863
0.945098
0.980392
0.976471
0.976471
0.988235
0.996078
0.972549
0.937255
0.988235
1.000000
0.909804
0.870588
0.972549
0.878431
0.129412
0.000000
0.023529
0.000000
0.000000
0.000000
0.000000
0.015686
0.000000
0.082353
0.611765
0.886275
0.964706
0.925490
0.917647
0.964706
0.960784
0.956863
0.968627
0.980392
0.956863
0.941176
0.988235
0.992157
0.894118
0.874510
0.972549
0.854902
0.125490
0.000000
0.023529
0.000000
0.000000
0.000000
0.000000
0.015686
0.000000
0.078431
0.603922
0.890196
0.972549
0.945098
0.952941
0.996078
0.996078
0.988235
0.992157
0.996078
0.988235
0.980392
0.996078
0.996078
0.913725
0.901961
1.000000
0.921569
0.141176
0.000000
0.027451
0.000000
0.000000
0.000000
0.000000
0.015686
0.000000
0.078431
0.596078
0.882353
0.964706
0.937255
0.952941
0.988235
0.949020
0.976471
0.972549
0.968627
0.976471
0.968627
0.976471
0.952941
0.870588
0.870588
0.984314
0.925490
0.141176
0.000000
0.023529
0.000000
0.000000
0.000000
0.000000
0.015686
0.000000
0.078431
0.600000
0.894118
0.980392
0.952941
0.972549
1.000000
0.960784
0.996078
0.984314
0.976471
1.000000
0.992157
0.992157
0.960784
0.886275
0.901961
0.988235
0.835294
0.121569
0.000000
0.023529
0.000000
0.000000
0.000000
0.000000
0.015686
0.000000
0.082353
0.615686
0.894118
0.972549
0.921569
0.894118
0.925490
0.913725
0.945098
0.929412
0.925490
0.960784
0.949020
0.937255
0.925490
0.878431
0.878431
0.952941
0.850980
0.125490
0.000000
0.023529
0.000000
0.000000
0.000000
0.000000
0.015686
0.000000
0.082353
0.603922
0.854902
0.949020
0.898039
0.839216
0.858824
0.870588
0.898039
0.878431
0.878431
0.913725
0.898039
0.886275
0.898039
0.878431
0.854902
0.937255
0.952941
0.152941
0.000000
0.027451
0.000000
0.000000
0.000000
0.000000
0.011765
0.000000
0.062745
0.490196
0.745098
0.949020
1.000000
0.988235
1.000000
1.000000
1.000000
0.976471
0.980392
1.000000
0.988235
0.980392
0.992157
0.992157
0.988235
0.996078
0.854902
0.125490
0.000000
0.023529
0.000000
0.000000
0.000000
0.000000
0.003922
0.000000
0.027451
0.243137
0.435294
0.713725
0.827451
0.772549
0.729412
0.733333
0.764706
0.745098
0.752941
0.776471
0.733333
0.721569
0.772549
0.780392
0.756863
0.713725
0.529412
0.074510
0.000000
0.015686
0.000000
0.000000
0.000000
0.000000
0.000000
0.000000
0.003922
0.039216
0.090196
0.180392
0.223529
0.196078
0.172549
0.176471
0.192157
0.184314
0.188235
0.196078
0.180392
0.176471
0.196078
0.200000
0.188235
0.168627
0.113725
0.015686
0.000000
0.003922
0.000000
0.000000
0.000000
0.000000
0.000000
0.000000
0.000000
0.000000
0.000000
0.000000
0.000000
0.000000
0.000000
0.000000
0.000000
0.000000
0.000000
0.000000
0.000000
0.000000
0.000000
0.000000
0.000000
0.000000
0.000000
0.000000
0.000000
0.000000
0.000000
0.000000
0.000000
0.000000
0.000000
0.000000
0.000000
0.003922
0.011765
0.015686
0.019608
0.019608
0.015686
0.015686
0.019608
0.019608
0.019608
0.019608
0.019608
0.015686
0.019608
0.019608
0.019608
0.015686
0.011765
0.000000
0.000000
0.000000
0.000000
0.000000
0.000000
0.000000
0.000000
0.000000
0.000000
0.000000
0.000000
0.000000
0.000000
0.000000
0.000000
0.000000
0.000000
0.000000
0.000000
0.000000
0.000000
0.000000
0.000000
0.000000
0.000000
0.000000
0.000000
0.000000
0.000000
0.000000
0.000000
0.000000
