0.000000
0.000000
0.000000
0.000000
0.000000
0.000000
0.000000
0.000000
0.000000
0.000000
0.000000
0.000000
0.000000
0.000000
0.000000
0.000000
0.000000
0.000000
0.000000
0.000000
0.000000
0.000000
0.000000
0.000000
0.000000
0.000000
0.000000
0.000000
0.000000
0.000000
0.000000
0.000000
0.003922
0.015686
0.019608
0.023529
0.023529
0.023529
0.023529
0.023529
0.023529
0.027451
0.027451
0.023529
0.023529
0.023529
0.027451
0.023529
0.023529
0.015686
0.003922
0.000000
0.000000
0.000000
0.000000
0.000000
0.000000
0.000000
0.000000
0.000000
0.000000
0.000000
0.000000
0.000000
0.000000
0.000000
0.000000
0.000000
0.000000
0.000000
0.000000
0.000000
0.000000
0.000000
0.000000
0.000000
0.000000
0.000000
0.000000
0.000000
0.000000
0.000000
0.000000
0.000000
0.000000
0.000000
0.003922
0.000000
0.019608
0.145098
0.223529
0.262745
0.274510
0.270588
0.262745
0.258824
0.286274
0.309804
0.309804
0.282353
0.254902
0.270588
0.305882
0.298039
0.243137
0.156863
0.035294
0.000000
0.000000
0.000000
0.000000
0.000000
0.000000
0.000000
0.019608
0.000000
0.090196
0.643137
0.827451
0.901961
0.929412
0.925490
0.909804
0.901961
0.956863
1.000000
1.000000
0.949020
0.894118
0.917647
0.992157
0.968627
0.850980
0.639216
0.274510
0.019608
0.000000
0.007843
0.000000
0.000000
0.000000
0.000000
0.027451
0.000000
0.145098
0.956863
1.000000
0.952941
0.968627
1.000000
0.996078
0.984314
0.992157
0.988235
0.988235
0.992157
0.992157
0.968627
0.972549
0.968627
0.972549
0.890196
0.580392
0.070588
0.000000
0.015686
0.000000
0.000000
0.000000
0.000000
0.023529
0.000000
0.141176
0.917647
0.972549
0.882353
0.898039
0.941176
0.929412
0.917647
0.925490
0.917647
0.913725
0.929412
0.941176
0.933333
0.945098
0.964706
0.972549
0.917647
0.658823
0.090196
0.000000
0.019608
0.000000
0.000000
0.000000
0.000000
0.027451
0.000000
0.141176
0.921569
0.976471
0.878431
0.901961
0.952941
0.945098
0.941176
0.960784
0.949020
0.933333
0.949020
0.952941
0.945098
0.968627
0.988235
0.988235
0.945098
0.701961
0.098039
0.000000
0.019608
0.000000
0.000000
0.000000
0.000000
0.027451
0.000000
0.145098
0.937255
0.984314
0.898039
0.933333
0.996078
0.996078
0.996078
1.000000
1.000000
0.992157
0.996078
0.992157
0.972549
0.988235
1.000000
0.992157
0.949020
0.713725
0.098039
0.000000
0.019608
0.000000
0.000000
0.000000
0.000000
0.023529
0.000000
0.137255
0.898039
0.952941
0.878431
0.925490
1.000000
1.000000
1.000000
0.996078
0.992157
0.996078
1.000000
0.996078
0.972549
0.980392
0.984314
0.976471
0.917647
0.674510
0.090196
0.000000
0.019608
0.000000
0.000000
0.000000
0.000000
0.023529
0.000000
0.133333
0.890196
0.949020
0.874510
0.921569
0.996078
1.000000
1.000000
0.988235
0.972549
0.976471
0.992157
0.996078
0.984314
0.992157
0.988235
0.988235
0.913725
0.639216
0.086275
0.000000
0.019608
0.000000
0.000000
0.000000
0.000000
0.027451
0.000000
0.141176
0.925490
0.980392
0.901961
0.945098
1.000000
1.000000
0.996078
0.992157
0.984314
0.988235
1.000000
1.000000
1.000000
1.000000
0.996078
0.992157
0.913725
0.623529
0.082353
0.000000
0.015686
0.000000
0.000000
0.000000
0.000000
0.023529
0.000000
0.141176
0.917647
0.968627
0.890196
0.933333
0.996078
0.984314
0.976471
0.992157
0.984314
0.976471
0.992157
0.988235
0.972549
0.972549
0.968627
0.960784
0.886275
0.619608
0.082353
0.000000
0.015686
0.000000
0.000000
0.000000
0.000000
0.023529
0.000000
0.137255
0.894118
0.945098
0.878431
0.929412
0.996078
0.992157
0.992157
0.996078
0.988235
0.984314
0.996078
0.996078
0.980392
0.984314
0.980392
0.980392
0.913725
0.619608
0.078431
0.000000
0.015686
0.000000
0.000000
0.000000
0.000000
0.027451
0.000000
0.141176
0.909804
0.960784
0.890196
0.949020
1.000000
1.000000
0.996078
1.000000
1.000000
1.000000
1.000000
1.000000
0.980392
0.992157
1.000000
1.000000
0.937255
0.631373
0.078431
0.000000
0.015686
0.000000
0.000000
0.000000
0.000000
0.027451
0.000000
0.145098
0.933333
0.980392
0.886275
0.933333
0.992157
0.992157
0.988235
0.996078
0.996078
0.996078
1.000000
0.992157
0.960784
0.980392
1.000000
0.996078
0.925490
0.662745
0.090196
0.000000
0.019608
0.000000
0.000000
0.000000
0.000000
0.023529
0.000000
0.141176
0.913725
0.964706
0.870588
0.894118
0.960784
0.988235
1.000000
0.992157
0.980392
0.984314
1.000000
0.992157
0.976471
0.992157
1.000000
0.988235
0.921569
0.686275
0.094118
0.000000
0.019608
0.000000
0.000000
0.000000
0.000000
0.023529
0.000000
0.133333
0.901961
0.988235
0.925490
0.937255
0.988235
0.996078
1.000000
1.000000
0.988235
0.988235
1.000000
1.000000
1.000000
1.000000
0.996078
0.996078
0.925490
0.654902
0.086275
0.000000
0.019608
0.000000
0.000000
0.000000
0.000000
0.023529
0.000000
0.129412
0.874510
0.968627
0.925490
0.960784
1.000000
0.992157
0.980392
0.996078
0.984314
0.972549
0.988235
1.000000
0.988235
0.980392
0.976471
0.992157
0.925490
0.619608
0.082353
0.000000
0.015686
0.000000
0.000000
0.000000
0.000000
0.023529
0.000000
0.133333
0.886275
0.937255
0.870588
0.925490
0.992157
0.992157
0.972549
0.996078
0.984314
0.968627
0.988235
0.992157
0.968627
0.960784
0.972549
0.996078
0.960784
0.670588
0.090196
0.000000
0.015686
0.000000
0.000000
0.000000
0.000000
0.023529
0.000000
0.141176
0.913725
0.945098
0.835294
0.870588
0.952941
0.964706
0.960784
0.964706
0.952941
0.952941
0.968627
0.960784
0.933333
0.941176
0.968627
0.992157
0.976471
0.760784
0.105882
0.000000
0.019608
0.000000
0.000000
0.000000
0.000000
0.027451
0.000000
0.141176
0.933333
1.000000
0.901961
0.905882
0.952941
0.956863
0.964706
0.945098
0.941176
0.956863
0.968627
0.956863
0.937255
0.956863
0.984314
0.992157
0.933333
0.709804
0.098039
0.000000
0.019608
0.000000
0.000000
0.000000
0.000000
0.023529
0.000000
0.133333
0.905882
1.000000
0.992157
0.996078
0.992157
0.976471
0.984314
0.956863
0.964706
0.992157
1.000000
0.984314
0.976471
0.992157
0.992157
0.968627
0.819608
0.462745
0.050980
0.000000
0.011765
0.000000
0.000000
0.000000
0.000000
0.015686
0.000000
0.082353
0.588235
0.733333
0.784314
0.811765
0.796078
0.760784
0.772549
0.745098
0.756863
0.796078
0.796078
0.776471
0.768627
0.800000
0.768627
0.658823
0.462745
0.176471
0.011765
0.000000
0.003922
0.000000
0.000000
0.000000
0.000000
0.003922
0.000000
0.015686
0.129412
0.180392
0.200000
0.215686
0.207843
0.196078
0.203922
0.192157
0.196078
0.207843
0.207843
0.203922
0.200000
0.211765
0.200000
0.152941
0.090196
0.019608
0.000000
0.000000
0.000000
0.000000
0.000000
0.000000
0.000000
0.000000
0.000000
0.000000
0.000000
0.000000
0.000000
0.000000
0.000000
0.000000
0.000000
0.000000
0.000000
0.000000
0.000000
0.000000
0.000000
0.000000
0.000000
0.000000
0.000000
0.000000
0.000000
0.000000
0.000000
0.000000
0.000000
0.000000
0.000000
0.000000
0.000000
0.000000
0.015686
0.019608
0.019608
0.019608
0.019608
0.019608
0.019608
0.019608
0.019608
0.019608
0.019608
0.019608
0.019608
0.019608
0.019608
0.015686
0.011765
0.003922
0.000000
0.000000
0.000000
0.000000
0.000000
0.000000
0.000000
0.000000
0.000000
0.000000
0.000000
0.000000
0.000000
0.000000
0.000000
0.000000
0.000000
0.000000
0.000000
0.000000
0.000000
0.000000
0.000000
0.000000
0.000000
0.000000
0.000000
0.000000
0.000000
0.000000
0.000000
0.000000
0.000000
