0.000000
0.000000
0.000000
0.000000
0.000000
0.000000
0.000000
0.000000
0.000000
0.000000
0.000000
0.000000
0.000000
0.000000
0.000000
0.000000
0.000000
0.000000
0.000000
0.000000
0.000000
0.000000
0.000000
0.000000
0.000000
0.000000
0.000000
0.000000
0.000000
0.000000
0.000000
0.000000
0.000000
0.003922
0.007843
0.015686
0.019608
0.011765
0.003922
0.000000
0.007843
0.011765
0.015686
0.015686
0.003922
0.000000
0.003922
0.007843
0.015686
0.011765
0.003922
0.000000
0.000000
0.000000
0.000000
0.000000
0.000000
0.000000
0.000000
0.000000
0.000000
0.000000
0.000000
0.000000
0.000000
0.000000
0.000000
0.007843
0.000000
0.000000
0.000000
0.000000
0.000000
0.007843
0.000000
0.000000
0.000000
0.000000
0.000000
0.000000
0.000000
0.000000
0.000000
0.000000
0.000000
0.000000
0.003922
0.000000
0.035294
0.113725
0.231373
0.427451
0.505882
0.321569
0.043137
0.000000
0.172549
0.294118
0.403922
0.360784
0.094118
0.003922
0.047059
0.188235
0.392157
0.301961
0.062745
0.000000
0.007843
0.000000
0.000000
0.000000
0.000000
0.000000
0.007843
0.000000
0.101961
0.360784
0.611765
0.870588
0.960784
0.650980
0.247059
0.266667
0.478431
0.760784
0.992157
0.768627
0.278431
0.215686
0.341176
0.556863
0.917647
0.854902
0.231373
0.000000
0.019608
0.000000
0.000000
0.000000
0.000000
0.000000
0.015686
0.000000
0.231373
0.658823
0.713725
0.639216
0.674510
0.654902
0.615686
0.749020
0.627451
0.607843
0.752941
0.662745
0.545098
0.709804
0.709804
0.584314
0.729412
0.835294
0.274510
0.000000
0.019608
0.000000
0.000000
0.000000
0.000000
0.000000
0.027451
0.000000
0.403922
0.960784
0.717647
0.333333
0.407843
0.647059
0.831373
1.000000
0.721569
0.321569
0.298039
0.490196
0.768627
1.000000
0.839216
0.427451
0.317647
0.533333
0.219608
0.000000
0.015686
0.000000
0.000000
0.000000
0.000000
0.000000
0.023529
0.000000
0.396078
0.933333
0.756863
0.454902
0.541176
0.666667
0.737255
0.949020
0.784314
0.541176
0.486274
0.549020
0.694118
0.803922
0.717647
0.537255
0.466667
0.631373
0.243137
0.000000
0.015686
0.000000
0.000000
0.000000
0.000000
0.000000
0.011765
0.000000
0.145098
0.439216
0.611765
0.741176
0.733333
0.650980
0.627451
0.686275
0.654902
0.643137
0.686275
0.623529
0.490196
0.478431
0.549020
0.709804
0.858824
0.768627
0.219608
0.000000
0.019608
0.000000
0.000000
0.000000
0.000000
0.000000
0.003922
0.000000
0.031373
0.262745
0.701961
0.984314
0.835294
0.615686
0.549020
0.564706
0.713725
0.788235
0.788235
0.709804
0.529412
0.474510
0.552941
0.756863
0.905882
0.796078
0.227451
0.000000
0.019608
0.000000
0.000000
0.000000
0.000000
0.000000
0.011765
0.000000
0.156863
0.474510
0.694118
0.815686
0.737255
0.690196
0.682353
0.643137
0.654902
0.717647
0.745098
0.678431
0.576471
0.568627
0.568627
0.647059
0.756863
0.729412
0.219608
0.000000
0.019608
0.000000
0.000000
0.000000
0.000000
0.000000
0.023529
0.000000
0.345098
0.866667
0.756863
0.533333
0.572549
0.694118
0.717647
0.788235
0.690196
0.627451
0.639216
0.623529
0.698039
0.815686
0.674510
0.466667
0.494118
0.627451
0.219608
0.000000
0.015686
0.000000
0.000000
0.000000
0.000000
0.000000
0.023529
0.000000
0.376471
0.964706
0.819608
0.494118
0.533333
0.643137
0.639216
0.815686
0.756863
0.635294
0.607843
0.623529
0.752941
0.894118
0.701961
0.411765
0.411765
0.580392
0.211765
0.000000
0.015686
0.000000
0.000000
0.000000
0.000000
0.000000
0.015686
0.000000
0.239216
0.674510
0.764706
0.690196
0.639216
0.647059
0.650980
0.721569
0.725490
0.690196
0.686275
0.674510
0.666667
0.709804
0.635294
0.580392
0.650980
0.682353
0.219608
0.000000
0.019608
0.000000
0.000000
0.000000
0.000000
0.000000
0.007843
0.000000
0.094118
0.380392
0.721569
0.925490
0.784314
0.662745
0.662745
0.639216
0.698039
0.752941
0.784314
0.737255
0.607843
0.580392
0.627451
0.780392
0.905882
0.823529
0.243137
0.000000
0.019608
0.000000
0.000000
0.000000
0.000000
0.000000
0.007843
0.000000
0.101961
0.392157
0.737255
0.956863
0.827451
0.666667
0.662745
0.694118
0.729412
0.752941
0.772549
0.713725
0.623529
0.639216
0.647059
0.709804
0.803922
0.745098
0.219608
0.000000
0.019608
0.000000
0.000000
0.000000
0.000000
0.000000
0.019608
0.000000
0.286274
0.725490
0.768627
0.752941
0.737255
0.705882
0.717647
0.811765
0.713725
0.654902
0.654902
0.631373
0.690196
0.780392
0.666667
0.505882
0.482353
0.521569
0.176471
0.000000
0.015686
0.000000
0.000000
0.000000
0.000000
0.000000
0.027451
0.000000
0.435294
1.000000
0.831373
0.619608
0.639216
0.709804
0.713725
0.807843
0.694118
0.615686
0.592157
0.623529
0.796078
0.858824
0.721569
0.517647
0.380392
0.501961
0.196078
0.000000
0.015686
0.000000
0.000000
0.000000
0.000000
0.000000
0.015686
0.000000
0.262745
0.701961
0.768627
0.713725
0.643137
0.650980
0.705882
0.788235
0.745098
0.678431
0.666667
0.662745
0.654902
0.639216
0.611765
0.619608
0.623529
0.654902
0.219608
0.000000
0.015686
0.000000
0.000000
0.000000
0.000000
0.000000
0.011765
0.000000
0.160784
0.521569
0.776471
0.882353
0.772549
0.678431
0.670588
0.674510
0.662745
0.686275
0.741176
0.694118
0.549020
0.501961
0.592157
0.768627
0.870588
0.796078
0.235294
0.000000
0.019608
0.000000
0.000000
0.000000
0.000000
0.000000
0.011765
0.000000
0.129412
0.478431
0.803922
0.968627
0.886275
0.737255
0.635294
0.643137
0.694118
0.764706
0.827451
0.725490
0.513726
0.494118
0.607843
0.796078
0.952941
0.898039
0.266667
0.000000
0.023529
0.000000
0.000000
0.000000
0.000000
0.000000
0.015686
0.000000
0.235294
0.698039
0.874510
0.882353
0.843137
0.752941
0.690196
0.800000
0.788235
0.800000
0.862745
0.772549
0.647059
0.678431
0.654902
0.647059
0.784314
0.866667
0.282353
0.000000
0.019608
0.000000
0.000000
0.000000
0.000000
0.000000
0.023529
0.000000
0.380392
0.945098
0.831373
0.607843
0.650980
0.815686
0.901961
0.972549
0.772549
0.588235
0.658823
0.768627
0.874510
0.937255
0.792157
0.486274
0.447059
0.556863
0.200000
0.000000
0.015686
0.000000
0.000000
0.000000
0.000000
0.000000
0.023529
0.000000
0.356863
0.796078
0.529412
0.243137
0.392157
0.784314
1.000000
0.996078
0.627451
0.270588
0.305882
0.592157
0.894118
1.000000
0.788235
0.364706
0.164706
0.156863
0.058824
0.000000
0.003922
0.000000
0.000000
0.000000
0.000000
0.000000
0.007843
0.000000
0.133333
0.282353
0.145098
0.023529
0.121569
0.352941
0.505882
0.486274
0.266667
0.062745
0.054902
0.219608
0.403922
0.482353
0.352941
0.156863
0.031373
0.000000
0.000000
0.000000
0.000000
0.000000
0.000000
0.000000
0.000000
0.000000
0.000000
0.000000
0.000000
0.000000
0.000000
0.000000
0.000000
0.000000
0.000000
0.000000
0.000000
0.000000
0.000000
0.000000
0.000000
0.000000
0.000000
0.000000
0.000000
0.007843
0.003922
0.000000
0.000000
0.000000
0.000000
0.000000
0.000000
0.000000
0.000000
0.000000
0.003922
0.011765
0.007843
0.003922
0.003922
0.015686
0.019608
0.019608
0.011765
0.003922
0.003922
0.007843
0.015686
0.019608
0.015686
0.007843
0.000000
0.000000
0.000000
0.000000
0.000000
0.000000
0.000000
0.000000
0.000000
0.000000
0.000000
0.000000
0.000000
0.000000
0.000000
0.000000
0.000000
0.000000
0.000000
0.000000
0.000000
0.000000
0.000000
0.000000
0.000000
0.000000
0.000000
0.000000
0.000000
0.000000
0.000000
0.000000
0.000000
0.000000
0.000000
0.000000
