0.000000
0.000000
0.000000
0.000000
0.000000
0.000000
0.000000
0.000000
0.000000
0.000000
0.000000
0.000000
0.000000
0.000000
0.000000
0.000000
0.000000
0.000000
0.000000
0.000000
0.000000
0.000000
0.000000
0.000000
0.000000
0.000000
0.000000
0.000000
0.000000
0.000000
0.000000
0.000000
0.000000
0.011765
0.023529
0.027451
0.027451
0.027451
0.027451
0.027451
0.027451
0.027451
0.027451
0.027451
0.027451
0.027451
0.027451
0.027451
0.023529
0.023529
0.015686
0.000000
0.000000
0.000000
0.000000
0.000000
0.000000
0.000000
0.000000
0.000000
0.000000
0.000000
0.000000
0.000000
0.000000
0.000000
0.000000
0.000000
0.000000
0.000000
0.000000
0.000000
0.000000
0.000000
0.000000
0.000000
0.000000
0.000000
0.000000
0.000000
0.000000
0.000000
0.000000
0.000000
0.000000
0.000000
0.003922
0.000000
0.015686
0.137255
0.254902
0.313725
0.329412
0.329412
0.317647
0.317647
0.321569
0.325490
0.325490
0.329412
0.325490
0.317647
0.309804
0.309804
0.294118
0.239216
0.152941
0.019608
0.000000
0.003922
0.000000
0.000000
0.000000
0.000000
0.015686
0.000000
0.066667
0.552941
0.882353
1.000000
1.000000
1.000000
1.000000
1.000000
1.000000
1.000000
1.000000
1.000000
1.000000
1.000000
1.000000
1.000000
0.972549
0.854902
0.607843
0.078431
0.000000
0.019608
0.000000
0.000000
0.000000
0.000000
0.023529
0.000000
0.109804
0.788235
0.992157
0.996078
0.984314
0.988235
0.988235
0.992157
0.992157
0.992157
0.992157
0.992157
0.992157
0.984314
0.980392
0.984314
0.992157
1.000000
0.843137
0.121569
0.000000
0.023529
0.000000
0.000000
0.000000
0.000000
0.023529
0.000000
0.133333
0.894118
1.000000
0.980392
0.972549
0.992157
0.992157
0.996078
0.996078
0.996078
0.988235
0.984314
0.984314
0.984314
0.992157
0.968627
0.952941
1.000000
0.980392
0.152941
0.000000
0.027451
0.000000
0.000000
0.000000
0.000000
0.023529
0.000000
0.137255
0.909804
0.992157
0.972549
0.980392
0.984314
0.988235
0.992157
0.992157
0.996078
0.992157
0.992157
0.988235
0.984314
0.988235
0.972549
0.960784
0.996078
0.960784
0.149020
0.000000
0.027451
0.000000
0.000000
0.000000
0.000000
0.023529
0.000000
0.137255
0.901961
0.988235
0.976471
0.992157
0.988235
0.988235
0.992157
0.992157
0.992157
0.996078
0.996078
0.992157
0.988235
0.988235
0.984314
0.984314
1.000000
0.913725
0.137255
0.000000
0.023529
0.000000
0.000000
0.000000
0.000000
0.023529
0.000000
0.137255
0.901961
0.988235
0.976471
0.996078
0.996078
0.988235
0.992157
0.992157
0.992157
0.992157
0.992157
0.992157
0.988235
0.988235
0.988235
0.984314
0.996078
0.890196
0.133333
0.000000
0.023529
0.000000
0.000000
0.000000
0.000000
0.023529
0.000000
0.137255
0.901961
0.984314
0.976471
0.996078
0.996078
0.992157
0.992157
0.992157
0.992157
0.992157
0.992157
0.992157
0.992157
0.988235
0.992157
0.988235
0.988235
0.874510
0.129412
0.000000
0.023529
0.000000
0.000000
0.000000
0.000000
0.023529
0.000000
0.137255
0.913725
0.988235
0.972549
0.992157
0.996078
0.992157
0.988235
0.988235
0.988235
0.988235
0.988235
0.988235
0.988235
0.988235
0.992157
0.988235
0.996078
0.890196
0.133333
0.000000
0.023529
0.000000
0.000000
0.000000
0.000000
0.027451
0.000000
0.141176
0.925490
0.996078
0.972549
0.984314
0.992157
0.992157
0.988235
0.984314
0.984314
0.984314
0.984314
0.984314
0.988235
0.988235
0.988235
0.980392
1.000000
0.921569
0.141176
0.000000
0.027451
0.000000
0.000000
0.000000
0.000000
0.027451
0.000000
0.141176
0.925490
0.996078
0.972549
0.984314
0.984314
0.992157
0.988235
0.984314
0.980392
0.980392
0.980392
0.984314
0.988235
0.992157
0.980392
0.972549
1.000000
0.949020
0.145098
0.000000
0.027451
0.000000
0.000000
0.000000
0.000000
0.027451
0.000000
0.141176
0.917647
0.996078
0.972549
0.988235
0.988235
0.992157
0.988235
0.984314
0.980392
0.980392
0.980392
0.984314
0.988235
0.992157
0.972549
0.964706
1.000000
0.956863
0.145098
0.000000
0.027451
0.000000
0.000000
0.000000
0.000000
0.023529
0.000000
0.137255
0.901961
0.992157
0.976471
0.992157
0.996078
0.992157
0.988235
0.980392
0.976471
0.976471
0.976471
0.980392
0.988235
0.992157
0.980392
0.964706
1.000000
0.945098
0.145098
0.000000
0.027451
0.000000
0.000000
0.000000
0.000000
0.023529
0.000000
0.133333
0.882353
0.984314
0.980392
0.996078
0.996078
0.992157
0.988235
0.980392
0.976471
0.976471
0.976471
0.980392
0.988235
0.992157
0.984314
0.968627
1.000000
0.929412
0.141176
0.000000
0.027451
0.000000
0.000000
0.000000
0.000000
0.023529
0.000000
0.125490
0.850980
0.984314
0.988235
0.996078
0.984314
0.972549
0.992157
0.996078
0.984314
0.976471
0.980392
0.992157
0.988235
0.972549
0.952941
0.964706
1.000000
0.929412
0.141176
0.000000
0.027451
0.000000
0.000000
0.000000
0.000000
0.023529
0.000000
0.129412
0.874510
0.992157
0.972549
0.964706
0.964706
0.980392
1.000000
1.000000
0.996078
0.992157
0.996078
0.996078
0.996078
0.992157
0.980392
0.984314
1.000000
0.909804
0.137255
0.000000
0.023529
0.000000
0.000000
0.000000
0.000000
0.023529
0.000000
0.125490
0.854902
0.980392
0.956863
0.941176
0.945098
0.960784
0.976471
0.980392
0.980392
0.980392
0.988235
0.988235
0.984314
0.984314
0.960784
0.960784
0.992157
0.933333
0.141176
0.000000
0.023529
0.000000
0.000000
0.000000
0.000000
0.023529
0.000000
0.121569
0.843137
0.996078
0.976471
0.941176
0.933333
0.968627
0.976471
0.984314
0.980392
0.976471
0.984314
0.988235
0.984314
0.976471
0.945098
0.956863
1.000000
0.941176
0.141176
0.000000
0.027451
0.000000
0.000000
0.000000
0.000000
0.023529
0.000000
0.113725
0.788235
0.996078
1.000000
0.964706
0.952941
1.000000
1.000000
1.000000
0.996078
0.992157
0.992157
1.000000
1.000000
1.000000
1.000000
1.000000
0.976471
0.792157
0.113725
0.000000
0.023529
0.000000
0.000000
0.000000
0.000000
0.011765
0.000000
0.058824
0.501961
0.811765
0.929412
0.945098
0.937255
0.933333
0.921569
0.909804
0.901961
0.901961
0.909804
0.921569
0.941176
0.941176
1.000000
0.952941
0.729412
0.486274
0.062745
0.000000
0.011765
0.000000
0.000000
0.000000
0.000000
0.000000
0.000000
0.007843
0.125490
0.403922
0.572549
0.643137
0.686275
0.674510
0.654902
0.643137
0.639216
0.647059
0.662745
0.674510
0.701961
0.733333
0.725490
0.588235
0.372549
0.203922
0.023529
0.000000
0.003922
0.000000
0.000000
0.000000
0.000000
0.000000
0.000000
0.000000
0.000000
0.066667
0.121569
0.149020
0.168627
0.168627
0.160784
0.156863
0.156863
0.160784
0.164706
0.168627
0.180392
0.192157
0.176471
0.125490
0.066667
0.031373
0.003922
0.000000
0.000000
0.000000
0.000000
0.000000
0.000000
0.000000
0.000000
0.000000
0.003922
0.000000
0.000000
0.000000
0.000000
0.000000
0.000000
0.000000
0.000000
0.000000
0.000000
0.000000
0.000000
0.000000
0.000000
0.000000
0.000000
0.000000
0.000000
0.000000
0.000000
0.000000
0.000000
0.000000
0.000000
0.000000
0.000000
0.000000
0.000000
0.007843
0.011765
0.015686
0.015686
0.015686
0.015686
0.015686
0.015686
0.015686
0.015686
0.015686
0.015686
0.019608
0.015686
0.011765
0.007843
0.003922
0.000000
0.000000
0.000000
0.000000
0.000000
0.000000
0.000000
0.000000
0.000000
0.000000
0.000000
0.000000
0.000000
0.000000
0.000000
0.000000
0.000000
0.000000
0.000000
0.000000
0.000000
0.000000
0.000000
0.000000
0.000000
0.000000
0.000000
0.000000
0.000000
0.000000
0.000000
0.000000
0.000000
