0.000000
0.000000
0.000000
0.000000
0.000000
0.000000
0.000000
0.000000
0.000000
0.000000
0.000000
0.000000
0.000000
0.000000
0.000000
0.000000
0.000000
0.000000
0.000000
0.000000
0.000000
0.000000
0.000000
0.000000
0.000000
0.000000
0.000000
0.000000
0.000000
0.000000
0.000000
0.000000
0.000000
0.003922
0.011765
0.015686
0.015686
0.015686
0.015686
0.015686
0.019608
0.019608
0.019608
0.019608
0.019608
0.019608
0.019608
0.019608
0.015686
0.011765
0.003922
0.000000
0.000000
0.000000
0.000000
0.000000
0.000000
0.000000
0.000000
0.000000
0.000000
0.000000
0.000000
0.000000
0.000000
0.000000
0.000000
0.000000
0.000000
0.000000
0.000000
0.000000
0.000000
0.000000
0.000000
0.000000
0.000000
0.000000
0.000000
0.000000
0.000000
0.000000
0.000000
0.000000
0.000000
0.000000
0.000000
0.000000
0.000000
0.027451
0.082353
0.141176
0.164706
0.164706
0.160784
0.168627
0.180392
0.184314
0.180392
0.184314
0.192157
0.203922
0.211765
0.188235
0.164706
0.113725
0.011765
0.000000
0.000000
0.000000
0.000000
0.000000
0.000000
0.000000
0.007843
0.000000
0.023529
0.239216
0.470588
0.639216
0.701961
0.698039
0.690196
0.701961
0.733333
0.741176
0.737255
0.737255
0.752941
0.784314
0.792157
0.749020
0.705882
0.584314
0.262745
0.023529
0.000000
0.007843
0.000000
0.000000
0.000000
0.000000
0.015686
0.000000
0.066667
0.541176
0.858824
0.992157
1.000000
0.984314
1.000000
0.992157
0.996078
0.996078
0.996078
0.992157
0.992157
0.996078
0.996078
0.988235
1.000000
0.992157
0.752941
0.101961
0.000000
0.019608
0.000000
0.000000
0.000000
0.000000
0.015686
0.000000
0.074510
0.588235
0.898039
1.000000
0.984314
0.968627
0.992157
0.976471
0.992157
0.992157
0.984314
0.984314
0.984314
0.984314
0.984314
0.984314
0.972549
1.000000
0.952941
0.145098
0.000000
0.027451
0.000000
0.000000
0.000000
0.000000
0.015686
0.000000
0.078431
0.596078
0.894118
0.992157
0.949020
0.929412
0.976471
0.964706
0.976471
0.972549
0.964706
0.960784
0.960784
0.964706
0.964706
0.960784
0.937255
0.992157
1.000000
0.156863
0.000000
0.027451
0.000000
0.000000
0.000000
0.000000
0.015686
0.000000
0.078431
0.600000
0.901961
1.000000
0.960784
0.945098
1.000000
0.996078
0.996078
0.992157
0.984314
0.984314
0.984314
0.980392
0.980392
0.976471
0.952941
1.000000
0.988235
0.152941
0.000000
0.027451
0.000000
0.000000
0.000000
0.000000
0.015686
0.000000
0.074510
0.596078
0.901961
1.000000
0.968627
0.952941
0.996078
0.988235
0.992157
0.996078
0.988235
0.988235
0.988235
0.988235
0.988235
0.988235
0.968627
1.000000
0.976471
0.152941
0.000000
0.027451
0.000000
0.000000
0.000000
0.000000
0.015686
0.000000
0.074510
0.600000
0.901961
1.000000
0.968627
0.949020
0.976471
0.956863
0.976471
0.984314
0.976471
0.976471
0.976471
0.984314
0.988235
0.988235
0.968627
1.000000
0.984314
0.152941
0.000000
0.027451
0.000000
0.000000
0.000000
0.000000
0.015686
0.000000
0.074510
0.588235
0.890196
0.996078
0.976471
0.960784
0.980392
0.952941
0.976471
0.984314
0.976471
0.976471
0.980392
0.988235
0.992157
0.992157
0.972549
1.000000
1.000000
0.156863
0.000000
0.027451
0.000000
0.000000
0.000000
0.000000
0.015686
0.000000
0.074510
0.572549
0.882353
0.996078
0.980392
0.972549
0.992157
0.976471
0.988235
0.992157
0.988235
0.988235
0.992157
0.996078
0.996078
0.996078
0.976471
1.000000
0.996078
0.152941
0.000000
0.027451
0.000000
0.000000
0.000000
0.000000
0.015686
0.000000
0.074510
0.576471
0.886275
0.996078
0.972549
0.964706
1.000000
0.996078
0.996078
0.996078
0.992157
0.992157
0.992157
0.992157
0.992157
0.992157
0.972549
1.000000
0.992157
0.152941
0.000000
0.027451
0.000000
0.000000
0.000000
0.000000
0.015686
0.000000
0.074510
0.592157
0.882353
0.992157
0.984314
0.964706
0.972549
0.972549
0.996078
0.996078
0.984314
0.980392
0.984314
0.988235
0.988235
0.976471
0.956863
1.000000
1.000000
0.156863
0.000000
0.027451
0.000000
0.000000
0.000000
0.000000
0.015686
0.000000
0.078431
0.611765
0.874510
0.976471
0.996078
0.968627
0.941176
0.964706
0.992157
0.988235
0.972549
0.964706
0.984314
0.996078
0.988235
0.972549
0.949020
1.000000
0.992157
0.156863
0.000000
0.027451
0.000000
0.000000
0.000000
0.000000
0.015686
0.000000
0.082353
0.627451
0.890196
0.968627
0.964706
0.960784
0.980392
0.996078
0.992157
0.976471
0.964706
0.968627
0.988235
0.996078
0.988235
0.972549
0.956863
1.000000
0.980392
0.152941
0.000000
0.027451
0.000000
0.000000
0.000000
0.000000
0.015686
0.000000
0.078431
0.615686
0.894118
0.972549
0.956863
0.956863
0.980392
0.976471
0.980392
0.980392
0.976471
0.988235
0.996078
0.996078
0.992157
0.984314
0.964706
1.000000
1.000000
0.156863
0.000000
0.027451
0.000000
0.000000
0.000000
0.000000
0.015686
0.000000
0.074510
0.603922
0.913725
0.996078
0.984314
0.988235
0.988235
0.960784
0.984314
0.996078
0.992157
0.996078
1.000000
0.992157
0.984314
0.976471
0.960784
1.000000
0.984314
0.152941
0.000000
0.027451
0.000000
0.000000
0.000000
0.000000
0.015686
0.000000
0.074510
0.580392
0.890196
0.988235
0.968627
0.976471
1.000000
0.964706
0.984314
0.996078
0.996078
0.992157
0.984314
0.972549
0.964706
0.960784
0.952941
1.000000
0.956863
0.145098
0.000000
0.027451
0.000000
0.000000
0.000000
0.000000
0.015686
0.000000
0.074510
0.576471
0.870588
0.980392
0.937255
0.921569
0.980392
0.956863
0.976471
0.992157
0.992157
0.980392
0.968627
0.960784
0.964706
0.972549
0.956863
1.000000
0.980392
0.152941
0.000000
0.027451
0.000000
0.000000
0.000000
0.000000
0.015686
0.000000
0.074510
0.576471
0.878431
1.000000
0.960784
0.917647
0.956863
0.949020
0.968627
0.984314
0.984314
0.976471
0.972549
0.972549
0.980392
0.988235
0.968627
0.996078
1.000000
0.156863
0.000000
0.027451
0.000000
0.000000
0.000000
0.000000
0.011765
0.000000
0.054902
0.474510
0.780392
0.964706
0.996078
0.972549
0.980392
0.968627
0.960784
0.968627
0.976471
0.976471
0.972549
0.980392
0.992157
0.984314
0.960784
0.960784
0.850980
0.125490
0.000000
0.023529
0.000000
0.000000
0.000000
0.000000
0.003922
0.000000
0.019608
0.231373
0.529412
0.894118
1.000000
1.000000
1.000000
1.000000
1.000000
1.000000
1.000000
1.000000
1.000000
1.000000
1.000000
1.000000
1.000000
0.921569
0.494118
0.054902
0.000000
0.015686
0.000000
0.000000
0.000000
0.000000
0.000000
0.000000
0.000000
0.035294
0.125490
0.262745
0.325490
0.321569
0.333333
0.329412
0.321569
0.325490
0.333333
0.333333
0.329412
0.333333
0.337255
0.325490
0.325490
0.278431
0.101961
0.007843
0.000000
0.003922
0.000000
0.000000
0.000000
0.000000
0.000000
0.000000
0.000000
0.000000
0.000000
0.000000
0.000000
0.000000
0.000000
0.000000
0.000000
0.000000
0.000000
0.000000
0.000000
0.000000
0.000000
0.000000
0.000000
0.000000
0.000000
0.000000
0.000000
0.000000
0.000000
0.000000
0.000000
0.000000
0.000000
0.000000
0.000000
0.003922
0.011765
0.023529
0.027451
0.027451
0.027451
0.027451
0.027451
0.027451
0.027451
0.027451
0.027451
0.027451
0.027451
0.027451
0.027451
0.023529
0.011765
0.000000
0.000000
0.000000
0.000000
0.000000
0.000000
0.000000
0.000000
0.000000
0.000000
0.000000
0.000000
0.000000
0.000000
0.000000
0.000000
0.000000
0.000000
0.000000
0.000000
0.000000
0.000000
0.000000
0.000000
0.000000
0.000000
0.000000
0.000000
0.000000
0.000000
0.000000
0.000000
0.000000
