0.000000
0.000000
0.000000
0.000000
0.000000
0.000000
0.000000
0.000000
0.000000
0.000000
0.000000
0.000000
0.000000
0.000000
0.000000
0.000000
0.000000
0.000000
0.000000
0.000000
0.000000
0.000000
0.000000
0.000000
0.000000
0.000000
0.000000
0.000000
0.000000
0.000000
0.000000
0.000000
0.004115
0.004115
0.000000
0.004115
0.004115
0.004115
0.004115
0.008230
0.012346
0.012346
0.016461
0.016461
0.016461
0.016461
0.020576
0.020576
0.020576
0.020576
0.012346
0.000000
0.000000
0.000000
0.000000
0.000000
0.000000
0.000000
0.000000
0.000000
0.000000
0.000000
0.000000
0.000000
0.000000
0.000000
0.000000
0.000000
0.000000
0.000000
0.000000
0.000000
0.000000
0.000000
0.000000
0.000000
0.000000
0.000000
0.000000
0.000000
0.000000
0.000000
0.000000
0.000000
0.000000
0.000000
0.000000
0.000000
0.016461
0.008230
0.000000
0.008230
0.008230
0.008230
0.012346
0.020576
0.028807
0.037037
0.049383
0.057613
0.049383
0.053498
0.061728
0.065844
0.065844
0.069959
0.037037
0.000000
0.000000
0.000000
0.000000
0.000000
0.000000
0.004115
0.000000
0.016461
0.135802
0.086420
0.053498
0.111111
0.115226
0.123457
0.181070
0.271605
0.345679
0.411523
0.510288
0.576132
0.547325
0.559671
0.629630
0.695473
0.687243
0.707819
0.386831
0.000000
0.000000
0.012346
0.000000
0.000000
0.000000
0.004115
0.000000
0.008230
0.111111
0.156379
0.201646
0.251029
0.246914
0.251029
0.349794
0.489712
0.572016
0.604938
0.654321
0.736626
0.802469
0.823045
0.864198
0.925926
0.901235
0.921811
0.502058
0.000000
0.000000
0.012346
0.000000
0.000000
0.000000
0.004115
0.000000
0.000000
0.065844
0.185185
0.300411
0.349794
0.353909
0.374486
0.502058
0.670782
0.748971
0.744856
0.732510
0.786008
0.876543
0.876543
0.868313
0.897119
0.860082
0.876543
0.477366
0.000000
0.000000
0.012346
0.000000
0.000000
0.000000
0.004115
0.000000
0.012346
0.156379
0.288066
0.399177
0.485597
0.514403
0.534979
0.637860
0.790123
0.864198
0.864198
0.868313
0.901235
0.909465
0.880658
0.872428
0.888889
0.860082
0.888889
0.489712
0.000000
0.000000
0.012346
0.000000
0.000000
0.000000
0.012346
0.000000
0.028807
0.333333
0.526749
0.637860
0.732510
0.757202
0.728395
0.728395
0.777778
0.806584
0.810700
0.827160
0.860082
0.864198
0.831276
0.823045
0.855967
0.843621
0.888889
0.493827
0.000000
0.000000
0.012346
0.000000
0.000000
0.000000
0.016461
0.000000
0.049383
0.518519
0.670782
0.703704
0.827160
0.864198
0.818930
0.761317
0.757202
0.786008
0.827160
0.868313
0.897119
0.913580
0.880658
0.868313
0.897119
0.872428
0.913580
0.506173
0.000000
0.000000
0.012346
0.000000
0.000000
0.000000
0.016461
0.000000
0.061728
0.617284
0.748971
0.716049
0.818930
0.864198
0.835391
0.769547
0.748971
0.802469
0.864198
0.893004
0.888889
0.901235
0.864198
0.847737
0.872428
0.847737
0.884774
0.489712
0.000000
0.000000
0.012346
0.000000
0.000000
0.000000
0.020576
0.000000
0.061728
0.637860
0.790123
0.753086
0.847737
0.880658
0.843621
0.769547
0.748971
0.802469
0.864198
0.876543
0.843621
0.818930
0.786008
0.781893
0.806584
0.802469
0.839506
0.456790
0.000000
0.000000
0.012346
0.000000
0.000000
0.000000
0.020576
0.000000
0.065844
0.662551
0.773663
0.757202
0.909465
0.934156
0.855967
0.769547
0.765432
0.818930
0.880658
0.925926
0.921811
0.843621
0.827160
0.843621
0.864198
0.868313
0.876543
0.465021
0.000000
0.000000
0.012346
0.000000
0.000000
0.000000
0.020576
0.000000
0.069959
0.670782
0.810700
0.802469
0.930041
0.950617
0.893004
0.839506
0.839506
0.864198
0.888889
0.921811
0.930041
0.880658
0.868313
0.880658
0.893004
0.893004
0.880658
0.465021
0.000000
0.000000
0.012346
0.000000
0.000000
0.000000
0.020576
0.000000
0.069959
0.711934
0.901235
0.868313
0.917695
0.921811
0.913580
0.917695
0.921811
0.909465
0.888889
0.901235
0.917695
0.901235
0.888889
0.880658
0.888889
0.872428
0.851852
0.444444
0.000000
0.000000
0.012346
0.000000
0.000000
0.000000
0.024691
0.000000
0.074074
0.761317
0.983539
0.913580
0.901235
0.876543
0.880658
0.917695
0.942387
0.921811
0.893004
0.909465
0.934156
0.913580
0.893004
0.880658
0.868313
0.847737
0.818930
0.423868
0.000000
0.000000
0.012346
0.000000
0.000000
0.000000
0.024691
0.000000
0.074074
0.765432
1.000000
0.930041
0.884774
0.831276
0.823045
0.864198
0.909465
0.913580
0.901235
0.913580
0.942387
0.925926
0.901235
0.868313
0.851852
0.827160
0.810700
0.423868
0.000000
0.000000
0.012346
0.000000
0.000000
0.000000
0.020576
0.000000
0.069959
0.720165
0.950617
0.901235
0.884774
0.835391
0.806584
0.831276
0.884774
0.905350
0.905350
0.893004
0.913580
0.942387
0.917695
0.872428
0.855967
0.843621
0.851852
0.452675
0.000000
0.000000
0.012346
0.000000
0.000000
0.000000
0.020576
0.000000
0.065844
0.670782
0.872428
0.851852
0.897119
0.888889
0.855967
0.860082
0.901235
0.921811
0.905350
0.847737
0.847737
0.942387
0.934156
0.876543
0.872428
0.872428
0.897119
0.481481
0.000000
0.000000
0.012346
0.000000
0.000000
0.000000
0.020576
0.000000
0.065844
0.658436
0.831276
0.823045
0.917695
0.934156
0.913580
0.905350
0.934156
0.938272
0.901235
0.818930
0.806584
0.921811
0.925926
0.876543
0.880658
0.884774
0.913580
0.489712
0.000000
0.000000
0.012346
0.000000
0.000000
0.000000
0.020576
0.000000
0.065844
0.662551
0.839506
0.827160
0.917695
0.942387
0.913580
0.901235
0.921811
0.921811
0.893004
0.835391
0.823045
0.897119
0.897119
0.872428
0.888889
0.893004
0.905350
0.481481
0.000000
0.000000
0.012346
0.000000
0.000000
0.000000
0.020576
0.000000
0.065844
0.670782
0.880658
0.868313
0.909465
0.888889
0.847737
0.839506
0.872428
0.893004
0.888889
0.880658
0.880658
0.872428
0.864198
0.868313
0.884774
0.897119
0.897119
0.477366
0.000000
0.000000
0.012346
0.000000
0.000000
0.000000
0.020576
0.000000
0.057613
0.596708
0.855967
0.888889
0.909465
0.905350
0.876543
0.851852
0.851852
0.864198
0.888889
0.934156
0.962963
0.925926
0.921811
0.954733
0.979424
0.954733
0.901235
0.456790
0.000000
0.000000
0.012346
0.000000
0.000000
0.000000
0.012346
0.000000
0.032922
0.349794
0.563786
0.625514
0.658436
0.695473
0.695473
0.662551
0.617284
0.604938
0.633745
0.691358
0.728395
0.716049
0.724280
0.761317
0.786008
0.732510
0.641975
0.308642
0.000000
0.000000
0.008230
0.000000
0.000000
0.000000
0.000000
0.000000
0.004115
0.028807
0.053498
0.057613
0.061728
0.069959
0.069959
0.065844
0.057613
0.057613
0.061728
0.065844
0.069959
0.069959
0.069959
0.074074
0.078189
0.069959
0.061728
0.028807
0.000000
0.000000
0.000000
0.000000
0.000000
0.000000
0.000000
0.000000
0.000000
0.000000
0.000000
0.000000
0.000000
0.000000
0.000000
0.000000
0.000000
0.000000
0.000000
0.000000
0.000000
0.000000
0.000000
0.000000
0.000000
0.000000
0.000000
0.000000
0.000000
0.000000
0.000000
0.000000
0.000000
0.000000
0.000000
0.000000
0.000000
0.012346
0.016461
0.020576
0.020576
0.020576
0.020576
0.020576
0.020576
0.020576
0.020576
0.020576
0.024691
0.020576
0.020576
0.024691
0.024691
0.024691
0.020576
0.008230
0.000000
0.000000
0.000000
0.000000
0.000000
0.000000
0.000000
0.000000
0.000000
0.000000
0.000000
0.000000
0.000000
0.000000
0.000000
0.000000
0.000000
0.000000
0.000000
0.000000
0.000000
0.000000
0.000000
0.000000
0.000000
0.000000
0.000000
0.000000
0.000000
0.000000
0.000000
0.000000
0.000000
