0.000000
0.000000
0.000000
0.000000
0.000000
0.000000
0.000000
0.000000
0.000000
0.000000
0.000000
0.000000
0.000000
0.000000
0.000000
0.000000
0.000000
0.000000
0.000000
0.000000
0.000000
0.000000
0.000000
0.000000
0.000000
0.000000
0.000000
0.000000
0.000000
0.000000
0.000000
0.000000
0.000000
0.011765
0.015686
0.019608
0.019608
0.019608
0.019608
0.019608
0.019608
0.019608
0.019608
0.019608
0.019608
0.019608
0.019608
0.019608
0.015686
0.011765
0.003922
0.000000
0.000000
0.000000
0.000000
0.000000
0.000000
0.000000
0.000000
0.000000
0.000000
0.000000
0.000000
0.000000
0.000000
0.000000
0.000000
0.000000
0.000000
0.000000
0.000000
0.000000
0.000000
0.000000
0.000000
0.000000
0.000000
0.000000
0.000000
0.000000
0.000000
0.000000
0.000000
0.000000
0.000000
0.000000
0.003922
0.000000
0.011765
0.086275
0.152941
0.211765
0.219608
0.207843
0.211765
0.211765
0.211765
0.211765
0.211765
0.203922
0.200000
0.203922
0.215686
0.196078
0.145098
0.090196
0.039216
0.003922
0.000000
0.000000
0.000000
0.000000
0.000000
0.000000
0.015686
0.000000
0.058824
0.447059
0.647059
0.792157
0.815686
0.768627
0.772549
0.776471
0.780392
0.780392
0.780392
0.760784
0.745098
0.749020
0.780392
0.760784
0.631373
0.419608
0.227451
0.027451
0.000000
0.003922
0.000000
0.000000
0.000000
0.000000
0.023529
0.000000
0.117647
0.807843
0.933333
0.976471
0.980392
0.937255
0.933333
0.937255
0.949020
0.960784
0.964706
0.949020
0.929412
0.925490
0.925490
0.980392
0.937255
0.721569
0.462745
0.058824
0.000000
0.011765
0.000000
0.000000
0.000000
0.000000
0.027451
0.000000
0.156863
0.992157
0.968627
0.933333
0.956863
0.949020
0.964706
0.964706
0.976471
0.992157
1.000000
0.992157
0.976471
0.960784
0.952941
0.992157
1.000000
0.921569
0.670588
0.090196
0.000000
0.019608
0.000000
0.000000
0.000000
0.000000
0.027451
0.000000
0.164706
1.000000
0.964706
0.925490
0.984314
0.972549
0.945098
0.945098
0.949020
0.968627
0.988235
0.988235
0.972549
0.952941
0.949020
0.937255
0.952941
0.956863
0.745098
0.101961
0.000000
0.019608
0.000000
0.000000
0.000000
0.000000
0.027451
0.000000
0.156863
0.992157
0.968627
0.964706
0.976471
0.937255
0.960784
0.937255
0.929412
0.949020
0.980392
0.992157
0.980392
0.960784
0.952941
0.952941
0.952941
0.913725
0.721569
0.101961
0.000000
0.019608
0.000000
0.000000
0.000000
0.000000
0.027451
0.000000
0.156863
0.988235
0.976471
0.960784
0.929412
0.898039
0.972549
0.952941
0.945098
0.956863
0.980392
0.996078
0.992157
0.980392
0.964706
0.992157
0.996078
0.917647
0.694118
0.098039
0.000000
0.019608
0.000000
0.000000
0.000000
0.000000
0.027451
0.000000
0.152941
0.984314
0.988235
0.937255
0.952941
0.952941
0.956863
0.964706
0.976471
0.984314
0.984314
0.988235
0.992157
0.988235
0.984314
0.988235
1.000000
0.952941
0.694118
0.094118
0.000000
0.019608
0.000000
0.000000
0.000000
0.000000
0.027451
0.000000
0.156863
0.996078
1.000000
0.952941
0.972549
0.964706
0.956863
0.964706
0.968627
0.980392
0.988235
0.988235
0.988235
0.984314
0.984314
0.980392
0.980392
0.925490
0.678431
0.090196
0.000000
0.019608
0.000000
0.000000
0.000000
0.000000
0.027451
0.000000
0.156863
1.000000
1.000000
0.956863
0.980392
0.968627
0.956863
0.960784
0.968627
0.976471
0.984314
0.984314
0.984314
0.980392
0.976471
0.980392
0.972549
0.913725
0.682353
0.094118
0.000000
0.019608
0.000000
0.000000
0.000000
0.000000
0.027451
0.000000
0.156863
1.000000
1.000000
0.952941
0.964706
0.960784
0.956863
0.960784
0.964706
0.972549
0.980392
0.980392
0.980392
0.976471
0.972549
0.984314
0.984314
0.925490
0.701961
0.098039
0.000000
0.019608
0.000000
0.000000
0.000000
0.000000
0.027451
0.000000
0.156863
1.000000
1.000000
0.941176
0.949020
0.949020
0.960784
0.960784
0.964706
0.972549
0.972549
0.976471
0.980392
0.976471
0.972549
0.988235
0.996078
0.937255
0.721569
0.098039
0.000000
0.019608
0.000000
0.000000
0.000000
0.000000
0.027451
0.000000
0.156863
1.000000
0.996078
0.937255
0.952941
0.949020
0.964706
0.964706
0.968627
0.972549
0.972549
0.976471
0.976471
0.976471
0.972549
0.988235
0.984314
0.925490
0.713725
0.098039
0.000000
0.019608
0.000000
0.000000
0.000000
0.000000
0.027451
0.000000
0.156863
1.000000
1.000000
0.949020
0.964706
0.960784
0.968627
0.968627
0.972549
0.972549
0.972549
0.976471
0.976471
0.980392
0.980392
0.980392
0.968627
0.905882
0.682353
0.094118
0.000000
0.019608
0.000000
0.000000
0.000000
0.000000
0.027451
0.000000
0.156863
1.000000
1.000000
0.952941
0.972549
0.972549
0.976471
0.976471
0.976471
0.976471
0.976471
0.976471
0.980392
0.980392
0.980392
0.984314
0.972549
0.901961
0.658823
0.090196
0.000000
0.019608
0.000000
0.000000
0.000000
0.000000
0.027451
0.000000
0.156863
1.000000
1.000000
0.949020
0.972549
0.976471
0.984314
0.980392
0.972549
0.976471
0.976471
0.984314
0.984314
0.984314
0.988235
0.992157
0.988235
0.917647
0.658823
0.086275
0.000000
0.019608
0.000000
0.000000
0.000000
0.000000
0.027451
0.000000
0.156863
1.000000
1.000000
0.960784
0.960784
0.952941
0.964706
0.984314
0.992157
0.984314
0.972549
0.964706
0.964706
0.972549
0.968627
0.988235
0.992157
0.898039
0.643137
0.082353
0.000000
0.019608
0.000000
0.000000
0.000000
0.000000
0.027451
0.000000
0.156863
1.000000
0.988235
0.921569
0.941176
0.949020
0.941176
0.968627
0.984314
0.980392
0.972549
0.956863
0.956863
0.964706
0.960784
0.968627
0.968627
0.898039
0.670588
0.090196
0.000000
0.019608
0.000000
0.000000
0.000000
0.000000
0.027451
0.000000
0.160784
1.000000
0.980392
0.894118
0.952941
0.984314
0.956863
0.960784
0.968627
0.976471
0.984314
0.988235
0.988235
0.988235
0.988235
0.968627
0.956863
0.937255
0.721569
0.098039
0.000000
0.019608
0.000000
0.000000
0.000000
0.000000
0.027451
0.000000
0.145098
0.960784
1.000000
0.984314
0.992157
0.996078
0.992157
0.992157
0.984314
0.992157
1.000000
0.996078
0.992157
0.992157
0.988235
0.996078
0.984314
0.886275
0.623529
0.082353
0.000000
0.015686
0.000000
0.000000
0.000000
0.000000
0.023529
0.000000
0.109804
0.760784
0.921569
0.980392
0.956863
0.952941
1.000000
0.952941
0.925490
0.941176
0.960784
0.952941
0.933333
0.945098
0.984314
1.000000
0.913725
0.662745
0.384314
0.043137
0.000000
0.007843
0.000000
0.000000
0.000000
0.000000
0.007843
0.000000
0.027451
0.200000
0.270588
0.294118
0.286274
0.286274
0.305882
0.282353
0.274510
0.282353
0.290196
0.286274
0.278431
0.282353
0.301961
0.313725
0.266667
0.168627
0.082353
0.007843
0.000000
0.003922
0.000000
0.000000
0.000000
0.000000
0.000000
0.000000
0.000000
0.000000
0.000000
0.000000
0.000000
0.000000
0.000000
0.000000
0.000000
0.000000
0.000000
0.000000
0.000000
0.000000
0.000000
0.000000
0.000000
0.000000
0.000000
0.000000
0.000000
0.000000
0.000000
0.000000
0.000000
0.000000
0.000000
0.000000
0.003922
0.019608
0.023529
0.023529
0.023529
0.023529
0.027451
0.023529
0.023529
0.023529
0.023529
0.023529
0.023529
0.023529
0.027451
0.027451
0.023529
0.015686
0.007843
0.000000
0.000000
0.000000
0.000000
0.000000
0.000000
0.000000
0.000000
0.000000
0.000000
0.000000
0.000000
0.000000
0.000000
0.000000
0.000000
0.000000
0.000000
0.000000
0.000000
0.000000
0.000000
0.000000
0.000000
0.000000
0.000000
0.000000
0.000000
0.000000
0.000000
0.000000
0.000000
0.000000
