0.000000
0.000000
0.000000
0.000000
0.000000
0.000000
0.000000
0.000000
0.000000
0.000000
0.000000
0.000000
0.000000
0.000000
0.000000
0.000000
0.000000
0.000000
0.000000
0.000000
0.000000
0.000000
0.000000
0.000000
0.000000
0.000000
0.000000
0.000000
0.000000
0.000000
0.000000
0.000000
0.007843
0.015686
0.019608
0.023529
0.019608
0.019608
0.019608
0.023529
0.023529
0.023529
0.023529
0.023529
0.023529
0.023529
0.023529
0.019608
0.019608
0.015686
0.007843
0.000000
0.000000
0.000000
0.000000
0.000000
0.000000
0.000000
0.000000
0.000000
0.000000
0.000000
0.000000
0.000000
0.000000
0.000000
0.000000
0.000000
0.000000
0.000000
0.000000
0.000000
0.000000
0.000000
0.000000
0.000000
0.000000
0.000000
0.000000
0.000000
0.000000
0.000000
0.000000
0.000000
0.000000
0.000000
0.000000
0.007843
0.058824
0.149020
0.231373
0.250980
0.219608
0.207843
0.231373
0.243137
0.250980
0.247059
0.243137
0.254902
0.270588
0.270588
0.258824
0.235294
0.200000
0.145098
0.066667
0.007843
0.000000
0.003922
0.000000
0.000000
0.000000
0.007843
0.000000
0.062745
0.329412
0.631373
0.839216
0.886275
0.823529
0.784314
0.823529
0.862745
0.886275
0.874510
0.862745
0.886275
0.917647
0.917647
0.882353
0.843137
0.768627
0.576471
0.282353
0.027451
0.000000
0.007843
0.000000
0.000000
0.000000
0.015686
0.000000
0.149020
0.639216
0.929412
1.000000
1.000000
1.000000
0.988235
0.968627
0.996078
1.000000
0.992157
0.988235
0.988235
0.996078
0.996078
0.964706
0.988235
0.980392
0.792157
0.431373
0.047059
0.000000
0.011765
0.000000
0.000000
0.000000
0.019608
0.000000
0.200000
0.768627
0.976471
0.976471
0.913725
0.952941
1.000000
1.000000
1.000000
1.000000
1.000000
0.996078
0.996078
0.992157
0.988235
0.976471
0.996078
1.000000
0.878431
0.521569
0.062745
0.000000
0.015686
0.000000
0.000000
0.000000
0.019608
0.000000
0.207843
0.780392
0.988235
0.984314
0.917647
0.917647
0.976471
0.992157
0.976471
0.976471
0.988235
0.992157
0.988235
0.980392
0.980392
0.988235
0.988235
1.000000
0.913725
0.560784
0.066667
0.000000
0.015686
0.000000
0.000000
0.000000
0.019608
0.000000
0.203922
0.780392
1.000000
1.000000
0.960784
0.956863
0.984314
0.992157
0.980392
0.980392
0.984314
0.996078
0.996078
0.988235
0.984314
0.984314
0.980392
0.992157
0.917647
0.603922
0.078431
0.000000
0.015686
0.000000
0.000000
0.000000
0.019608
0.000000
0.203922
0.784314
1.000000
0.992157
0.968627
0.988235
1.000000
0.996078
0.992157
0.984314
0.984314
0.988235
0.992157
0.992157
0.980392
0.964706
0.972549
0.992157
0.917647
0.639216
0.082353
0.000000
0.015686
0.000000
0.000000
0.000000
0.019608
0.000000
0.196078
0.756863
1.000000
1.000000
0.980392
0.988235
0.996078
0.996078
0.988235
0.980392
0.980392
0.980392
0.984314
0.984314
0.976471
0.964706
0.980392
1.000000
0.921569
0.631373
0.082353
0.000000
0.015686
0.000000
0.000000
0.000000
0.019608
0.000000
0.192157
0.752941
1.000000
1.000000
0.992157
0.988235
0.992157
0.996078
0.988235
0.980392
0.972549
0.972549
0.976471
0.976471
0.976471
0.968627
0.976471
0.976471
0.882353
0.588235
0.074510
0.000000
0.015686
0.000000
0.000000
0.000000
0.019608
0.000000
0.196078
0.764706
1.000000
1.000000
0.988235
0.984314
0.992157
0.996078
0.988235
0.980392
0.976471
0.972549
0.972549
0.976471
0.980392
0.976471
0.980392
0.968627
0.854902
0.560784
0.070588
0.000000
0.015686
0.000000
0.000000
0.000000
0.019608
0.000000
0.207843
0.784314
1.000000
1.000000
0.976471
0.984314
0.996078
0.996078
0.992157
0.984314
0.980392
0.972549
0.972549
0.980392
0.984314
0.984314
0.992157
0.984314
0.878431
0.568627
0.074510
0.000000
0.015686
0.000000
0.000000
0.000000
0.019608
0.000000
0.203922
0.788235
1.000000
0.992157
0.968627
0.988235
1.000000
0.996078
0.992157
0.992157
0.988235
0.980392
0.980392
0.980392
0.984314
0.988235
1.000000
0.992157
0.882353
0.576471
0.074510
0.000000
0.015686
0.000000
0.000000
0.000000
0.019608
0.000000
0.200000
0.772549
0.996078
0.988235
0.968627
0.988235
0.992157
0.988235
0.992157
0.992157
0.992157
0.984314
0.980392
0.980392
0.984314
0.988235
0.992157
0.968627
0.847059
0.552941
0.070588
0.000000
0.015686
0.000000
0.000000
0.000000
0.019608
0.000000
0.196078
0.760784
0.992157
0.992157
0.968627
0.984314
0.984314
0.976471
0.988235
0.992157
0.992157
0.984314
0.980392
0.976471
0.984314
0.988235
0.980392
0.949020
0.831373
0.545098
0.070588
0.000000
0.015686
0.000000
0.000000
0.000000
0.019608
0.000000
0.192157
0.752941
1.000000
1.000000
0.968627
0.972549
0.972549
0.968627
0.980392
0.992157
0.992157
0.984314
0.976471
0.972549
0.976471
0.980392
0.992157
0.984314
0.874510
0.588235
0.074510
0.000000
0.015686
0.000000
0.000000
0.000000
0.015686
0.000000
0.184314
0.737255
1.000000
1.000000
0.996078
0.960784
0.941176
0.984314
0.992157
0.996078
0.984314
0.972549
0.972549
0.976471
0.976471
0.968627
0.984314
1.000000
0.890196
0.560784
0.070588
0.000000
0.015686
0.000000
0.000000
0.000000
0.015686
0.000000
0.160784
0.686275
0.988235
0.976471
0.992157
0.988235
0.968627
0.988235
1.000000
1.000000
0.988235
0.976471
0.984314
0.988235
0.988235
0.968627
0.988235
1.000000
0.894118
0.545098
0.066667
0.000000
0.015686
0.000000
0.000000
0.000000
0.015686
0.000000
0.160784
0.686275
0.984314
0.968627
0.952941
0.984314
0.988235
0.968627
0.984314
0.988235
0.980392
0.972549
0.980392
0.984314
0.984314
0.964706
0.964706
0.972549
0.862745
0.529412
0.066667
0.000000
0.015686
0.000000
0.000000
0.000000
0.015686
0.000000
0.160784
0.698039
1.000000
1.000000
0.952941
0.960784
0.976471
0.964706
0.980392
0.984314
0.980392
0.976471
0.972549
0.980392
0.976471
0.960784
0.952941
0.949020
0.827451
0.494118
0.058824
0.000000
0.011765
0.000000
0.000000
0.000000
0.011765
0.000000
0.113725
0.580392
0.972549
1.000000
0.984314
0.992157
1.000000
0.992157
0.992157
0.996078
0.996078
0.996078
0.996078
0.996078
0.996078
0.988235
1.000000
0.980392
0.800000
0.439216
0.047059
0.000000
0.011765
0.000000
0.000000
0.000000
0.007843
0.000000
0.062745
0.376471
0.737255
0.862745
0.890196
0.917647
0.956863
0.968627
0.968627
0.956863
0.941176
0.925490
0.929412
0.937255
0.941176
0.937255
0.913725
0.800000
0.537255
0.211765
0.015686
0.000000
0.003922
0.000000
0.000000
0.000000
0.003922
0.000000
0.011765
0.086275
0.188235
0.243137
0.258824
0.266667
0.286274
0.294118
0.294118
0.286274
0.278431
0.270588
0.274510
0.278431
0.278431
0.278431
0.262745
0.215686
0.121569
0.031373
0.000000
0.000000
0.000000
0.000000
0.000000
0.000000
0.000000
0.000000
0.000000
0.000000
0.000000
0.000000
0.000000
0.000000
0.000000
0.000000
0.000000
0.000000
0.000000
0.000000
0.000000
0.000000
0.000000
0.000000
0.000000
0.000000
0.000000
0.000000
0.000000
0.000000
0.000000
0.000000
0.000000
0.000000
0.000000
0.000000
0.000000
0.007843
0.019608
0.023529
0.023529
0.023529
0.023529
0.023529
0.023529
0.023529
0.023529
0.023529
0.023529
0.023529
0.023529
0.023529
0.023529
0.019608
0.011765
0.003922
0.000000
0.000000
0.000000
0.000000
0.000000
0.000000
0.000000
0.000000
0.000000
0.000000
0.000000
0.000000
0.000000
0.000000
0.000000
0.000000
0.000000
0.000000
0.000000
0.000000
0.000000
0.000000
0.000000
0.000000
0.000000
0.000000
0.000000
0.000000
0.000000
0.000000
0.000000
0.000000
0.000000
