0.000000
0.000000
0.000000
0.000000
0.000000
0.000000
0.000000
0.000000
0.000000
0.000000
0.000000
0.000000
0.000000
0.000000
0.000000
0.000000
0.000000
0.000000
0.000000
0.000000
0.000000
0.000000
0.000000
0.000000
0.000000
0.000000
0.000000
0.000000
0.000000
0.000000
0.000000
0.000000
0.000000
0.008197
0.012295
0.016393
0.020492
0.020492
0.016393
0.016393
0.020492
0.020492
0.020492
0.020492
0.020492
0.020492
0.020492
0.020492
0.016393
0.016393
0.012295
0.000000
0.000000
0.000000
0.000000
0.000000
0.000000
0.000000
0.000000
0.000000
0.000000
0.000000
0.000000
0.000000
0.000000
0.000000
0.000000
0.000000
0.000000
0.000000
0.000000
0.000000
0.000000
0.000000
0.000000
0.000000
0.000000
0.000000
0.000000
0.000000
0.000000
0.000000
0.000000
0.000000
0.000000
0.000000
0.004098
0.000000
0.008197
0.061475
0.127049
0.192623
0.221311
0.209016
0.200820
0.209016
0.225410
0.241803
0.254098
0.250000
0.237705
0.221311
0.204918
0.204918
0.192623
0.159836
0.118852
0.016393
0.000000
0.004098
0.000000
0.000000
0.000000
0.000000
0.008197
0.000000
0.028689
0.274590
0.520492
0.729508
0.807377
0.762295
0.717213
0.725410
0.758197
0.790984
0.799180
0.774590
0.754098
0.741803
0.745902
0.770492
0.729508
0.618852
0.475410
0.065574
0.000000
0.016393
0.000000
0.000000
0.000000
0.000000
0.012295
0.000000
0.053279
0.446721
0.741803
0.922131
0.954918
0.901639
0.852459
0.803279
0.786885
0.770492
0.737705
0.721311
0.754098
0.815574
0.885246
0.950820
0.930328
0.836066
0.672131
0.094262
0.000000
0.020492
0.000000
0.000000
0.000000
0.000000
0.016393
0.000000
0.073770
0.577869
0.852459
0.930328
0.893443
0.889344
0.901639
0.786885
0.737705
0.717213
0.725410
0.778688
0.840164
0.885246
0.909836
0.913934
0.938525
0.950820
0.774590
0.110656
0.000000
0.020492
0.000000
0.000000
0.000000
0.000000
0.016393
0.000000
0.077869
0.581967
0.815574
0.836066
0.790984
0.827869
0.901639
0.872951
0.811475
0.778688
0.823771
0.901639
0.934426
0.905738
0.864754
0.840164
0.881148
0.934426
0.762295
0.110656
0.000000
0.020492
0.000000
0.000000
0.000000
0.000000
0.016393
0.000000
0.065574
0.500000
0.721311
0.815574
0.840164
0.877049
0.934426
0.938525
0.872951
0.836066
0.872951
0.922131
0.905738
0.840164
0.815574
0.852459
0.885246
0.852459
0.700820
0.102459
0.000000
0.020492
0.000000
0.000000
0.000000
0.000000
0.012295
0.000000
0.057377
0.446721
0.672131
0.848361
0.942623
0.979508
0.963115
0.844262
0.807377
0.819672
0.856557
0.889344
0.872951
0.831967
0.823771
0.885246
0.893443
0.811475
0.659836
0.098361
0.000000
0.020492
0.000000
0.000000
0.000000
0.000000
0.012295
0.000000
0.065574
0.471311
0.651639
0.803279
0.905738
0.954918
0.930328
0.782787
0.774590
0.811475
0.848361
0.889344
0.918033
0.934426
0.913934
0.885246
0.864754
0.831967
0.651639
0.094262
0.000000
0.016393
0.000000
0.000000
0.000000
0.000000
0.016393
0.000000
0.073770
0.520492
0.643443
0.713115
0.774590
0.823771
0.877049
0.909836
0.889344
0.836066
0.786885
0.799180
0.885246
0.975410
0.991803
0.913934
0.877049
0.864754
0.655738
0.090164
0.000000
0.016393
0.000000
0.000000
0.000000
0.000000
0.012295
0.000000
0.061475
0.483607
0.721311
0.786885
0.795082
0.852459
0.918033
0.922131
0.930328
0.909836
0.856557
0.827869
0.868852
0.938525
0.971311
0.954918
0.897541
0.840164
0.696721
0.098361
0.000000
0.020492
0.000000
0.000000
0.000000
0.000000
0.012295
0.000000
0.061475
0.491803
0.786885
0.872951
0.860656
0.877049
0.897541
0.864754
0.872951
0.868852
0.844262
0.848361
0.901639
0.967213
0.975410
0.930328
0.864754
0.811475
0.692623
0.102459
0.000000
0.020492
0.000000
0.000000
0.000000
0.000000
0.016393
0.000000
0.069672
0.549180
0.840164
0.926230
0.901639
0.844262
0.795082
0.819672
0.840164
0.852459
0.852459
0.872951
0.930328
0.983607
0.971311
0.901639
0.831967
0.786885
0.655738
0.094262
0.000000
0.020492
0.000000
0.000000
0.000000
0.000000
0.016393
0.000000
0.077869
0.598361
0.889344
0.971311
0.938525
0.819672
0.725410
0.811475
0.877049
0.926230
0.934426
0.905738
0.893443
0.901639
0.905738
0.897541
0.844262
0.766393
0.639344
0.094262
0.000000
0.016393
0.000000
0.000000
0.000000
0.000000
0.016393
0.000000
0.081967
0.627049
0.897541
0.979508
0.971311
0.860656
0.754098
0.836066
0.901639
0.950820
0.950820
0.897541
0.860656
0.852459
0.868852
0.893443
0.856557
0.774590
0.643443
0.094262
0.000000
0.016393
0.000000
0.000000
0.000000
0.000000
0.016393
0.000000
0.081967
0.618852
0.877049
0.971311
1.000000
0.946721
0.864754
0.877049
0.905738
0.926230
0.922131
0.909836
0.909836
0.922131
0.930328
0.930328
0.877049
0.803279
0.663934
0.098361
0.000000
0.020492
0.000000
0.000000
0.000000
0.000000
0.016393
0.000000
0.077869
0.594262
0.848361
0.942623
0.983607
0.995902
0.934426
0.823771
0.848361
0.897541
0.909836
0.909836
0.905738
0.913934
0.909836
0.901639
0.872951
0.836066
0.684426
0.098361
0.000000
0.020492
0.000000
0.000000
0.000000
0.000000
0.016393
0.000000
0.073770
0.569672
0.840164
0.926230
0.938525
0.967213
0.913934
0.709016
0.758197
0.860656
0.889344
0.864754
0.819672
0.786885
0.795082
0.811475
0.840164
0.856557
0.692623
0.098361
0.000000
0.020492
0.000000
0.000000
0.000000
0.000000
0.016393
0.000000
0.065574
0.545082
0.860656
0.954918
0.926230
0.926230
0.893443
0.737705
0.786885
0.877049
0.905738
0.885246
0.844262
0.815574
0.819672
0.844262
0.856557
0.848361
0.696721
0.098361
0.000000
0.020492
0.000000
0.000000
0.000000
0.000000
0.016393
0.000000
0.065574
0.540984
0.860656
0.959016
0.922131
0.889344
0.885246
0.864754
0.885246
0.918033
0.934426
0.938525
0.942623
0.942623
0.942623
0.950820
0.926230
0.852459
0.676230
0.098361
0.000000
0.020492
0.000000
0.000000
0.000000
0.000000
0.016393
0.000000
0.069672
0.528689
0.758197
0.848361
0.848361
0.815574
0.807377
0.836066
0.860656
0.885246
0.893443
0.881148
0.864754
0.860656
0.877049
0.905738
0.922131
0.844262
0.581967
0.077869
0.000000
0.016393
0.000000
0.000000
0.000000
0.000000
0.008197
0.000000
0.053279
0.418033
0.639344
0.750000
0.795082
0.803279
0.811475
0.831967
0.864754
0.909836
0.938525
0.938525
0.918033
0.897541
0.889344
0.913934
0.856557
0.680328
0.463115
0.061475
0.000000
0.012295
0.000000
0.000000
0.000000
0.000000
0.004098
0.000000
0.012295
0.110656
0.180328
0.217213
0.237705
0.250000
0.254098
0.258197
0.266393
0.282787
0.295082
0.299180
0.295082
0.286885
0.278689
0.282787
0.250000
0.180328
0.127049
0.016393
0.000000
0.004098
0.000000
0.000000
0.000000
0.000000
0.000000
0.000000
0.000000
0.000000
0.000000
0.000000
0.000000
0.000000
0.000000
0.000000
0.000000
0.000000
0.000000
0.000000
0.000000
0.000000
0.000000
0.000000
0.000000
0.000000
0.000000
0.000000
0.000000
0.000000
0.000000
0.000000
0.000000
0.000000
0.000000
0.000000
0.000000
0.012295
0.016393
0.020492
0.020492
0.020492
0.020492
0.020492
0.024590
0.024590
0.024590
0.024590
0.024590
0.024590
0.024590
0.024590
0.020492
0.016393
0.012295
0.000000
0.000000
0.000000
0.000000
0.000000
0.000000
0.000000
0.000000
0.000000
0.000000
0.000000
0.000000
0.000000
0.000000
0.000000
0.000000
0.000000
0.000000
0.000000
0.000000
0.000000
0.000000
0.000000
0.000000
0.000000
0.000000
0.000000
0.000000
0.000000
0.000000
0.000000
0.000000
0.000000
