0.000000
0.000000
0.000000
0.000000
0.000000
0.000000
0.000000
0.000000
0.000000
0.000000
0.000000
0.000000
0.000000
0.000000
0.000000
0.000000
0.000000
0.000000
0.000000
0.000000
0.000000
0.000000
0.000000
0.000000
0.000000
0.000000
0.000000
0.000000
0.000000
0.000000
0.000000
0.000000
0.003922
0.007843
0.011765
0.019608
0.019608
0.015686
0.019608
0.019608
0.019608
0.019608
0.015686
0.015686
0.015686
0.015686
0.019608
0.019608
0.011765
0.003922
0.000000
0.000000
0.000000
0.000000
0.000000
0.000000
0.000000
0.000000
0.000000
0.000000
0.000000
0.000000
0.000000
0.000000
0.000000
0.000000
0.000000
0.000000
0.000000
0.000000
0.000000
0.000000
0.000000
0.000000
0.000000
0.000000
0.000000
0.000000
0.000000
0.000000
0.000000
0.000000
0.000000
0.000000
0.000000
0.000000
0.003922
0.000000
0.027451
0.113725
0.180392
0.298039
0.301961
0.286274
0.290196
0.298039
0.305882
0.294118
0.278431
0.258824
0.250980
0.286274
0.337255
0.294118
0.168627
0.047059
0.000000
0.000000
0.000000
0.000000
0.000000
0.000000
0.000000
0.000000
0.011765
0.000000
0.109804
0.458824
0.647059
0.866667
0.870588
0.847059
0.850980
0.862745
0.870588
0.854902
0.819608
0.768627
0.768627
0.839216
0.913725
0.843137
0.572549
0.231373
0.015686
0.000000
0.003922
0.000000
0.000000
0.000000
0.000000
0.000000
0.023529
0.000000
0.203922
0.792157
0.945098
0.996078
0.996078
1.000000
1.000000
1.000000
1.000000
1.000000
0.992157
0.952941
0.972549
0.988235
0.992157
1.000000
0.843137
0.494118
0.058824
0.000000
0.007843
0.000000
0.000000
0.000000
0.000000
0.000000
0.027451
0.000000
0.270588
0.964706
0.984314
0.898039
0.913725
0.949020
0.952941
0.952941
0.960784
0.976471
0.980392
0.972549
0.972549
0.941176
0.941176
0.996078
0.956863
0.690196
0.094118
0.000000
0.015686
0.000000
0.000000
0.000000
0.000000
0.000000
0.027451
0.000000
0.278431
0.988235
0.972549
0.909804
0.941176
0.992157
0.996078
0.984314
0.980392
0.996078
1.000000
1.000000
1.000000
0.972549
0.968627
1.000000
0.956863
0.705882
0.098039
0.000000
0.015686
0.000000
0.000000
0.000000
0.000000
0.000000
0.027451
0.000000
0.274510
0.972549
0.960784
0.901961
0.949020
1.000000
1.000000
0.976471
0.960784
0.972549
0.984314
0.980392
0.984314
0.972549
0.980392
1.000000
0.909804
0.631373
0.086275
0.000000
0.015686
0.000000
0.000000
0.000000
0.000000
0.000000
0.027451
0.000000
0.286274
0.988235
0.960784
0.894118
0.945098
0.996078
1.000000
0.988235
0.980392
0.988235
0.992157
0.984314
0.992157
0.968627
0.949020
0.996078
0.952941
0.694118
0.098039
0.000000
0.015686
0.000000
0.000000
0.000000
0.000000
0.000000
0.027451
0.000000
0.290196
1.000000
0.964706
0.894118
0.949020
0.996078
0.996078
0.996078
1.000000
1.000000
1.000000
0.996078
1.000000
0.968627
0.949020
0.992157
0.952941
0.745098
0.109804
0.000000
0.015686
0.000000
0.000000
0.000000
0.000000
0.000000
0.027451
0.000000
0.286274
0.992157
0.956863
0.898039
0.956863
1.000000
0.992157
0.988235
1.000000
1.000000
0.992157
0.992157
1.000000
0.968627
0.968627
0.996078
0.913725
0.729412
0.109804
0.000000
0.015686
0.000000
0.000000
0.000000
0.000000
0.000000
0.027451
0.000000
0.286274
0.984314
0.945098
0.898039
0.956863
1.000000
0.992157
0.988235
1.000000
1.000000
0.992157
0.992157
1.000000
0.968627
0.964706
0.996078
0.929412
0.737255
0.109804
0.000000
0.015686
0.000000
0.000000
0.000000
0.000000
0.000000
0.027451
0.000000
0.286274
0.992157
0.949020
0.898039
0.956863
1.000000
0.992157
0.988235
1.000000
1.000000
0.992157
0.996078
1.000000
0.964706
0.964706
1.000000
0.933333
0.741176
0.109804
0.000000
0.015686
0.000000
0.000000
0.000000
0.000000
0.000000
0.027451
0.000000
0.290196
1.000000
0.952941
0.898039
0.956863
1.000000
0.992157
0.988235
1.000000
1.000000
0.992157
0.996078
0.996078
0.964706
0.964706
1.000000
0.933333
0.741176
0.109804
0.000000
0.015686
0.000000
0.000000
0.000000
0.000000
0.000000
0.027451
0.000000
0.290196
0.996078
0.949020
0.898039
0.956863
1.000000
0.992157
0.988235
1.000000
1.000000
0.992157
0.996078
0.996078
0.964706
0.964706
1.000000
0.925490
0.733333
0.109804
0.000000
0.015686
0.000000
0.000000
0.000000
0.000000
0.000000
0.027451
0.000000
0.290196
1.000000
0.952941
0.898039
0.956863
1.000000
0.992157
0.988235
1.000000
1.000000
0.992157
0.996078
1.000000
0.964706
0.964706
1.000000
0.917647
0.713725
0.105882
0.000000
0.015686
0.000000
0.000000
0.000000
0.000000
0.000000
0.027451
0.000000
0.290196
1.000000
0.960784
0.898039
0.956863
1.000000
0.992157
0.988235
1.000000
1.000000
0.992157
0.996078
1.000000
0.964706
0.964706
0.992157
0.901961
0.694118
0.101961
0.000000
0.015686
0.000000
0.000000
0.000000
0.000000
0.000000
0.027451
0.000000
0.286274
1.000000
0.964706
0.901961
0.960784
1.000000
0.992157
0.988235
1.000000
1.000000
0.996078
0.996078
1.000000
0.968627
0.964706
0.988235
0.882353
0.674510
0.101961
0.000000
0.015686
0.000000
0.000000
0.000000
0.000000
0.000000
0.027451
0.000000
0.290196
0.996078
0.941176
0.894118
0.949020
1.000000
0.992157
0.988235
0.992157
0.992157
0.988235
0.988235
0.996078
0.964706
0.960784
0.984314
0.878431
0.666667
0.098039
0.000000
0.015686
0.000000
0.000000
0.000000
0.000000
0.000000
0.027451
0.000000
0.301961
1.000000
0.921569
0.878431
0.921569
0.976471
0.992157
0.972549
0.960784
0.964706
0.972549
0.976471
0.972549
0.952941
0.952941
0.972549
0.917647
0.698039
0.101961
0.000000
0.015686
0.000000
0.000000
0.000000
0.000000
0.000000
0.027451
0.000000
0.290196
1.000000
0.976471
0.898039
0.917647
0.949020
0.952941
0.952941
0.960784
0.984314
0.992157
0.988235
0.972549
0.956863
0.968627
1.000000
0.996078
0.756863
0.109804
0.000000
0.015686
0.000000
0.000000
0.000000
0.000000
0.000000
0.019608
0.000000
0.223529
0.858824
0.968627
0.956863
0.945098
0.933333
0.929412
0.933333
0.960784
0.976471
0.972549
0.956863
0.921569
0.905882
0.929412
0.929412
0.839216
0.580392
0.078431
0.000000
0.011765
0.000000
0.000000
0.000000
0.000000
0.000000
0.015686
0.000000
0.133333
0.529412
0.682353
0.847059
0.835294
0.796078
0.780392
0.792157
0.815686
0.827451
0.819608
0.784314
0.858824
0.933333
0.921569
0.800000
0.545098
0.278431
0.031373
0.000000
0.007843
0.000000
0.000000
0.000000
0.000000
0.000000
0.003922
0.000000
0.035294
0.141176
0.196078
0.301961
0.301961
0.282353
0.274510
0.278431
0.290196
0.294118
0.290196
0.270588
0.337255
0.392157
0.376471
0.298039
0.160784
0.054902
0.003922
0.000000
0.000000
0.000000
0.000000
0.000000
0.000000
0.000000
0.000000
0.000000
0.000000
0.000000
0.000000
0.000000
0.000000
0.000000
0.000000
0.000000
0.000000
0.000000
0.000000
0.000000
0.000000
0.000000
0.000000
0.000000
0.000000
0.000000
0.000000
0.000000
0.000000
0.000000
0.000000
0.000000
0.000000
0.000000
0.000000
0.000000
0.003922
0.011765
0.011765
0.019608
0.019608
0.015686
0.015686
0.015686
0.015686
0.019608
0.015686
0.015686
0.019608
0.023529
0.019608
0.015686
0.011765
0.003922
0.000000
0.000000
0.000000
0.000000
0.000000
0.000000
0.000000
0.000000
0.000000
0.000000
0.000000
0.000000
0.000000
0.000000
0.000000
0.000000
0.000000
0.000000
0.000000
0.000000
0.000000
0.000000
0.000000
0.000000
0.000000
0.000000
0.000000
0.000000
0.000000
0.000000
0.000000
0.000000
0.000000
0.000000
