0.000000
0.000000
0.000000
0.000000
0.000000
0.000000
0.000000
0.000000
0.000000
0.000000
0.000000
0.000000
0.000000
0.000000
0.000000
0.000000
0.000000
0.000000
0.000000
0.000000
0.000000
0.000000
0.000000
0.000000
0.000000
0.000000
0.000000
0.000000
0.000000
0.000000
0.000000
0.000000
0.007843
0.015686
0.023529
0.027451
0.027451
0.027451
0.027451
0.027451
0.027451
0.027451
0.027451
0.027451
0.027451
0.027451
0.027451
0.027451
0.023529
0.015686
0.003922
0.000000
0.000000
0.000000
0.000000
0.000000
0.000000
0.000000
0.000000
0.000000
0.000000
0.000000
0.000000
0.000000
0.000000
0.000000
0.000000
0.000000
0.000000
0.000000
0.000000
0.000000
0.000000
0.000000
0.000000
0.000000
0.000000
0.000000
0.000000
0.000000
0.000000
0.000000
0.000000
0.000000
0.000000
0.003922
0.000000
0.011765
0.074510
0.176471
0.278431
0.352941
0.352941
0.325490
0.329412
0.329412
0.329412
0.329412
0.329412
0.333333
0.333333
0.329412
0.352941
0.352941
0.270588
0.137255
0.027451
0.000000
0.000000
0.000000
0.000000
0.000000
0.000000
0.007843
0.000000
0.082353
0.384314
0.678431
0.921569
1.000000
1.000000
1.000000
1.000000
1.000000
1.000000
1.000000
1.000000
1.000000
1.000000
1.000000
1.000000
1.000000
0.913725
0.572549
0.207843
0.015686
0.000000
0.003922
0.000000
0.000000
0.000000
0.015686
0.000000
0.164706
0.662745
0.905882
0.952941
0.882353
0.890196
0.933333
0.913725
0.909804
0.909804
0.909804
0.917647
0.917647
0.913725
0.913725
0.819608
0.874510
0.976471
0.827451
0.462745
0.050980
0.000000
0.011765
0.000000
0.000000
0.000000
0.019608
0.000000
0.188235
0.745098
1.000000
0.996078
0.956863
0.921569
0.909804
0.905882
0.905882
0.905882
0.909804
0.917647
0.913725
0.905882
0.898039
0.882353
0.929412
1.000000
0.925490
0.572549
0.070588
0.000000
0.015686
0.000000
0.000000
0.000000
0.019608
0.000000
0.200000
0.772549
0.996078
0.992157
0.964706
0.968627
0.976471
0.972549
0.972549
0.972549
0.972549
0.976471
0.972549
0.968627
0.960784
0.933333
0.913725
0.956863
0.937255
0.627451
0.082353
0.000000
0.015686
0.000000
0.000000
0.000000
0.019608
0.000000
0.203922
0.780392
0.992157
0.992157
0.968627
0.988235
1.000000
1.000000
1.000000
1.000000
1.000000
1.000000
1.000000
1.000000
0.992157
0.956863
0.917647
0.968627
0.956863
0.627451
0.078431
0.000000
0.015686
0.000000
0.000000
0.000000
0.019608
0.000000
0.192157
0.756863
1.000000
1.000000
1.000000
0.996078
0.980392
0.984314
0.988235
0.992157
0.992157
0.992157
0.992157
0.984314
0.972549
0.964706
0.964706
1.000000
0.960784
0.588235
0.070588
0.000000
0.015686
0.000000
0.000000
0.000000
0.019608
0.000000
0.184314
0.741176
1.000000
1.000000
0.996078
0.992157
0.988235
0.996078
0.996078
0.988235
0.988235
0.996078
0.996078
0.984314
0.964706
0.960784
0.968627
1.000000
0.933333
0.568627
0.066667
0.000000
0.015686
0.000000
0.000000
0.000000
0.019608
0.000000
0.184314
0.741176
1.000000
1.000000
0.992157
0.992157
0.988235
0.996078
0.996078
0.988235
0.988235
0.996078
0.996078
0.984314
0.968627
0.945098
0.952941
1.000000
0.945098
0.584314
0.070588
0.000000
0.015686
0.000000
0.000000
0.000000
0.019608
0.000000
0.180392
0.733333
1.000000
1.000000
0.996078
0.992157
0.988235
0.996078
0.996078
0.988235
0.988235
0.996078
0.996078
0.984314
0.968627
0.933333
0.941176
1.000000
0.960784
0.607843
0.074510
0.000000
0.015686
0.000000
0.000000
0.000000
0.015686
0.000000
0.180392
0.729412
1.000000
1.000000
1.000000
0.992157
0.988235
0.996078
0.996078
0.988235
0.988235
0.996078
0.996078
0.984314
0.968627
0.933333
0.941176
1.000000
0.972549
0.619608
0.078431
0.000000
0.015686
0.000000
0.000000
0.000000
0.015686
0.000000
0.180392
0.733333
1.000000
1.000000
0.988235
0.988235
0.988235
0.996078
0.996078
0.988235
0.988235
0.996078
0.996078
0.984314
0.968627
0.937255
0.949020
1.000000
0.968627
0.615686
0.078431
0.000000
0.015686
0.000000
0.000000
0.000000
0.019608
0.000000
0.184314
0.737255
1.000000
1.000000
0.972549
0.980392
0.992157
0.996078
0.996078
0.988235
0.988235
0.996078
0.996078
0.984314
0.968627
0.941176
0.949020
1.000000
0.949020
0.596078
0.074510
0.000000
0.015686
0.000000
0.000000
0.000000
0.019608
0.000000
0.184314
0.741176
1.000000
1.000000
0.976471
0.984314
0.992157
0.996078
0.996078
0.988235
0.988235
0.996078
0.996078
0.984314
0.968627
0.937255
0.945098
1.000000
0.933333
0.576471
0.070588
0.000000
0.015686
0.000000
0.000000
0.000000
0.019608
0.000000
0.184314
0.737255
1.000000
1.000000
0.988235
0.988235
0.988235
0.996078
0.996078
0.988235
0.988235
0.996078
0.996078
0.984314
0.968627
0.937255
0.945098
1.000000
0.929412
0.572549
0.070588
0.000000
0.015686
0.000000
0.000000
0.000000
0.019608
0.000000
0.188235
0.741176
0.996078
1.000000
0.980392
0.984314
0.992157
0.996078
0.996078
0.988235
0.984314
0.996078
0.996078
0.984314
0.968627
0.945098
0.952941
1.000000
0.937255
0.580392
0.070588
0.000000
0.015686
0.000000
0.000000
0.000000
0.019608
0.000000
0.188235
0.745098
0.996078
0.996078
0.984314
0.996078
0.992157
0.992157
0.992157
0.996078
1.000000
1.000000
1.000000
0.984314
0.960784
0.937255
0.949020
1.000000
0.949020
0.592157
0.070588
0.000000
0.015686
0.000000
0.000000
0.000000
0.019608
0.000000
0.200000
0.768627
0.996078
0.988235
0.980392
0.988235
0.976471
0.968627
0.968627
0.980392
0.988235
0.988235
0.984314
0.964706
0.945098
0.909804
0.941176
1.000000
0.964706
0.619608
0.078431
0.000000
0.015686
0.000000
0.000000
0.000000
0.019608
0.000000
0.207843
0.796078
1.000000
1.000000
0.976471
0.972549
0.976471
0.968627
0.968627
0.972549
0.980392
0.988235
0.980392
0.968627
0.960784
0.933333
0.960784
1.000000
0.933333
0.607843
0.078431
0.000000
0.015686
0.000000
0.000000
0.000000
0.019608
0.000000
0.184314
0.733333
0.980392
1.000000
0.984314
0.992157
1.000000
1.000000
1.000000
1.000000
1.000000
1.000000
1.000000
1.000000
1.000000
0.992157
0.996078
0.956863
0.776471
0.466667
0.054902
0.000000
0.011765
0.000000
0.000000
0.000000
0.015686
0.000000
0.121569
0.509804
0.749020
0.835294
0.917647
0.933333
0.913725
0.917647
0.909804
0.901961
0.901961
0.901961
0.913725
0.925490
0.933333
1.000000
0.964706
0.772549
0.513726
0.262745
0.027451
0.000000
0.003922
0.000000
0.000000
0.000000
0.003922
0.000000
0.027451
0.121569
0.192157
0.231373
0.270588
0.274510
0.262745
0.266667
0.262745
0.258824
0.258824
0.258824
0.262745
0.270588
0.274510
0.305882
0.290196
0.207843
0.121569
0.054902
0.003922
0.000000
0.000000
0.000000
0.000000
0.000000
0.000000
0.000000
0.000000
0.000000
0.000000
0.000000
0.000000
0.000000
0.000000
0.000000
0.000000
0.000000
0.000000
0.000000
0.000000
0.000000
0.000000
0.000000
0.000000
0.000000
0.000000
0.000000
0.000000
0.000000
0.000000
0.000000
0.000000
0.000000
0.000000
0.000000
0.003922
0.011765
0.019608
0.019608
0.023529
0.023529
0.023529
0.023529
0.023529
0.023529
0.023529
0.023529
0.023529
0.023529
0.023529
0.027451
0.023529
0.019608
0.011765
0.007843
0.000000
0.000000
0.000000
0.000000
0.000000
0.000000
0.000000
0.000000
0.000000
0.000000
0.000000
0.000000
0.000000
0.000000
0.000000
0.000000
0.000000
0.000000
0.000000
0.000000
0.000000
0.000000
0.000000
0.000000
0.000000
0.000000
0.000000
0.000000
0.000000
0.000000
0.000000
0.000000
0.000000
