0.000000
0.000000
0.000000
0.000000
0.000000
0.000000
0.000000
0.000000
0.000000
0.000000
0.000000
0.000000
0.000000
0.000000
0.000000
0.000000
0.000000
0.000000
0.000000
0.000000
0.000000
0.000000
0.000000
0.000000
0.000000
0.000000
0.000000
0.000000
0.000000
0.000000
0.000000
0.000000
0.003922
0.011765
0.019608
0.019608
0.023529
0.019608
0.019608
0.019608
0.019608
0.019608
0.019608
0.019608
0.023529
0.023529
0.019608
0.019608
0.015686
0.011765
0.000000
0.000000
0.000000
0.000000
0.000000
0.000000
0.000000
0.000000
0.000000
0.000000
0.000000
0.000000
0.000000
0.000000
0.000000
0.000000
0.000000
0.000000
0.000000
0.000000
0.000000
0.000000
0.000000
0.000000
0.000000
0.000000
0.000000
0.000000
0.000000
0.000000
0.000000
0.000000
0.000000
0.000000
0.000000
0.000000
0.003922
0.000000
0.031373
0.172549
0.317647
0.380392
0.388235
0.352941
0.341176
0.349020
0.349020
0.364706
0.360784
0.356863
0.384314
0.400000
0.372549
0.309804
0.247059
0.160784
0.019608
0.000000
0.003922
0.000000
0.000000
0.000000
0.000000
0.000000
0.015686
0.000000
0.109804
0.529412
0.823529
0.945098
0.964706
0.890196
0.882353
0.901961
0.886275
0.921569
0.921569
0.913725
0.952941
0.988235
0.937255
0.827451
0.705882
0.513726
0.070588
0.000000
0.011765
0.000000
0.000000
0.000000
0.000000
0.000000
0.019608
0.000000
0.172549
0.709804
0.905882
0.956863
0.968627
0.937255
0.949020
0.964706
0.949020
0.960784
0.972549
0.960784
0.976471
0.992157
0.980392
0.949020
0.886275
0.717647
0.109804
0.000000
0.015686
0.000000
0.000000
0.000000
0.000000
0.000000
0.019608
0.000000
0.196078
0.784314
0.956863
0.952941
0.952941
0.956863
0.980392
0.996078
0.988235
0.988235
0.988235
0.972549
0.984314
0.996078
0.988235
1.000000
0.988235
0.807843
0.121569
0.000000
0.019608
0.000000
0.000000
0.000000
0.000000
0.000000
0.019608
0.000000
0.196078
0.792157
0.968627
0.921569
0.917647
0.949020
0.984314
0.996078
0.984314
0.980392
0.964706
0.952941
0.964706
0.968627
0.972549
1.000000
0.996078
0.819608
0.125490
0.000000
0.019608
0.000000
0.000000
0.000000
0.000000
0.000000
0.019608
0.000000
0.192157
0.792157
0.992157
0.929412
0.925490
0.968627
0.996078
0.996078
0.992157
0.988235
0.976471
0.972549
0.980392
0.976471
0.968627
0.996078
1.000000
0.819608
0.121569
0.000000
0.019608
0.000000
0.000000
0.000000
0.000000
0.000000
0.019608
0.000000
0.172549
0.760784
1.000000
0.917647
0.913725
0.964706
0.980392
0.972549
0.984314
0.992157
0.984314
0.976471
0.984314
0.980392
0.960784
0.976471
0.976471
0.796078
0.121569
0.000000
0.019608
0.000000
0.000000
0.000000
0.000000
0.000000
0.019608
0.000000
0.168627
0.745098
0.992157
0.909804
0.905882
0.960784
0.968627
0.952941
0.972549
0.988235
0.988235
0.980392
0.988235
0.988235
0.972549
0.980392
0.976471
0.803922
0.125490
0.000000
0.019608
0.000000
0.000000
0.000000
0.000000
0.000000
0.019608
0.000000
0.172549
0.756863
1.000000
0.890196
0.882353
0.960784
0.960784
0.933333
0.960784
0.976471
0.996078
0.976471
0.972549
0.988235
0.992157
1.000000
0.992157
0.823529
0.125490
0.000000
0.019608
0.000000
0.000000
0.000000
0.000000
0.000000
0.019608
0.000000
0.172549
0.749020
0.980392
0.886275
0.870588
0.921569
0.933333
0.921569
0.937255
0.949020
0.988235
0.952941
0.945098
0.960784
0.980392
1.000000
0.988235
0.819608
0.125490
0.000000
0.019608
0.000000
0.000000
0.000000
0.000000
0.000000
0.019608
0.000000
0.176471
0.709804
0.886275
0.941176
0.921569
0.866667
0.905882
0.952941
0.921569
0.929412
0.949020
0.937255
0.941176
0.952941
0.964706
0.996078
0.996078
0.823529
0.125490
0.000000
0.019608
0.000000
0.000000
0.000000
0.000000
0.000000
0.015686
0.000000
0.156863
0.658823
0.878431
0.933333
0.917647
0.862745
0.882353
0.925490
0.921569
0.945098
0.933333
0.925490
0.949020
0.976471
0.988235
1.000000
0.996078
0.807843
0.121569
0.000000
0.019608
0.000000
0.000000
0.000000
0.000000
0.000000
0.019608
0.000000
0.164706
0.690196
0.901961
0.917647
0.898039
0.866667
0.894118
0.937255
0.949020
0.972549
0.956863
0.949020
0.968627
0.992157
0.992157
1.000000
0.992157
0.780392
0.113725
0.000000
0.019608
0.000000
0.000000
0.000000
0.000000
0.000000
0.023529
0.000000
0.196078
0.792157
0.952941
0.894118
0.858824
0.870588
0.933333
0.984314
0.980392
0.984314
0.992157
0.976471
0.980392
0.988235
0.984314
0.996078
0.984314
0.784314
0.113725
0.000000
0.019608
0.000000
0.000000
0.000000
0.000000
0.000000
0.023529
0.000000
0.211765
0.843137
0.984314
0.870588
0.831373
0.882353
0.960784
1.000000
0.984314
0.972549
0.992157
0.968627
0.968627
0.972549
0.976471
0.996078
0.992157
0.815686
0.121569
0.000000
0.019608
0.000000
0.000000
0.000000
0.000000
0.000000
0.023529
0.000000
0.188235
0.788235
0.996078
0.898039
0.870588
0.921569
0.960784
0.976471
0.976471
0.972549
0.984314
0.968627
0.968627
0.980392
0.984314
1.000000
0.996078
0.811765
0.125490
0.000000
0.019608
0.000000
0.000000
0.000000
0.000000
0.000000
0.019608
0.000000
0.152941
0.705882
1.000000
0.941176
0.925490
0.952941
0.949020
0.941176
0.964706
0.984314
0.996078
0.980392
0.984314
0.992157
0.992157
0.996078
0.980392
0.776471
0.113725
0.000000
0.019608
0.000000
0.000000
0.000000
0.000000
0.000000
0.015686
0.000000
0.141176
0.690196
1.000000
0.925490
0.901961
0.937255
0.917647
0.898039
0.933333
0.960784
0.976471
0.956863
0.956863
0.964706
0.964706
0.984314
0.976471
0.788235
0.117647
0.000000
0.019608
0.000000
0.000000
0.000000
0.000000
0.000000
0.019608
0.000000
0.149020
0.713725
1.000000
0.862745
0.827451
0.886275
0.878431
0.858824
0.886275
0.901961
0.913725
0.890196
0.890196
0.898039
0.913725
0.964706
1.000000
0.854902
0.133333
0.000000
0.019608
0.000000
0.000000
0.000000
0.000000
0.000000
0.015686
0.000000
0.133333
0.560784
0.776471
0.913725
0.952941
0.929412
0.905882
0.917647
0.933333
0.941176
0.980392
0.960784
0.941176
0.960784
0.980392
0.968627
0.878431
0.701961
0.105882
0.000000
0.015686
0.000000
0.000000
0.000000
0.000000
0.000000
0.011765
0.000000
0.090196
0.388235
0.607843
0.882353
0.988235
0.964706
0.937255
0.933333
0.929412
0.925490
0.945098
0.941176
0.949020
0.972549
0.968627
0.882353
0.690196
0.454902
0.062745
0.000000
0.011765
0.000000
0.000000
0.000000
0.000000
0.000000
0.003922
0.000000
0.023529
0.129412
0.231373
0.337255
0.388235
0.392157
0.384314
0.372549
0.368627
0.360784
0.360784
0.364706
0.376471
0.384314
0.376471
0.333333
0.243137
0.137255
0.015686
0.000000
0.003922
0.000000
0.000000
0.000000
0.000000
0.000000
0.000000
0.000000
0.000000
0.000000
0.000000
0.000000
0.000000
0.000000
0.000000
0.000000
0.000000
0.000000
0.000000
0.000000
0.000000
0.000000
0.000000
0.000000
0.000000
0.000000
0.000000
0.000000
0.000000
0.000000
0.000000
0.000000
0.000000
0.000000
0.000000
0.000000
0.000000
0.007843
0.011765
0.019608
0.023529
0.023529
0.019608
0.019608
0.019608
0.019608
0.019608
0.019608
0.019608
0.023529
0.023529
0.019608
0.015686
0.007843
0.000000
0.000000
0.000000
0.000000
0.000000
0.000000
0.000000
0.000000
0.000000
0.000000
0.000000
0.000000
0.000000
0.000000
0.000000
0.000000
0.000000
0.000000
0.000000
0.000000
0.000000
0.000000
0.000000
0.000000
0.000000
0.000000
0.000000
0.000000
0.000000
0.000000
0.000000
0.000000
0.000000
0.000000
