0.000000
0.000000
0.000000
0.000000
0.000000
0.000000
0.000000
0.000000
0.000000
0.000000
0.000000
0.000000
0.000000
0.000000
0.000000
0.000000
0.000000
0.000000
0.000000
0.000000
0.000000
0.000000
0.000000
0.000000
0.000000
0.000000
0.000000
0.000000
0.000000
0.000000
0.000000
0.003922
0.019608
0.027451
0.027451
0.027451
0.027451
0.027451
0.027451
0.027451
0.027451
0.027451
0.027451
0.027451
0.027451
0.027451
0.027451
0.027451
0.027451
0.019608
0.007843
0.000000
0.000000
0.000000
0.000000
0.000000
0.000000
0.000000
0.000000
0.000000
0.000000
0.000000
0.000000
0.000000
0.000000
0.000000
0.000000
0.000000
0.000000
0.000000
0.000000
0.000000
0.000000
0.000000
0.000000
0.000000
0.000000
0.000000
0.000000
0.000000
0.000000
0.000000
0.000000
0.000000
0.000000
0.003922
0.000000
0.023529
0.137255
0.196078
0.207843
0.203922
0.200000
0.200000
0.203922
0.203922
0.203922
0.203922
0.203922
0.207843
0.200000
0.192157
0.203922
0.211765
0.188235
0.133333
0.062745
0.000000
0.000000
0.000000
0.000000
0.000000
0.000000
0.019608
0.000000
0.125490
0.694118
0.964706
0.992157
0.964706
0.972549
0.972549
0.976471
0.980392
0.980392
0.980392
0.976471
0.992157
0.964706
0.937255
0.980392
1.000000
0.937255
0.701961
0.341176
0.007843
0.000000
0.007843
0.000000
0.000000
0.000000
0.023529
0.000000
0.149020
0.803922
1.000000
0.956863
0.913725
0.976471
0.996078
0.976471
0.972549
0.980392
0.972549
0.976471
0.980392
0.988235
0.984314
0.980392
1.000000
1.000000
0.843137
0.450980
0.011765
0.000000
0.011765
0.000000
0.000000
0.000000
0.023529
0.000000
0.160784
0.843137
0.984314
0.890196
0.850980
0.933333
0.956863
0.929412
0.925490
0.937255
0.925490
0.933333
0.921569
0.937255
0.945098
0.921569
0.941176
0.960784
0.847059
0.466667
0.011765
0.000000
0.011765
0.000000
0.000000
0.000000
0.023529
0.000000
0.172549
0.890196
1.000000
0.929412
0.898039
0.968627
0.992157
0.968627
0.968627
0.980392
0.972549
0.980392
0.968627
0.968627
0.968627
0.949020
0.968627
0.980392
0.854902
0.470588
0.011765
0.000000
0.011765
0.000000
0.000000
0.000000
0.023529
0.000000
0.172549
0.882353
1.000000
0.929412
0.905882
0.972549
0.996078
0.976471
0.980392
0.992157
0.984314
0.996078
0.988235
0.988235
0.976471
0.949020
0.968627
0.988235
0.874510
0.486274
0.011765
0.000000
0.011765
0.000000
0.000000
0.000000
0.023529
0.000000
0.160784
0.843137
1.000000
0.929412
0.894118
0.972549
0.996078
0.976471
0.980392
0.992157
0.988235
0.996078
0.996078
1.000000
0.980392
0.949020
0.968627
0.988235
0.874510
0.490196
0.011765
0.000000
0.011765
0.000000
0.000000
0.000000
0.023529
0.000000
0.152941
0.819608
1.000000
0.925490
0.886275
0.968627
0.992157
0.972549
0.976471
0.988235
0.984314
0.996078
0.996078
1.000000
0.980392
0.945098
0.964706
0.984314
0.870588
0.486274
0.011765
0.000000
0.011765
0.000000
0.000000
0.000000
0.023529
0.000000
0.152941
0.823529
1.000000
0.925490
0.890196
0.968627
0.992157
0.976471
0.976471
0.992157
0.988235
0.996078
0.996078
1.000000
0.980392
0.945098
0.960784
0.980392
0.858824
0.474510
0.011765
0.000000
0.011765
0.000000
0.000000
0.000000
0.023529
0.000000
0.160784
0.831373
1.000000
0.929412
0.898039
0.972549
0.996078
0.984314
0.984314
0.996078
0.992157
0.996078
0.992157
1.000000
0.984314
0.952941
0.960784
0.972549
0.847059
0.466667
0.011765
0.000000
0.011765
0.000000
0.000000
0.000000
0.023529
0.000000
0.160784
0.835294
1.000000
0.933333
0.905882
0.976471
0.996078
0.984314
0.988235
0.996078
0.992157
0.996078
0.988235
0.996078
0.988235
0.956863
0.964706
0.968627
0.839216
0.458824
0.011765
0.000000
0.011765
0.000000
0.000000
0.000000
0.023529
0.000000
0.160784
0.839216
1.000000
0.933333
0.905882
0.976471
0.996078
0.980392
0.984314
0.992157
0.988235
0.996078
0.988235
0.996078
0.988235
0.964706
0.968627
0.968627
0.835294
0.454902
0.011765
0.000000
0.011765
0.000000
0.000000
0.000000
0.023529
0.000000
0.168627
0.866667
1.000000
0.921569
0.905882
0.960784
0.976471
0.972549
0.984314
0.992157
0.976471
0.980392
0.976471
0.992157
0.992157
0.968627
0.964706
0.972549
0.850980
0.466667
0.011765
0.000000
0.011765
0.000000
0.000000
0.000000
0.023529
0.000000
0.168627
0.854902
1.000000
0.941176
0.925490
0.976471
0.980392
0.984314
0.996078
0.996078
0.984314
0.984314
0.968627
0.984314
0.992157
0.964706
0.956863
0.976471
0.862745
0.478431
0.011765
0.000000
0.011765
0.000000
0.000000
0.000000
0.023529
0.000000
0.160784
0.835294
1.000000
0.945098
0.925490
0.988235
0.996078
0.992157
0.988235
0.980392
0.976471
0.996078
0.972549
0.980392
0.992157
0.952941
0.952941
0.976471
0.874510
0.494118
0.011765
0.000000
0.011765
0.000000
0.000000
0.000000
0.023529
0.000000
0.164706
0.847059
0.996078
0.913725
0.894118
0.956863
0.984314
0.976471
0.968627
0.956863
0.952941
0.992157
0.988235
0.992157
0.984314
0.949020
0.956863
0.980392
0.898039
0.521569
0.011765
0.000000
0.015686
0.000000
0.000000
0.000000
0.023529
0.000000
0.156863
0.827451
1.000000
0.933333
0.898039
0.964706
0.996078
0.996078
0.992157
0.988235
0.980392
1.000000
0.996078
1.000000
0.980392
0.949020
0.968627
0.992157
0.921569
0.552941
0.011765
0.000000
0.015686
0.000000
0.000000
0.000000
0.023529
0.000000
0.145098
0.784314
1.000000
0.945098
0.894118
0.956863
0.996078
1.000000
1.000000
0.996078
0.980392
1.000000
1.000000
0.992157
0.960784
0.933333
0.960784
0.968627
0.866667
0.501961
0.011765
0.000000
0.011765
0.000000
0.000000
0.000000
0.023529
0.000000
0.152941
0.815686
0.984314
0.913725
0.866667
0.917647
0.941176
0.949020
0.956863
0.945098
0.925490
0.945098
0.941176
0.921569
0.909804
0.921569
0.960784
0.968627
0.866667
0.505882
0.011765
0.000000
0.011765
0.000000
0.000000
0.000000
0.023529
0.000000
0.164706
0.866667
1.000000
0.980392
0.945098
0.988235
0.992157
0.980392
0.996078
0.996078
0.976471
0.984314
0.968627
0.960784
0.976471
1.000000
1.000000
0.988235
0.847059
0.490196
0.011765
0.000000
0.015686
0.000000
0.000000
0.000000
0.019608
0.000000
0.125490
0.709804
1.000000
1.000000
0.988235
1.000000
1.000000
0.988235
1.000000
1.000000
1.000000
1.000000
1.000000
1.000000
1.000000
1.000000
0.960784
0.819608
0.588235
0.282353
0.003922
0.000000
0.007843
0.000000
0.000000
0.000000
0.003922
0.000000
0.023529
0.133333
0.203922
0.211765
0.207843
0.215686
0.211765
0.203922
0.207843
0.211765
0.215686
0.215686
0.215686
0.215686
0.215686
0.211765
0.196078
0.156863
0.101961
0.043137
0.000000
0.000000
0.000000
0.000000
0.000000
0.000000
0.000000
0.000000
0.000000
0.000000
0.000000
0.000000
0.000000
0.000000
0.000000
0.000000
0.000000
0.000000
0.000000
0.000000
0.000000
0.000000
0.000000
0.000000
0.000000
0.000000
0.000000
0.000000
0.000000
0.000000
0.000000
0.000000
0.000000
0.000000
0.000000
0.000000
0.003922
0.019608
0.027451
0.027451
0.027451
0.027451
0.027451
0.027451
0.027451
0.027451
0.027451
0.027451
0.027451
0.027451
0.027451
0.027451
0.027451
0.023529
0.015686
0.007843
0.000000
0.000000
0.000000
0.000000
0.000000
0.000000
0.000000
0.000000
0.000000
0.000000
0.000000
0.000000
0.000000
0.000000
0.000000
0.000000
0.000000
0.000000
0.000000
0.000000
0.000000
0.000000
0.000000
0.000000
0.000000
0.000000
0.000000
0.000000
0.000000
0.000000
0.000000
0.000000
0.000000
