0.000000
0.000000
0.000000
0.000000
0.000000
0.000000
0.000000
0.000000
0.000000
0.000000
0.000000
0.000000
0.000000
0.000000
0.000000
0.000000
0.000000
0.000000
0.000000
0.000000
0.000000
0.000000
0.000000
0.000000
0.000000
0.000000
0.000000
0.000000
0.000000
0.000000
0.000000
0.000000
0.000000
0.000000
0.000000
0.000000
0.005291
0.031746
0.031746
0.031746
0.021164
0.015873
0.010582
0.000000
0.000000
0.000000
0.000000
0.000000
0.000000
0.000000
0.000000
0.000000
0.000000
0.000000
0.000000
0.000000
0.000000
0.000000
0.000000
0.000000
0.000000
0.000000
0.010582
0.000000
0.222222
0.857143
0.910053
0.883598
0.708995
0.529100
0.322751
0.105820
0.005291
0.010582
0.021164
0.005291
0.000000
0.000000
0.000000
0.000000
0.000000
0.000000
0.000000
0.000000
0.000000
0.000000
0.000000
0.000000
0.000000
0.000000
0.010582
0.000000
0.243386
0.915344
0.994709
0.984127
0.835979
0.645503
0.386243
0.132275
0.021164
0.005291
0.015873
0.005291
0.000000
0.000000
0.000000
0.000000
0.000000
0.000000
0.000000
0.000000
0.000000
0.000000
0.000000
0.000000
0.000000
0.000000
0.010582
0.000000
0.179894
0.682540
0.777778
0.867725
0.825397
0.656085
0.370370
0.105820
0.000000
0.005291
0.015873
0.005291
0.000000
0.000000
0.000000
0.000000
0.000000
0.000000
0.000000
0.000000
0.000000
0.000000
0.000000
0.000000
0.000000
0.000000
0.005291
0.000000
0.100529
0.412698
0.544973
0.724868
0.788360
0.666667
0.375661
0.111111
0.000000
0.005291
0.010582
0.005291
0.000000
0.000000
0.000000
0.000000
0.000000
0.000000
0.000000
0.000000
0.000000
0.000000
0.000000
0.000000
0.000000
0.000000
0.005291
0.000000
0.042328
0.206349
0.375661
0.619048
0.756614
0.666667
0.375661
0.121693
0.005291
0.005291
0.010582
0.005291
0.000000
0.000000
0.000000
0.000000
0.000000
0.000000
0.000000
0.000000
0.000000
0.000000
0.000000
0.000000
0.000000
0.000000
0.000000
0.000000
0.021164
0.100529
0.269841
0.592593
0.804233
0.703704
0.386243
0.116402
0.015873
0.010582
0.015873
0.005291
0.000000
0.000000
0.000000
0.000000
0.000000
0.000000
0.000000
0.000000
0.000000
0.000000
0.000000
0.000000
0.000000
0.000000
0.000000
0.000000
0.021164
0.068783
0.232804
0.566137
0.809524
0.719577
0.391534
0.100529
0.005291
0.010582
0.021164
0.005291
0.000000
0.000000
0.000000
0.000000
0.000000
0.000000
0.000000
0.000000
0.000000
0.000000
0.000000
0.000000
0.000000
0.000000
0.000000
0.000000
0.026455
0.084656
0.227513
0.555556
0.788360
0.708995
0.396825
0.100529
0.000000
0.015873
0.026455
0.005291
0.000000
0.000000
0.000000
0.000000
0.000000
0.000000
0.000000
0.000000
0.000000
0.000000
0.000000
0.000000
0.000000
0.000000
0.000000
0.000000
0.031746
0.100529
0.238095
0.555556
0.777778
0.682540
0.391534
0.095238
0.000000
0.015873
0.026455
0.010582
0.000000
0.000000
0.000000
0.000000
0.000000
0.000000
0.000000
0.000000
0.000000
0.000000
0.000000
0.000000
0.000000
0.000000
0.000000
0.000000
0.026455
0.089947
0.243386
0.571429
0.761905
0.656085
0.375661
0.100529
0.000000
0.021164
0.037037
0.010582
0.000000
0.000000
0.000000
0.000000
0.000000
0.000000
0.000000
0.000000
0.000000
0.000000
0.000000
0.000000
0.000000
0.000000
0.000000
0.000000
0.021164
0.089947
0.259259
0.571429
0.756614
0.634921
0.365079
0.095238
0.000000
0.015873
0.026455
0.005291
0.000000
0.000000
0.000000
0.000000
0.000000
0.000000
0.000000
0.000000
0.000000
0.000000
0.000000
0.000000
0.000000
0.000000
0.000000
0.000000
0.010582
0.105820
0.285714
0.560847
0.740741
0.640212
0.391534
0.111111
0.010582
0.010582
0.015873
0.005291
0.000000
0.000000
0.000000
0.000000
0.000000
0.000000
0.000000
0.000000
0.000000
0.000000
0.000000
0.000000
0.000000
0.000000
0.000000
0.000000
0.047619
0.248677
0.439153
0.661376
0.804233
0.730159
0.523809
0.269841
0.174603
0.174603
0.158730
0.042328
0.000000
0.000000
0.000000
0.000000
0.000000
0.000000
0.000000
0.000000
0.000000
0.000000
0.000000
0.000000
0.000000
0.000000
0.005291
0.000000
0.116402
0.513227
0.682540
0.825397
0.899471
0.857143
0.730159
0.534391
0.497354
0.470899
0.407407
0.100529
0.000000
0.005291
0.000000
0.000000
0.000000
0.000000
0.000000
0.000000
0.000000
0.000000
0.000000
0.000000
0.000000
0.000000
0.010582
0.000000
0.185185
0.751323
0.851852
0.904762
0.904762
0.878307
0.846561
0.761905
0.777778
0.735450
0.682540
0.179894
0.000000
0.010582
0.000000
0.000000
0.000000
0.000000
0.000000
0.000000
0.000000
0.000000
0.000000
0.000000
0.000000
0.000000
0.010582
0.000000
0.232804
0.894180
0.925926
0.915344
0.867725
0.841270
0.878307
0.878307
0.962963
0.952381
0.931217
0.253968
0.000000
0.015873
0.000000
0.000000
0.000000
0.000000
0.000000
0.000000
0.000000
0.000000
0.000000
0.000000
0.000000
0.000000
0.010582
0.000000
0.248677
0.910053
0.915344
0.920635
0.873016
0.862434
0.888889
0.925926
0.994709
1.000000
0.994709
0.264550
0.000000
0.015873
0.000000
0.000000
0.000000
0.000000
0.000000
0.000000
0.000000
0.000000
0.000000
0.000000
0.000000
0.000000
0.010582
0.000000
0.243386
0.883598
0.899471
0.910053
0.873016
0.894180
0.899471
0.894180
0.910053
0.894180
0.910053
0.248677
0.000000
0.010582
0.000000
0.000000
0.000000
0.000000
0.000000
0.000000
0.000000
0.000000
0.000000
0.000000
0.000000
0.000000
0.010582
0.000000
0.253968
0.899471
0.878307
0.883598
0.862434
0.888889
0.894180
0.867725
0.899471
0.910053
0.878307
0.238095
0.000000
0.010582
0.000000
0.000000
0.000000
0.000000
0.000000
0.000000
0.000000
0.000000
0.000000
0.000000
0.000000
0.000000
0.015873
0.000000
0.259259
0.920635
0.873016
0.878307
0.857143
0.867725
0.873016
0.867725
0.899471
0.899471
0.862434
0.227513
0.000000
0.010582
0.000000
0.000000
0.000000
0.000000
0.000000
0.000000
0.000000
0.000000
0.000000
0.000000
0.000000
0.000000
0.010582
0.000000
0.253968
0.904762
0.878307
0.894180
0.873016
0.888889
0.878307
0.835979
0.867725
0.894180
0.915344
0.253968
0.000000
0.010582
0.000000
0.000000
0.000000
0.000000
0.000000
0.000000
0.000000
0.000000
0.000000
0.000000
0.000000
0.000000
0.010582
0.000000
0.248677
0.899471
0.910053
0.904762
0.883598
0.899471
0.894180
0.867725
0.878307
0.915344
0.952381
0.259259
0.000000
0.015873
0.000000
0.000000
0.000000
0.000000
0.000000
0.000000
0.000000
0.000000
0.000000
0.000000
0.000000
0.000000
0.015873
0.000000
0.264550
0.962963
0.968254
0.936508
0.910053
0.915344
0.920635
0.920635
0.952381
0.994709
0.962963
0.253968
0.000000
0.015873
0.000000
0.000000
0.000000
0.000000
0.000000
0.000000
0.000000
0.000000
0.000000
0.000000
0.000000
0.000000
0.010582
0.000000
0.222222
0.793651
0.788360
0.777778
0.751323
0.740741
0.746032
0.761905
0.798942
0.814815
0.751323
0.190476
0.000000
0.010582
0.000000
0.000000
0.000000
0.000000
0.000000
0.000000
0.000000
0.000000
0.000000
0.000000
0.000000
0.000000
0.000000
0.000000
0.005291
0.021164
0.021164
0.021164
0.021164
0.021164
0.021164
0.021164
0.021164
0.021164
0.021164
0.005291
0.000000
0.000000
0.000000
0.000000
0.000000
0.000000
0.000000
0.000000
0.000000
0.000000
0.000000
0.000000
0.000000
0.000000
0.000000
0.000000
0.000000
0.000000
0.000000
0.000000
0.000000
0.000000
0.000000
0.000000
0.000000
0.000000
0.000000
0.000000
0.000000
0.000000
0.000000
0.000000
0.000000
0.000000
0.000000
0.000000
