0.000000
0.000000
0.000000
0.000000
0.000000
0.000000
0.000000
0.000000
0.000000
0.000000
0.000000
0.000000
0.000000
0.000000
0.000000
0.000000
0.000000
0.000000
0.000000
0.000000
0.000000
0.000000
0.000000
0.000000
0.000000
0.000000
0.000000
0.000000
0.000000
0.000000
0.000000
0.000000
0.000000
0.011765
0.019608
0.023529
0.023529
0.023529
0.023529
0.023529
0.023529
0.023529
0.023529
0.023529
0.023529
0.027451
0.027451
0.023529
0.019608
0.015686
0.007843
0.000000
0.000000
0.000000
0.000000
0.000000
0.000000
0.000000
0.000000
0.000000
0.000000
0.000000
0.000000
0.000000
0.000000
0.000000
0.000000
0.000000
0.000000
0.000000
0.000000
0.000000
0.000000
0.000000
0.000000
0.000000
0.000000
0.000000
0.000000
0.000000
0.000000
0.000000
0.000000
0.000000
0.000000
0.000000
0.003922
0.000000
0.011765
0.109804
0.188235
0.262745
0.286274
0.270588
0.282353
0.282353
0.278431
0.266667
0.262745
0.266667
0.286274
0.301961
0.301961
0.270588
0.215686
0.149020
0.066667
0.007843
0.000000
0.003922
0.000000
0.000000
0.000000
0.000000
0.015686
0.000000
0.078431
0.564706
0.749020
0.894118
0.945098
0.921569
0.949020
0.952941
0.937255
0.909804
0.898039
0.913725
0.956863
0.992157
0.992157
0.901961
0.800000
0.647059
0.337255
0.035294
0.000000
0.007843
0.000000
0.000000
0.000000
0.000000
0.027451
0.000000
0.145098
0.960784
1.000000
0.937255
0.960784
0.996078
0.992157
0.992157
0.988235
0.976471
0.968627
0.976471
0.984314
0.992157
0.972549
0.917647
0.972549
0.968627
0.576471
0.066667
0.000000
0.015686
0.000000
0.000000
0.000000
0.000000
0.027451
0.000000
0.156863
1.000000
0.984314
0.854902
0.909804
0.968627
0.945098
0.941176
0.941176
0.945098
0.945098
0.937255
0.929412
0.921569
0.890196
0.827451
0.929412
0.992157
0.584314
0.066667
0.000000
0.015686
0.000000
0.000000
0.000000
0.000000
0.027451
0.000000
0.160784
0.996078
0.921569
0.854902
0.929412
0.956863
0.945098
0.945098
0.945098
0.949020
0.952941
0.949020
0.945098
0.941176
0.925490
0.827451
0.898039
0.980392
0.584314
0.070588
0.000000
0.015686
0.000000
0.000000
0.000000
0.000000
0.027451
0.000000
0.160784
1.000000
0.909804
0.882353
0.968627
0.984314
0.980392
0.980392
0.984314
0.984314
0.984314
0.984314
0.988235
0.988235
0.972549
0.862745
0.909804
0.984314
0.592157
0.070588
0.000000
0.015686
0.000000
0.000000
0.000000
0.000000
0.027451
0.000000
0.160784
1.000000
0.925490
0.882353
0.968627
1.000000
0.996078
0.996078
0.996078
0.992157
0.992157
0.992157
0.992157
0.992157
0.972549
0.866667
0.913725
0.984314
0.592157
0.070588
0.000000
0.015686
0.000000
0.000000
0.000000
0.000000
0.027451
0.000000
0.160784
1.000000
0.933333
0.886275
0.968627
1.000000
0.996078
0.996078
0.988235
0.984314
0.984314
0.984314
0.980392
0.980392
0.980392
0.874510
0.917647
0.984314
0.592157
0.070588
0.000000
0.015686
0.000000
0.000000
0.000000
0.000000
0.027451
0.000000
0.160784
1.000000
0.937255
0.882353
0.960784
0.996078
0.988235
0.984314
0.980392
0.976471
0.976471
0.972549
0.968627
0.968627
0.976471
0.882353
0.921569
0.980392
0.580392
0.066667
0.000000
0.015686
0.000000
0.000000
0.000000
0.000000
0.027451
0.000000
0.160784
1.000000
0.937255
0.866667
0.952941
1.000000
0.996078
0.992157
0.988235
0.984314
0.984314
0.980392
0.976471
0.976471
0.980392
0.878431
0.917647
0.976471
0.572549
0.066667
0.000000
0.015686
0.000000
0.000000
0.000000
0.000000
0.027451
0.000000
0.160784
1.000000
0.937255
0.858824
0.949020
1.000000
0.996078
0.996078
0.996078
0.992157
0.992157
0.992157
0.988235
0.988235
0.980392
0.866667
0.913725
0.972549
0.572549
0.066667
0.000000
0.015686
0.000000
0.000000
0.000000
0.000000
0.027451
0.000000
0.160784
1.000000
0.945098
0.862745
0.945098
1.000000
0.992157
0.992157
0.996078
0.988235
0.988235
0.992157
0.988235
0.988235
0.972549
0.858824
0.905882
0.972549
0.576471
0.066667
0.000000
0.015686
0.000000
0.000000
0.000000
0.000000
0.027451
0.000000
0.160784
1.000000
0.952941
0.870588
0.949020
1.000000
0.996078
0.992157
0.992157
0.988235
0.988235
0.988235
0.988235
0.992157
0.968627
0.858824
0.909804
0.976471
0.580392
0.066667
0.000000
0.015686
0.000000
0.000000
0.000000
0.000000
0.027451
0.000000
0.160784
1.000000
0.952941
0.878431
0.952941
1.000000
0.996078
0.996078
0.996078
0.996078
0.996078
0.996078
0.996078
0.996078
0.968627
0.854902
0.909804
0.980392
0.584314
0.070588
0.000000
0.015686
0.000000
0.000000
0.000000
0.000000
0.027451
0.000000
0.156863
0.980392
0.921569
0.878431
0.937255
0.956863
0.960784
0.976471
0.992157
0.996078
0.996078
0.996078
0.992157
0.984314
0.972549
0.835294
0.878431
0.988235
0.596078
0.070588
0.000000
0.015686
0.000000
0.000000
0.000000
0.000000
0.027451
0.000000
0.160784
0.992157
0.929412
0.890196
0.933333
0.929412
0.937255
0.952941
0.968627
0.980392
0.980392
0.980392
0.972549
0.964706
1.000000
0.878431
0.894118
0.972549
0.552941
0.062745
0.000000
0.015686
0.000000
0.000000
0.000000
0.000000
0.027451
0.000000
0.160784
1.000000
0.925490
0.835294
0.905882
0.956863
0.952941
0.964706
0.972549
0.980392
0.980392
0.980392
0.980392
0.980392
0.960784
0.847059
0.894118
0.956863
0.533333
0.058824
0.000000
0.015686
0.000000
0.000000
0.000000
0.000000
0.027451
0.000000
0.160784
1.000000
0.945098
0.831373
0.898039
0.968627
0.956863
0.960784
0.960784
0.960784
0.960784
0.960784
0.960784
0.968627
0.894118
0.819608
0.921569
0.968627
0.584314
0.070588
0.000000
0.015686
0.000000
0.000000
0.000000
0.000000
0.027451
0.000000
0.145098
0.937255
1.000000
0.949020
0.960784
0.972549
0.964706
0.964706
0.960784
0.956863
0.956863
0.956863
0.956863
0.960784
0.929412
0.921569
1.000000
0.980392
0.607843
0.074510
0.000000
0.015686
0.000000
0.000000
0.000000
0.000000
0.019608
0.000000
0.094118
0.686275
0.917647
0.960784
0.964706
0.976471
0.972549
0.968627
0.968627
0.968627
0.968627
0.972549
0.976471
0.980392
0.980392
0.968627
0.972549
0.854902
0.474510
0.050980
0.000000
0.011765
0.000000
0.000000
0.000000
0.000000
0.011765
0.000000
0.035294
0.309804
0.580392
0.647059
0.619608
0.619608
0.619608
0.623529
0.627451
0.639216
0.647059
0.658823
0.662745
0.666667
0.717647
0.721569
0.643137
0.482353
0.223529
0.019608
0.000000
0.003922
0.000000
0.000000
0.000000
0.000000
0.000000
0.000000
0.003922
0.043137
0.125490
0.149020
0.133333
0.129412
0.133333
0.133333
0.137255
0.141176
0.145098
0.149020
0.152941
0.152941
0.172549
0.180392
0.145098
0.094118
0.035294
0.003922
0.000000
0.000000
0.000000
0.000000
0.000000
0.000000
0.000000
0.000000
0.000000
0.000000
0.000000
0.000000
0.000000
0.000000
0.000000
0.000000
0.000000
0.000000
0.000000
0.000000
0.000000
0.000000
0.000000
0.000000
0.000000
0.000000
0.000000
0.000000
0.000000
0.000000
0.000000
0.000000
0.000000
0.000000
0.000000
0.000000
0.000000
0.007843
0.011765
0.015686
0.015686
0.015686
0.015686
0.015686
0.015686
0.015686
0.015686
0.015686
0.015686
0.015686
0.015686
0.015686
0.015686
0.011765
0.003922
0.000000
0.000000
0.000000
0.000000
0.000000
0.000000
0.000000
0.000000
0.000000
0.000000
0.000000
0.000000
0.000000
0.000000
0.000000
0.000000
0.000000
0.000000
0.000000
0.000000
0.000000
0.000000
0.000000
0.000000
0.000000
0.000000
0.000000
0.000000
0.000000
0.000000
0.000000
0.000000
0.000000
