0.000000
0.000000
0.000000
0.000000
0.000000
0.000000
0.000000
0.000000
0.000000
0.000000
0.000000
0.000000
0.000000
0.000000
0.000000
0.000000
0.000000
0.000000
0.000000
0.000000
0.000000
0.000000
0.000000
0.000000
0.000000
0.000000
0.000000
0.000000
0.000000
0.000000
0.000000
0.000000
0.004292
0.017167
0.021459
0.021459
0.025751
0.025751
0.021459
0.021459
0.021459
0.021459
0.021459
0.021459
0.021459
0.021459
0.021459
0.021459
0.021459
0.012876
0.000000
0.000000
0.000000
0.000000
0.000000
0.000000
0.000000
0.000000
0.000000
0.000000
0.000000
0.000000
0.000000
0.000000
0.000000
0.000000
0.000000
0.000000
0.000000
0.000000
0.000000
0.000000
0.000000
0.000000
0.000000
0.000000
0.000000
0.000000
0.000000
0.000000
0.000000
0.000000
0.000000
0.000000
0.000000
0.000000
0.004292
0.000000
0.030043
0.193133
0.218884
0.253219
0.283262
0.278970
0.257511
0.240343
0.240343
0.244635
0.257511
0.257511
0.240343
0.240343
0.257511
0.257511
0.227468
0.137339
0.000000
0.000000
0.004292
0.000000
0.000000
0.000000
0.000000
0.000000
0.021459
0.000000
0.098712
0.660944
0.785408
0.858369
0.922747
0.914163
0.871245
0.824034
0.819743
0.841202
0.871245
0.871245
0.828326
0.828326
0.849785
0.854077
0.811159
0.532189
0.004292
0.000000
0.008584
0.000000
0.000000
0.000000
0.000000
0.000000
0.021459
0.000000
0.107296
0.738197
0.927039
0.939914
0.927039
0.931331
0.935622
0.905579
0.914163
0.931331
0.939914
0.931331
0.905579
0.914163
0.892704
0.879828
0.944206
0.703863
0.008584
0.000000
0.012876
0.000000
0.000000
0.000000
0.000000
0.000000
0.021459
0.000000
0.111588
0.772532
0.952790
0.957082
0.939914
0.952790
0.974249
0.948498
0.957082
0.974249
0.961373
0.931331
0.914163
0.935622
0.909871
0.892704
0.961373
0.733906
0.008584
0.000000
0.012876
0.000000
0.000000
0.000000
0.000000
0.000000
0.021459
0.000000
0.111588
0.776824
0.944206
0.939914
0.922747
0.935622
0.961373
0.939914
0.944206
0.961373
0.935622
0.896996
0.896996
0.927039
0.896996
0.875537
0.944206
0.721030
0.008584
0.000000
0.012876
0.000000
0.000000
0.000000
0.000000
0.000000
0.021459
0.000000
0.107296
0.763948
0.935622
0.922747
0.892704
0.896996
0.914163
0.884120
0.892704
0.901288
0.901288
0.892704
0.888412
0.914163
0.884120
0.858369
0.927039
0.708154
0.008584
0.000000
0.012876
0.000000
0.000000
0.000000
0.000000
0.000000
0.021459
0.000000
0.107296
0.746781
0.927039
0.918455
0.884120
0.875537
0.875537
0.836910
0.854077
0.862661
0.888412
0.909871
0.892704
0.918455
0.896996
0.871245
0.944206
0.721030
0.008584
0.000000
0.012876
0.000000
0.000000
0.000000
0.000000
0.000000
0.021459
0.000000
0.107296
0.746781
0.927039
0.935622
0.905579
0.888412
0.879828
0.845494
0.862661
0.884120
0.914163
0.922747
0.905579
0.931331
0.918455
0.905579
0.987124
0.755365
0.008584
0.000000
0.012876
0.000000
0.000000
0.000000
0.000000
0.000000
0.021459
0.000000
0.107296
0.746781
0.931331
0.939914
0.914163
0.909871
0.905579
0.875537
0.892704
0.922747
0.922747
0.901288
0.896996
0.931331
0.918455
0.914163
1.000000
0.768240
0.008584
0.000000
0.012876
0.000000
0.000000
0.000000
0.000000
0.000000
0.021459
0.000000
0.111588
0.759657
0.935622
0.935622
0.909871
0.927039
0.944206
0.918455
0.922747
0.935622
0.909871
0.871245
0.879828
0.918455
0.905579
0.896996
0.978541
0.742489
0.008584
0.000000
0.012876
0.000000
0.000000
0.000000
0.000000
0.000000
0.021459
0.000000
0.120172
0.811159
0.961373
0.927039
0.909871
0.944206
0.987124
0.965665
0.948498
0.939914
0.901288
0.866953
0.888412
0.939914
0.918455
0.879828
0.939914
0.716738
0.008584
0.000000
0.012876
0.000000
0.000000
0.000000
0.000000
0.000000
0.021459
0.000000
0.115880
0.793991
0.957082
0.939914
0.914163
0.939914
0.987124
0.965665
0.944206
0.914163
0.888412
0.875537
0.884120
0.901288
0.892704
0.875537
0.931331
0.703863
0.008584
0.000000
0.012876
0.000000
0.000000
0.000000
0.000000
0.000000
0.021459
0.000000
0.107296
0.751073
0.935622
0.939914
0.901288
0.909871
0.948498
0.931331
0.922747
0.896996
0.879828
0.884120
0.866953
0.841202
0.849785
0.875537
0.939914
0.699571
0.008584
0.000000
0.012876
0.000000
0.000000
0.000000
0.000000
0.000000
0.021459
0.000000
0.115880
0.789699
0.944206
0.918455
0.879828
0.896996
0.939914
0.927039
0.922747
0.909871
0.896996
0.896996
0.892704
0.879828
0.879828
0.884120
0.944206
0.703863
0.008584
0.000000
0.012876
0.000000
0.000000
0.000000
0.000000
0.000000
0.021459
0.000000
0.120172
0.811159
0.952790
0.914163
0.892704
0.922747
0.952790
0.935622
0.935622
0.931331
0.927039
0.927039
0.927039
0.918455
0.909871
0.909871
0.969957
0.729614
0.008584
0.000000
0.012876
0.000000
0.000000
0.000000
0.000000
0.000000
0.021459
0.000000
0.115880
0.789699
0.935622
0.922747
0.909871
0.939914
0.961373
0.927039
0.922747
0.927039
0.931331
0.931331
0.931331
0.922747
0.914163
0.918455
0.982833
0.746781
0.008584
0.000000
0.012876
0.000000
0.000000
0.000000
0.000000
0.000000
0.021459
0.000000
0.107296
0.746781
0.909871
0.918455
0.909871
0.927039
0.935622
0.888412
0.888412
0.918455
0.918455
0.901288
0.901288
0.888412
0.884120
0.901288
0.974249
0.738197
0.008584
0.000000
0.012876
0.000000
0.000000
0.000000
0.000000
0.000000
0.021459
0.000000
0.107296
0.746781
0.927039
0.935622
0.914163
0.905579
0.905579
0.875537
0.901288
0.948498
0.927039
0.884120
0.896996
0.884120
0.879828
0.896996
0.982833
0.742489
0.008584
0.000000
0.012876
0.000000
0.000000
0.000000
0.000000
0.000000
0.021459
0.000000
0.107296
0.755365
0.948498
0.952790
0.909871
0.884120
0.896996
0.892704
0.927039
0.965665
0.931331
0.888412
0.909871
0.905579
0.892704
0.896996
0.982833
0.746781
0.008584
0.000000
0.012876
0.000000
0.000000
0.000000
0.000000
0.000000
0.017167
0.000000
0.094421
0.678112
0.884120
0.905579
0.854077
0.836910
0.866953
0.879828
0.892704
0.875537
0.845494
0.849785
0.879828
0.884120
0.854077
0.836910
0.901288
0.690987
0.008584
0.000000
0.012876
0.000000
0.000000
0.000000
0.000000
0.000000
0.012876
0.000000
0.077253
0.575107
0.811159
0.858369
0.819743
0.815451
0.866953
0.879828
0.858369
0.763948
0.742489
0.819743
0.862661
0.871245
0.824034
0.785408
0.828326
0.626609
0.008584
0.000000
0.008584
0.000000
0.000000
0.000000
0.000000
0.000000
0.004292
0.000000
0.021459
0.163090
0.240343
0.257511
0.248927
0.248927
0.266094
0.270386
0.261803
0.218884
0.214592
0.248927
0.261803
0.266094
0.248927
0.236051
0.244635
0.184549
0.004292
0.000000
0.004292
0.000000
0.000000
0.000000
0.000000
0.000000
0.000000
0.000000
0.000000
0.000000
0.000000
0.000000
0.000000
0.000000
0.000000
0.000000
0.000000
0.000000
0.000000
0.000000
0.000000
0.000000
0.000000
0.000000
0.000000
0.000000
0.000000
0.000000
0.000000
0.000000
0.000000
0.000000
0.000000
0.000000
0.000000
0.000000
0.000000
0.012876
0.021459
0.021459
0.021459
0.021459
0.021459
0.021459
0.021459
0.021459
0.017167
0.021459
0.021459
0.021459
0.021459
0.021459
0.021459
0.017167
0.000000
0.000000
0.000000
0.000000
0.000000
0.000000
0.000000
0.000000
0.000000
0.000000
0.000000
0.000000
0.000000
0.000000
0.000000
0.000000
0.000000
0.000000
0.000000
0.000000
0.000000
0.000000
0.000000
0.000000
0.000000
0.000000
0.000000
0.000000
0.000000
0.000000
0.000000
0.000000
0.000000
0.000000
