0.000000
0.000000
0.000000
0.000000
0.000000
0.000000
0.000000
0.000000
0.000000
0.000000
0.000000
0.000000
0.000000
0.000000
0.000000
0.000000
0.000000
0.000000
0.000000
0.000000
0.000000
0.000000
0.000000
0.000000
0.000000
0.000000
0.000000
0.000000
0.000000
0.000000
0.000000
0.000000
0.000000
0.007843
0.011765
0.015686
0.015686
0.015686
0.015686
0.015686
0.015686
0.015686
0.015686
0.015686
0.015686
0.015686
0.015686
0.015686
0.015686
0.011765
0.003922
0.000000
0.000000
0.000000
0.000000
0.000000
0.000000
0.000000
0.000000
0.000000
0.000000
0.000000
0.000000
0.000000
0.000000
0.000000
0.000000
0.000000
0.000000
0.000000
0.000000
0.000000
0.000000
0.000000
0.000000
0.000000
0.000000
0.000000
0.000000
0.000000
0.000000
0.000000
0.000000
0.000000
0.000000
0.000000
0.003922
0.000000
0.003922
0.047059
0.125490
0.156863
0.156863
0.164706
0.164706
0.160784
0.149020
0.145098
0.145098
0.156863
0.164706
0.145098
0.164706
0.172549
0.145098
0.094118
0.027451
0.000000
0.000000
0.000000
0.000000
0.000000
0.000000
0.000000
0.007843
0.000000
0.027451
0.286274
0.560784
0.674510
0.690196
0.698039
0.701961
0.690196
0.666667
0.650980
0.654902
0.682353
0.698039
0.658823
0.698039
0.709804
0.643137
0.490196
0.247059
0.023529
0.000000
0.003922
0.000000
0.000000
0.000000
0.000000
0.015686
0.000000
0.078431
0.603922
0.878431
0.988235
1.000000
0.992157
0.996078
1.000000
0.996078
0.984314
0.984314
0.996078
0.996078
1.000000
1.000000
0.992157
0.964706
0.866667
0.623529
0.082353
0.000000
0.015686
0.000000
0.000000
0.000000
0.000000
0.023529
0.000000
0.125490
0.847059
1.000000
0.972549
0.949020
0.964706
0.968627
0.972549
0.968627
0.960784
0.956863
0.964706
0.968627
0.988235
0.984314
0.996078
1.000000
1.000000
0.909804
0.133333
0.000000
0.027451
0.000000
0.000000
0.000000
0.000000
0.027451
0.000000
0.145098
0.929412
0.988235
0.929412
0.933333
0.949020
0.956863
0.960784
0.960784
0.960784
0.960784
0.956863
0.956863
0.972549
0.968627
0.964706
0.945098
0.996078
1.000000
0.156863
0.000000
0.027451
0.000000
0.000000
0.000000
0.000000
0.027451
0.000000
0.145098
0.933333
0.972549
0.933333
0.945098
0.941176
0.952941
0.980392
0.988235
0.988235
0.988235
0.976471
0.976471
0.996078
0.984314
0.956863
0.937255
0.988235
0.956863
0.149020
0.000000
0.027451
0.000000
0.000000
0.000000
0.000000
0.027451
0.000000
0.141176
0.921569
0.988235
0.941176
0.925490
0.917647
0.933333
0.968627
0.988235
0.984314
0.976471
0.968627
0.972549
0.996078
0.980392
0.945098
0.960784
1.000000
0.909804
0.137255
0.000000
0.027451
0.000000
0.000000
0.000000
0.000000
0.023529
0.000000
0.137255
0.898039
0.996078
0.949020
0.933333
0.937255
0.945098
0.968627
0.980392
0.972549
0.964706
0.968627
0.976471
0.988235
0.972549
0.945098
0.960784
1.000000
0.933333
0.141176
0.000000
0.027451
0.000000
0.000000
0.000000
0.000000
0.023529
0.000000
0.129412
0.878431
0.996078
0.960784
0.949020
0.952941
0.956863
0.964706
0.964706
0.956863
0.952941
0.964706
0.976471
0.976471
0.960784
0.945098
0.960784
1.000000
0.945098
0.141176
0.000000
0.027451
0.000000
0.000000
0.000000
0.000000
0.023529
0.000000
0.133333
0.882353
0.988235
0.960784
0.964706
0.964706
0.968627
0.956863
0.952941
0.945098
0.945098
0.964706
0.976471
0.968627
0.952941
0.945098
0.960784
1.000000
0.949020
0.145098
0.000000
0.027451
0.000000
0.000000
0.000000
0.000000
0.027451
0.000000
0.137255
0.901961
0.980392
0.956863
0.976471
0.976471
0.968627
0.952941
0.941176
0.937255
0.945098
0.964706
0.976471
0.968627
0.952941
0.945098
0.964706
1.000000
0.949020
0.141176
0.000000
0.027451
0.000000
0.000000
0.000000
0.000000
0.027451
0.000000
0.145098
0.933333
0.984314
0.956863
0.972549
0.976471
0.964706
0.945098
0.937255
0.937255
0.952941
0.968627
0.976471
0.968627
0.952941
0.945098
0.964706
1.000000
0.941176
0.141176
0.000000
0.027451
0.000000
0.000000
0.000000
0.000000
0.027451
0.000000
0.145098
0.945098
1.000000
0.956863
0.968627
0.972549
0.956863
0.941176
0.937255
0.949020
0.964706
0.976471
0.976471
0.972549
0.956863
0.949020
0.960784
1.000000
0.937255
0.141176
0.000000
0.027451
0.000000
0.000000
0.000000
0.000000
0.027451
0.000000
0.141176
0.933333
1.000000
0.956863
0.964706
0.964706
0.949020
0.933333
0.937255
0.960784
0.976471
0.976471
0.972549
0.980392
0.964706
0.949020
0.960784
1.000000
0.937255
0.141176
0.000000
0.027451
0.000000
0.000000
0.000000
0.000000
0.027451
0.000000
0.137255
0.913725
0.996078
0.952941
0.956863
0.956863
0.941176
0.929412
0.941176
0.968627
0.988235
0.980392
0.968627
0.980392
0.964706
0.952941
0.968627
1.000000
0.941176
0.141176
0.000000
0.027451
0.000000
0.000000
0.000000
0.000000
0.027451
0.000000
0.149020
0.968627
1.000000
0.960784
0.960784
0.960784
0.952941
0.949020
0.952941
0.960784
0.972549
0.972549
0.972549
0.988235
0.992157
0.949020
0.941176
1.000000
0.925490
0.137255
0.000000
0.023529
0.000000
0.000000
0.000000
0.000000
0.027451
0.000000
0.156863
0.996078
0.992157
0.960784
0.972549
0.972549
0.968627
0.964706
0.964706
0.964706
0.964706
0.972549
0.976471
0.984314
0.996078
0.964706
0.952941
1.000000
0.898039
0.133333
0.000000
0.023529
0.000000
0.000000
0.000000
0.000000
0.027451
0.000000
0.149020
0.956863
0.980392
0.949020
0.972549
0.968627
0.968627
0.968627
0.968627
0.968627
0.968627
0.968627
0.964706
0.956863
0.945098
0.956863
0.980392
0.996078
0.945098
0.145098
0.000000
0.023529
0.000000
0.000000
0.000000
0.000000
0.027451
0.000000
0.137255
0.913725
1.000000
0.952941
0.949020
0.956863
0.956863
0.960784
0.960784
0.956863
0.956863
0.956863
0.952941
0.933333
0.901961
0.937255
0.980392
1.000000
1.000000
0.156863
0.000000
0.027451
0.000000
0.000000
0.000000
0.000000
0.023529
0.000000
0.121569
0.835294
1.000000
0.964706
0.937255
0.952941
0.956863
0.964706
0.972549
0.972549
0.968627
0.968627
0.968627
0.949020
0.945098
0.972549
0.984314
0.992157
0.890196
0.133333
0.000000
0.023529
0.000000
0.000000
0.000000
0.000000
0.015686
0.000000
0.078431
0.572549
0.819608
1.000000
1.000000
1.000000
1.000000
1.000000
1.000000
1.000000
1.000000
1.000000
1.000000
1.000000
1.000000
1.000000
1.000000
0.866667
0.580392
0.074510
0.000000
0.015686
0.000000
0.000000
0.000000
0.000000
0.003922
0.000000
0.015686
0.137255
0.223529
0.313725
0.345098
0.337255
0.345098
0.349020
0.349020
0.349020
0.349020
0.349020
0.349020
0.341176
0.345098
0.352941
0.325490
0.247059
0.133333
0.015686
0.000000
0.003922
0.000000
0.000000
0.000000
0.000000
0.000000
0.000000
0.000000
0.000000
0.000000
0.000000
0.000000
0.000000
0.000000
0.000000
0.000000
0.000000
0.000000
0.000000
0.000000
0.000000
0.000000
0.000000
0.000000
0.000000
0.000000
0.000000
0.000000
0.000000
0.000000
0.000000
0.000000
0.000000
0.000000
0.000000
0.000000
0.015686
0.019608
0.027451
0.027451
0.027451
0.027451
0.027451
0.027451
0.027451
0.027451
0.027451
0.027451
0.027451
0.027451
0.027451
0.027451
0.023529
0.015686
0.000000
0.000000
0.000000
0.000000
0.000000
0.000000
0.000000
0.000000
0.000000
0.000000
0.000000
0.000000
0.000000
0.000000
0.000000
0.000000
0.000000
0.000000
0.000000
0.000000
0.000000
0.000000
0.000000
0.000000
0.000000
0.000000
0.000000
0.000000
0.000000
0.000000
0.000000
0.000000
0.000000
