0.000000
0.000000
0.000000
0.000000
0.000000
0.000000
0.000000
0.000000
0.000000
0.000000
0.000000
0.000000
0.000000
0.000000
0.000000
0.000000
0.000000
0.000000
0.000000
0.000000
0.000000
0.000000
0.000000
0.000000
0.000000
0.000000
0.000000
0.000000
0.000000
0.000000
0.000000
0.000000
0.000000
0.011765
0.015686
0.019608
0.019608
0.019608
0.015686
0.015686
0.015686
0.015686
0.015686
0.015686
0.015686
0.019608
0.019608
0.019608
0.015686
0.011765
0.003922
0.000000
0.000000
0.000000
0.000000
0.000000
0.000000
0.000000
0.000000
0.000000
0.000000
0.000000
0.000000
0.000000
0.000000
0.000000
0.000000
0.000000
0.000000
0.000000
0.000000
0.000000
0.000000
0.000000
0.000000
0.000000
0.000000
0.000000
0.000000
0.000000
0.000000
0.000000
0.000000
0.000000
0.000000
0.000000
0.003922
0.000000
0.015686
0.125490
0.176471
0.192157
0.184314
0.180392
0.180392
0.176471
0.180392
0.180392
0.180392
0.176471
0.176471
0.192157
0.200000
0.192157
0.156863
0.090196
0.027451
0.000000
0.000000
0.000000
0.000000
0.000000
0.000000
0.000000
0.015686
0.000000
0.070588
0.521569
0.713725
0.752941
0.741176
0.729412
0.729412
0.725490
0.725490
0.725490
0.725490
0.721569
0.721569
0.745098
0.760784
0.756863
0.658823
0.439216
0.196078
0.019608
0.000000
0.003922
0.000000
0.000000
0.000000
0.000000
0.019608
0.000000
0.109804
0.772549
0.976471
0.992157
0.992157
0.996078
1.000000
1.000000
1.000000
1.000000
1.000000
1.000000
1.000000
0.976471
0.972549
0.992157
0.949020
0.760784
0.462745
0.054902
0.000000
0.011765
0.000000
0.000000
0.000000
0.000000
0.023529
0.000000
0.133333
0.890196
1.000000
0.976471
0.964706
1.000000
1.000000
1.000000
1.000000
1.000000
1.000000
1.000000
1.000000
1.000000
0.988235
0.996078
1.000000
0.937255
0.662745
0.086275
0.000000
0.019608
0.000000
0.000000
0.000000
0.000000
0.023529
0.000000
0.137255
0.901961
0.984314
0.890196
0.882353
0.937255
0.964706
0.964706
0.960784
0.964706
0.972549
0.964706
0.968627
0.996078
0.937255
0.937255
0.968627
0.901961
0.662745
0.090196
0.000000
0.015686
0.000000
0.000000
0.000000
0.000000
0.023529
0.000000
0.137255
0.898039
0.980392
0.890196
0.901961
0.960784
0.976471
0.980392
0.976471
0.980392
0.984314
0.980392
0.976471
1.000000
0.913725
0.937255
0.964706
0.835294
0.596078
0.082353
0.000000
0.015686
0.000000
0.000000
0.000000
0.000000
0.023529
0.000000
0.137255
0.917647
0.992157
0.917647
0.933333
1.000000
1.000000
1.000000
1.000000
0.996078
0.996078
1.000000
0.988235
0.980392
0.921569
0.968627
0.992157
0.843137
0.588235
0.078431
0.000000
0.015686
0.000000
0.000000
0.000000
0.000000
0.027451
0.000000
0.141176
0.933333
1.000000
0.894118
0.901961
0.980392
1.000000
0.992157
0.968627
0.968627
0.980392
0.984314
0.972549
0.964706
0.925490
0.968627
0.984314
0.843137
0.592157
0.078431
0.000000
0.015686
0.000000
0.000000
0.000000
0.000000
0.027451
0.000000
0.141176
0.933333
0.992157
0.882353
0.901961
0.980392
1.000000
0.996078
0.976471
0.984314
0.996078
1.000000
0.996078
0.992157
0.929412
0.976471
0.964706
0.780392
0.564706
0.074510
0.000000
0.015686
0.000000
0.000000
0.000000
0.000000
0.023529
0.000000
0.137255
0.917647
1.000000
0.909804
0.925490
0.996078
0.996078
0.988235
0.988235
0.996078
0.988235
0.988235
1.000000
0.984314
0.929412
0.968627
0.984314
0.847059
0.603922
0.082353
0.000000
0.015686
0.000000
0.000000
0.000000
0.000000
0.023529
0.000000
0.133333
0.898039
0.996078
0.909804
0.925490
1.000000
0.992157
0.976471
0.980392
0.988235
0.976471
0.976471
0.988235
0.984314
0.941176
0.972549
0.996078
0.890196
0.627451
0.082353
0.000000
0.015686
0.000000
0.000000
0.000000
0.000000
0.023529
0.000000
0.133333
0.894118
0.992157
0.901961
0.921569
0.996078
0.992157
0.972549
0.976471
0.984314
0.980392
0.972549
0.984314
0.992157
0.956863
0.976471
0.996078
0.890196
0.627451
0.082353
0.000000
0.015686
0.000000
0.000000
0.000000
0.000000
0.023529
0.000000
0.137255
0.905882
1.000000
0.909804
0.925490
1.000000
0.996078
0.980392
0.984314
0.992157
0.988235
0.984314
0.996078
0.996078
0.956863
0.976471
0.996078
0.882353
0.615686
0.082353
0.000000
0.015686
0.000000
0.000000
0.000000
0.000000
0.027451
0.000000
0.137255
0.917647
1.000000
0.909804
0.925490
1.000000
0.996078
0.980392
0.984314
0.992157
0.988235
0.984314
0.996078
0.996078
0.949020
0.972549
0.988235
0.854902
0.588235
0.078431
0.000000
0.015686
0.000000
0.000000
0.000000
0.000000
0.023529
0.000000
0.137255
0.905882
1.000000
0.898039
0.909804
0.988235
0.988235
0.972549
0.976471
0.984314
0.980392
0.976471
0.988235
0.992157
0.945098
0.968627
0.972549
0.831373
0.564706
0.074510
0.000000
0.015686
0.000000
0.000000
0.000000
0.000000
0.023529
0.000000
0.137255
0.901961
0.996078
0.898039
0.917647
0.992157
0.992157
0.976471
0.980392
0.988235
0.984314
0.988235
0.996078
0.992157
0.941176
0.968627
0.972549
0.831373
0.560784
0.074510
0.000000
0.015686
0.000000
0.000000
0.000000
0.000000
0.023529
0.000000
0.137255
0.901961
1.000000
0.901961
0.917647
0.992157
0.996078
0.980392
0.984314
0.992157
0.988235
0.992157
1.000000
0.976471
0.925490
0.968627
0.984314
0.847059
0.576471
0.078431
0.000000
0.015686
0.000000
0.000000
0.000000
0.000000
0.023529
0.000000
0.137255
0.909804
0.996078
0.882353
0.894118
0.980392
0.988235
0.964706
0.968627
0.980392
0.976471
0.976471
0.988235
0.956863
0.913725
0.968627
0.992157
0.847059
0.584314
0.078431
0.000000
0.015686
0.000000
0.000000
0.000000
0.000000
0.023529
0.000000
0.133333
0.890196
0.988235
0.854902
0.847059
0.929412
0.933333
0.917647
0.917647
0.929412
0.925490
0.925490
0.937255
0.913725
0.882353
0.952941
1.000000
0.882353
0.607843
0.078431
0.000000
0.015686
0.000000
0.000000
0.000000
0.000000
0.023529
0.000000
0.117647
0.819608
0.980392
0.878431
0.827451
0.862745
0.870588
0.874510
0.866667
0.866667
0.866667
0.878431
0.886275
0.854902
0.847059
0.929412
0.996078
0.949020
0.611765
0.074510
0.000000
0.015686
0.000000
0.000000
0.000000
0.000000
0.023529
0.000000
0.113725
0.800000
1.000000
1.000000
1.000000
1.000000
1.000000
1.000000
1.000000
1.000000
1.000000
1.000000
1.000000
1.000000
1.000000
1.000000
0.984314
0.752941
0.407843
0.043137
0.000000
0.007843
0.000000
0.000000
0.000000
0.000000
0.007843
0.000000
0.035294
0.247059
0.313725
0.349020
0.360784
0.356863
0.360784
0.360784
0.360784
0.360784
0.360784
0.360784
0.360784
0.356863
0.360784
0.349020
0.298039
0.196078
0.090196
0.007843
0.000000
0.003922
0.000000
0.000000
0.000000
0.000000
0.000000
0.000000
0.000000
0.000000
0.000000
0.000000
0.000000
0.000000
0.000000
0.000000
0.000000
0.000000
0.000000
0.000000
0.000000
0.000000
0.000000
0.000000
0.000000
0.000000
0.000000
0.000000
0.000000
0.000000
0.000000
0.000000
0.000000
0.000000
0.000000
0.000000
0.003922
0.019608
0.027451
0.027451
0.027451
0.027451
0.027451
0.027451
0.027451
0.027451
0.027451
0.027451
0.027451
0.027451
0.027451
0.027451
0.027451
0.019608
0.007843
0.000000
0.000000
0.000000
0.000000
0.000000
0.000000
0.000000
0.000000
0.000000
0.000000
0.000000
0.000000
0.000000
0.000000
0.000000
0.000000
0.000000
0.000000
0.000000
0.000000
0.000000
0.000000
0.000000
0.000000
0.000000
0.000000
0.000000
0.000000
0.000000
0.000000
0.000000
0.000000
0.000000
