0.000000
0.000000
0.000000
0.000000
0.000000
0.000000
0.000000
0.000000
0.000000
0.000000
0.000000
0.000000
0.000000
0.000000
0.000000
0.000000
0.000000
0.000000
0.000000
0.000000
0.000000
0.000000
0.000000
0.000000
0.000000
0.000000
0.000000
0.000000
0.000000
0.000000
0.000000
0.000000
0.000000
0.000000
0.000000
0.000000
0.000000
0.075397
0.150794
0.198413
0.194444
0.150794
0.087302
0.023810
0.007937
0.011905
0.007937
0.000000
0.000000
0.000000
0.000000
0.000000
0.000000
0.000000
0.000000
0.000000
0.000000
0.000000
0.000000
0.000000
0.000000
0.000000
0.000000
0.003968
0.000000
0.333333
0.642857
0.849206
0.829365
0.626984
0.337302
0.063492
0.015873
0.035714
0.015873
0.000000
0.000000
0.000000
0.000000
0.000000
0.000000
0.000000
0.000000
0.000000
0.000000
0.000000
0.000000
0.000000
0.000000
0.000000
0.000000
0.003968
0.000000
0.369048
0.718254
0.960317
0.936508
0.698413
0.376984
0.067460
0.015873
0.039683
0.019841
0.000000
0.000000
0.000000
0.000000
0.000000
0.000000
0.000000
0.000000
0.000000
0.000000
0.000000
0.000000
0.000000
0.000000
0.000000
0.000000
0.003968
0.000000
0.309524
0.630952
0.837302
0.853175
0.662698
0.380952
0.091270
0.031746
0.051587
0.027778
0.000000
0.000000
0.000000
0.000000
0.000000
0.000000
0.000000
0.000000
0.000000
0.000000
0.000000
0.000000
0.000000
0.000000
0.000000
0.000000
0.003968
0.000000
0.218254
0.460317
0.662698
0.793651
0.694444
0.412698
0.091270
0.031746
0.059524
0.035714
0.000000
0.000000
0.000000
0.000000
0.000000
0.000000
0.000000
0.000000
0.000000
0.000000
0.000000
0.000000
0.000000
0.000000
0.000000
0.000000
0.000000
0.000000
0.126984
0.297619
0.480159
0.757937
0.757937
0.452381
0.083333
0.019841
0.059524
0.035714
0.000000
0.000000
0.000000
0.000000
0.000000
0.000000
0.000000
0.000000
0.000000
0.000000
0.000000
0.000000
0.000000
0.000000
0.000000
0.000000
0.000000
0.000000
0.059524
0.174603
0.341270
0.718254
0.793651
0.480159
0.079365
0.011905
0.055556
0.031746
0.000000
0.000000
0.000000
0.000000
0.000000
0.000000
0.000000
0.000000
0.000000
0.000000
0.000000
0.000000
0.000000
0.000000
0.000000
0.000000
0.000000
0.000000
0.039683
0.123016
0.277778
0.694444
0.805556
0.500000
0.099206
0.011905
0.035714
0.023810
0.000000
0.000000
0.000000
0.000000
0.000000
0.000000
0.000000
0.000000
0.000000
0.000000
0.000000
0.000000
0.000000
0.000000
0.000000
0.000000
0.000000
0.000000
0.043651
0.111111
0.250000
0.666667
0.789683
0.503968
0.111111
0.007937
0.015873
0.011905
0.000000
0.000000
0.000000
0.000000
0.000000
0.000000
0.000000
0.000000
0.000000
0.000000
0.000000
0.000000
0.000000
0.000000
0.000000
0.000000
0.000000
0.000000
0.043651
0.103175
0.218254
0.615079
0.742064
0.476190
0.107143
0.007937
0.023810
0.031746
0.000000
0.000000
0.000000
0.000000
0.000000
0.000000
0.000000
0.000000
0.000000
0.000000
0.000000
0.000000
0.000000
0.000000
0.000000
0.000000
0.000000
0.000000
0.031746
0.111111
0.230159
0.595238
0.690476
0.444444
0.103175
0.019841
0.043651
0.043651
0.000000
0.000000
0.000000
0.000000
0.000000
0.000000
0.000000
0.000000
0.000000
0.000000
0.000000
0.000000
0.000000
0.000000
0.000000
0.000000
0.000000
0.000000
0.039683
0.130952
0.265873
0.587302
0.666667
0.428571
0.123016
0.051587
0.063492
0.039683
0.000000
0.000000
0.000000
0.000000
0.000000
0.000000
0.000000
0.000000
0.000000
0.000000
0.000000
0.000000
0.000000
0.000000
0.000000
0.000000
0.000000
0.000000
0.075397
0.198413
0.353175
0.599206
0.642857
0.444444
0.202381
0.130952
0.115079
0.059524
0.000000
0.000000
0.000000
0.000000
0.000000
0.000000
0.000000
0.000000
0.000000
0.000000
0.000000
0.000000
0.000000
0.000000
0.000000
0.000000
0.000000
0.000000
0.126984
0.297619
0.472222
0.638889
0.658730
0.511905
0.341270
0.277778
0.234127
0.134921
0.000000
0.000000
0.000000
0.000000
0.000000
0.000000
0.000000
0.000000
0.000000
0.000000
0.000000
0.000000
0.000000
0.000000
0.000000
0.000000
0.003968
0.000000
0.206349
0.444444
0.634921
0.734127
0.730159
0.638889
0.535714
0.476190
0.428571
0.265873
0.000000
0.003968
0.000000
0.000000
0.000000
0.000000
0.000000
0.000000
0.000000
0.000000
0.000000
0.000000
0.000000
0.000000
0.000000
0.000000
0.003968
0.000000
0.293651
0.583333
0.789683
0.825397
0.801587
0.773810
0.742064
0.698413
0.638889
0.408730
0.000000
0.003968
0.000000
0.000000
0.000000
0.000000
0.000000
0.000000
0.000000
0.000000
0.000000
0.000000
0.000000
0.000000
0.000000
0.000000
0.003968
0.000000
0.376984
0.690476
0.880952
0.896825
0.876984
0.888889
0.892857
0.876984
0.801587
0.527778
0.000000
0.003968
0.000000
0.000000
0.000000
0.000000
0.000000
0.000000
0.000000
0.000000
0.000000
0.000000
0.000000
0.000000
0.000000
0.000000
0.003968
0.000000
0.428571
0.761905
0.936508
0.936508
0.908730
0.936508
0.960317
0.940476
0.853175
0.563492
0.000000
0.003968
0.000000
0.000000
0.000000
0.000000
0.000000
0.000000
0.000000
0.000000
0.000000
0.000000
0.000000
0.000000
0.000000
0.000000
0.003968
0.000000
0.460317
0.781746
0.940476
0.952381
0.932540
0.948413
0.964286
0.940476
0.857143
0.567460
0.000000
0.003968
0.000000
0.000000
0.000000
0.000000
0.000000
0.000000
0.000000
0.000000
0.000000
0.000000
0.000000
0.000000
0.000000
0.000000
0.003968
0.000000
0.484127
0.801587
0.932540
0.960317
0.956349
0.944444
0.924603
0.900794
0.833333
0.555556
0.000000
0.003968
0.000000
0.000000
0.000000
0.000000
0.000000
0.000000
0.000000
0.000000
0.000000
0.000000
0.000000
0.000000
0.000000
0.000000
0.003968
0.000000
0.523809
0.837302
0.944444
0.984127
0.964286
0.928571
0.880952
0.841270
0.789683
0.551587
0.000000
0.003968
0.000000
0.000000
0.000000
0.000000
0.000000
0.000000
0.000000
0.000000
0.000000
0.000000
0.000000
0.000000
0.000000
0.000000
0.003968
0.000000
0.539683
0.841270
0.940476
1.000000
0.984127
0.928571
0.861111
0.829365
0.797619
0.559524
0.000000
0.003968
0.000000
0.000000
0.000000
0.000000
0.000000
0.000000
0.000000
0.000000
0.000000
0.000000
0.000000
0.000000
0.000000
0.000000
0.003968
0.000000
0.464286
0.769841
0.900794
0.984127
0.996032
0.956349
0.900794
0.916667
0.904762
0.607143
0.000000
0.003968
0.000000
0.000000
0.000000
0.000000
0.000000
0.000000
0.000000
0.000000
0.000000
0.000000
0.000000
0.000000
0.000000
0.000000
0.003968
0.000000
0.369048
0.650794
0.797619
0.884921
0.908730
0.888889
0.853175
0.888889
0.857143
0.559524
0.000000
0.003968
0.000000
0.000000
0.000000
0.000000
0.000000
0.000000
0.000000
0.000000
0.000000
0.000000
0.000000
0.000000
0.000000
0.000000
0.003968
0.000000
0.321429
0.559524
0.706349
0.777778
0.801587
0.777778
0.746032
0.773810
0.726191
0.464286
0.000000
0.003968
0.000000
0.000000
0.000000
0.000000
0.000000
0.000000
0.000000
0.000000
0.000000
0.000000
0.000000
0.000000
0.000000
0.000000
0.000000
0.000000
0.095238
0.162698
0.206349
0.226190
0.234127
0.226190
0.214286
0.214286
0.202381
0.126984
0.000000
0.000000
0.000000
0.000000
0.000000
0.000000
0.000000
0.000000
0.000000
0.000000
0.000000
0.000000
0.000000
0.000000
0.000000
0.000000
0.000000
0.000000
0.000000
0.000000
0.000000
0.000000
0.000000
0.000000
0.000000
0.000000
0.000000
0.000000
0.000000
0.000000
0.000000
0.000000
0.000000
0.000000
0.000000
0.000000
0.000000
