0.000000
0.000000
0.000000
0.000000
0.000000
0.000000
0.000000
0.000000
0.000000
0.000000
0.000000
0.000000
0.000000
0.000000
0.000000
0.000000
0.000000
0.000000
0.000000
0.000000
0.000000
0.000000
0.000000
0.000000
0.000000
0.000000
0.000000
0.000000
0.000000
0.000000
0.000000
0.000000
0.000000
0.003922
0.011765
0.015686
0.019608
0.019608
0.015686
0.015686
0.015686
0.015686
0.019608
0.019608
0.019608
0.019608
0.019608
0.019608
0.019608
0.015686
0.015686
0.003922
0.000000
0.000000
0.000000
0.000000
0.000000
0.000000
0.000000
0.000000
0.000000
0.000000
0.000000
0.000000
0.000000
0.000000
0.000000
0.000000
0.000000
0.000000
0.000000
0.000000
0.000000
0.000000
0.000000
0.000000
0.000000
0.000000
0.000000
0.000000
0.000000
0.000000
0.000000
0.000000
0.000000
0.000000
0.000000
0.000000
0.003922
0.039216
0.098039
0.168627
0.211765
0.203922
0.176471
0.164706
0.168627
0.176471
0.180392
0.184314
0.192157
0.200000
0.200000
0.203922
0.180392
0.156863
0.141176
0.023529
0.000000
0.003922
0.000000
0.000000
0.000000
0.000000
0.007843
0.000000
0.027451
0.254902
0.486274
0.694118
0.792157
0.772549
0.717647
0.698039
0.709804
0.733333
0.741176
0.749020
0.760784
0.780392
0.784314
0.788235
0.737255
0.682353
0.623529
0.094118
0.000000
0.019608
0.000000
0.000000
0.000000
0.000000
0.015686
0.000000
0.066667
0.533333
0.843137
0.972549
0.972549
0.960784
0.964706
0.980392
0.988235
0.996078
1.000000
1.000000
0.996078
0.996078
0.996078
0.992157
0.984314
1.000000
0.945098
0.141176
0.000000
0.027451
0.000000
0.000000
0.000000
0.000000
0.019608
0.000000
0.094118
0.701961
0.988235
1.000000
0.913725
0.866667
0.890196
0.890196
0.898039
0.898039
0.898039
0.894118
0.894118
0.901961
0.898039
0.858824
0.878431
1.000000
0.980392
0.152941
0.000000
0.027451
0.000000
0.000000
0.000000
0.000000
0.019608
0.000000
0.094118
0.717647
0.980392
0.992157
0.917647
0.894118
0.929412
0.941176
0.949020
0.949020
0.941176
0.937255
0.941176
0.949020
0.945098
0.925490
0.878431
0.937255
0.988235
0.156863
0.000000
0.027451
0.000000
0.000000
0.000000
0.000000
0.019608
0.000000
0.094118
0.705882
0.972549
0.996078
0.960784
0.956863
0.980392
1.000000
1.000000
1.000000
1.000000
1.000000
1.000000
1.000000
0.996078
0.972549
0.901961
0.937255
1.000000
0.160784
0.000000
0.027451
0.000000
0.000000
0.000000
0.000000
0.019608
0.000000
0.098039
0.717647
0.988235
1.000000
0.976471
0.972549
0.972549
0.976471
0.976471
0.976471
0.976471
0.980392
0.992157
0.992157
0.968627
0.921569
0.874510
0.952941
1.000000
0.160784
0.000000
0.027451
0.000000
0.000000
0.000000
0.000000
0.019608
0.000000
0.098039
0.713725
0.984314
1.000000
0.988235
0.992157
0.992157
0.988235
0.988235
0.984314
0.976471
0.984314
0.996078
0.996078
0.972549
0.941176
0.886275
0.952941
1.000000
0.160784
0.000000
0.027451
0.000000
0.000000
0.000000
0.000000
0.019608
0.000000
0.094118
0.701961
0.984314
1.000000
0.980392
0.984314
0.988235
0.988235
0.988235
0.980392
0.972549
0.972549
0.980392
0.988235
0.972549
0.941176
0.894118
0.956863
1.000000
0.160784
0.000000
0.027451
0.000000
0.000000
0.000000
0.000000
0.019608
0.000000
0.094118
0.705882
0.984314
1.000000
0.972549
0.972549
0.976471
0.988235
0.988235
0.976471
0.964706
0.960784
0.968627
0.976471
0.960784
0.937255
0.901961
0.968627
1.000000
0.156863
0.000000
0.027451
0.000000
0.000000
0.000000
0.000000
0.019608
0.000000
0.098039
0.725490
0.984314
1.000000
0.980392
0.980392
0.980392
0.988235
0.988235
0.984314
0.964706
0.960784
0.968627
0.972549
0.964706
0.941176
0.913725
0.984314
1.000000
0.156863
0.000000
0.027451
0.000000
0.000000
0.000000
0.000000
0.019608
0.000000
0.098039
0.729412
0.992157
1.000000
0.984314
0.984314
0.984314
0.996078
0.992157
0.992157
0.980392
0.968627
0.972549
0.980392
0.972549
0.952941
0.921569
0.992157
1.000000
0.156863
0.000000
0.027451
0.000000
0.000000
0.000000
0.000000
0.019608
0.000000
0.098039
0.705882
0.984314
1.000000
0.976471
0.972549
0.976471
0.996078
0.996078
0.996078
0.992157
0.976471
0.976471
0.984314
0.976471
0.956863
0.929412
0.992157
1.000000
0.156863
0.000000
0.027451
0.000000
0.000000
0.000000
0.000000
0.019608
0.000000
0.094118
0.694118
0.968627
0.996078
0.964706
0.964706
0.972549
0.988235
0.996078
1.000000
0.988235
0.976471
0.976471
0.976471
0.972549
0.949020
0.925490
0.996078
1.000000
0.156863
0.000000
0.027451
0.000000
0.000000
0.000000
0.000000
0.019608
0.000000
0.094118
0.705882
0.984314
1.000000
0.972549
0.972549
0.972549
0.972549
0.980392
0.988235
0.980392
0.968627
0.964706
0.964706
0.956863
0.933333
0.913725
0.996078
1.000000
0.160784
0.000000
0.027451
0.000000
0.000000
0.000000
0.000000
0.019608
0.000000
0.086275
0.666667
0.972549
1.000000
0.956863
0.945098
0.972549
0.952941
0.980392
0.996078
0.980392
0.956863
0.956863
0.980392
0.980392
0.945098
0.913725
0.992157
1.000000
0.160784
0.000000
0.027451
0.000000
0.000000
0.000000
0.000000
0.015686
0.000000
0.082353
0.627451
0.945098
1.000000
0.949020
0.945098
0.992157
0.968627
0.988235
1.000000
0.988235
0.964706
0.960784
0.972549
0.960784
0.937255
0.886275
0.945098
0.984314
0.156863
0.000000
0.027451
0.000000
0.000000
0.000000
0.000000
0.015686
0.000000
0.082353
0.631373
0.929412
1.000000
0.964706
0.956863
0.992157
0.992157
0.984314
0.984314
0.988235
0.988235
0.980392
0.960784
0.941176
0.941176
0.909804
0.941176
0.984314
0.156863
0.000000
0.027451
0.000000
0.000000
0.000000
0.000000
0.015686
0.000000
0.074510
0.592157
0.898039
1.000000
0.988235
0.968627
0.984314
1.000000
0.980392
0.976471
0.992157
1.000000
1.000000
0.988235
0.980392
0.988235
1.000000
1.000000
0.980392
0.152941
0.000000
0.027451
0.000000
0.000000
0.000000
0.000000
0.011765
0.000000
0.050980
0.450980
0.792157
0.976471
1.000000
0.988235
0.992157
0.996078
0.984314
0.976471
0.984314
0.988235
0.992157
0.988235
0.992157
0.992157
1.000000
1.000000
0.843137
0.121569
0.000000
0.023529
0.000000
0.000000
0.000000
0.000000
0.007843
0.000000
0.031373
0.309804
0.619608
0.835294
0.905882
0.886275
0.890196
0.956863
0.980392
0.960784
0.925490
0.890196
0.886275
0.913725
0.925490
0.925490
0.870588
0.745098
0.529412
0.070588
0.000000
0.015686
0.000000
0.000000
0.000000
0.000000
0.003922
0.000000
0.007843
0.078431
0.168627
0.235294
0.262745
0.254902
0.258824
0.286274
0.298039
0.294118
0.274510
0.258824
0.254902
0.266667
0.270588
0.270588
0.247059
0.188235
0.117647
0.015686
0.000000
0.003922
0.000000
0.000000
0.000000
0.000000
0.000000
0.000000
0.000000
0.000000
0.000000
0.000000
0.000000
0.000000
0.000000
0.000000
0.000000
0.000000
0.000000
0.000000
0.000000
0.000000
0.000000
0.000000
0.000000
0.000000
0.000000
0.000000
0.000000
0.000000
0.000000
0.000000
0.000000
0.000000
0.000000
0.000000
0.000000
0.007843
0.015686
0.019608
0.023529
0.023529
0.023529
0.023529
0.023529
0.023529
0.023529
0.023529
0.023529
0.023529
0.023529
0.023529
0.023529
0.019608
0.011765
0.000000
0.000000
0.000000
0.000000
0.000000
0.000000
0.000000
0.000000
0.000000
0.000000
0.000000
0.000000
0.000000
0.000000
0.000000
0.000000
0.000000
0.000000
0.000000
0.000000
0.000000
0.000000
0.000000
0.000000
0.000000
0.000000
0.000000
0.000000
0.000000
0.000000
0.000000
0.000000
0.000000
