0.000000
0.000000
0.000000
0.000000
0.000000
0.000000
0.000000
0.000000
0.000000
0.000000
0.000000
0.000000
0.000000
0.000000
0.000000
0.000000
0.000000
0.000000
0.000000
0.000000
0.000000
0.000000
0.000000
0.000000
0.000000
0.000000
0.000000
0.000000
0.000000
0.000000
0.000000
0.000000
0.003922
0.015686
0.019608
0.023529
0.023529
0.023529
0.023529
0.023529
0.023529
0.023529
0.023529
0.023529
0.023529
0.023529
0.023529
0.023529
0.019608
0.015686
0.007843
0.000000
0.000000
0.000000
0.000000
0.000000
0.000000
0.000000
0.000000
0.000000
0.000000
0.000000
0.000000
0.000000
0.000000
0.000000
0.000000
0.000000
0.000000
0.000000
0.000000
0.000000
0.000000
0.000000
0.000000
0.000000
0.000000
0.000000
0.000000
0.000000
0.000000
0.000000
0.000000
0.000000
0.000000
0.000000
0.003922
0.000000
0.027451
0.184314
0.235294
0.262745
0.278431
0.278431
0.278431
0.278431
0.278431
0.278431
0.278431
0.278431
0.278431
0.278431
0.294118
0.290196
0.239216
0.156863
0.070588
0.007843
0.000000
0.003922
0.000000
0.000000
0.000000
0.000000
0.019608
0.000000
0.101961
0.705882
0.847059
0.913725
0.941176
0.921569
0.925490
0.921569
0.921569
0.921569
0.921569
0.925490
0.925490
0.925490
0.952941
0.937255
0.831373
0.635294
0.364706
0.043137
0.000000
0.007843
0.000000
0.000000
0.000000
0.000000
0.023529
0.000000
0.133333
0.898039
1.000000
0.996078
0.964706
0.941176
0.945098
0.941176
0.941176
0.937255
0.937255
0.937255
0.937255
0.937255
0.917647
0.909804
0.921569
0.878431
0.635294
0.086275
0.000000
0.015686
0.000000
0.000000
0.000000
0.000000
0.023529
0.000000
0.137255
0.909804
0.992157
0.913725
0.882353
0.894118
0.890196
0.894118
0.894118
0.894118
0.894118
0.894118
0.890196
0.890196
0.886275
0.878431
0.929412
0.960784
0.705882
0.094118
0.000000
0.019608
0.000000
0.000000
0.000000
0.000000
0.023529
0.000000
0.129412
0.870588
0.980392
0.941176
0.937255
0.952941
0.952941
0.960784
0.956863
0.960784
0.960784
0.960784
0.956863
0.960784
0.941176
0.898039
0.945098
0.976471
0.686275
0.090196
0.000000
0.019608
0.000000
0.000000
0.000000
0.000000
0.023529
0.000000
0.121569
0.843137
0.992157
1.000000
1.000000
0.992157
0.996078
1.000000
1.000000
1.000000
1.000000
1.000000
1.000000
1.000000
0.949020
0.874510
0.941176
0.992157
0.701961
0.094118
0.000000
0.019608
0.000000
0.000000
0.000000
0.000000
0.023529
0.000000
0.121569
0.823529
0.968627
0.984314
0.980392
0.964706
0.976471
0.984314
0.992157
0.992157
0.992157
0.992157
0.988235
0.992157
0.941176
0.874510
0.941176
0.996078
0.701961
0.094118
0.000000
0.019608
0.000000
0.000000
0.000000
0.000000
0.023529
0.000000
0.121569
0.823529
0.952941
0.960784
0.972549
0.968627
0.976471
0.984314
0.992157
0.992157
0.992157
0.992157
0.984314
0.980392
0.996078
0.949020
0.976471
0.988235
0.654902
0.086275
0.000000
0.019608
0.000000
0.000000
0.000000
0.000000
0.023529
0.000000
0.125490
0.862745
1.000000
1.000000
0.988235
0.984314
0.988235
0.996078
0.996078
0.996078
0.996078
0.992157
0.984314
0.976471
0.968627
0.929412
0.972549
0.988235
0.674510
0.090196
0.000000
0.019608
0.000000
0.000000
0.000000
0.000000
0.023529
0.000000
0.121569
0.843137
0.996078
1.000000
0.988235
0.980392
0.996078
0.996078
0.992157
0.984314
0.980392
0.980392
0.976471
0.968627
0.956863
0.913725
0.952941
0.996078
0.713725
0.098039
0.000000
0.019608
0.000000
0.000000
0.000000
0.000000
0.023529
0.000000
0.121569
0.831373
0.980392
0.992157
0.980392
0.968627
0.992157
0.996078
0.992157
0.988235
0.988235
0.988235
0.988235
0.984314
0.960784
0.901961
0.949020
0.996078
0.713725
0.098039
0.000000
0.019608
0.000000
0.000000
0.000000
0.000000
0.023529
0.000000
0.125490
0.839216
0.980392
0.984314
0.968627
0.956863
0.980392
0.992157
0.988235
0.984314
0.992157
0.996078
1.000000
0.996078
0.964706
0.894118
0.937255
0.980392
0.690196
0.090196
0.000000
0.019608
0.000000
0.000000
0.000000
0.000000
0.023529
0.000000
0.125490
0.843137
0.988235
0.992157
0.964706
0.949020
0.976471
0.984314
0.980392
0.976471
0.980392
0.988235
0.988235
0.984314
0.964706
0.898039
0.925490
0.968627
0.682353
0.090196
0.000000
0.019608
0.000000
0.000000
0.000000
0.000000
0.023529
0.000000
0.121569
0.843137
0.992157
1.000000
0.976471
0.960784
0.988235
0.992157
0.988235
0.980392
0.980392
0.984314
0.984314
0.976471
0.976471
0.917647
0.945098
0.984314
0.694118
0.094118
0.000000
0.019608
0.000000
0.000000
0.000000
0.000000
0.023529
0.000000
0.121569
0.835294
0.992157
0.992157
0.980392
0.972549
0.996078
1.000000
0.996078
0.988235
0.992157
0.996078
0.996078
0.984314
0.980392
0.929412
0.956863
0.996078
0.725490
0.098039
0.000000
0.019608
0.000000
0.000000
0.000000
0.000000
0.023529
0.000000
0.121569
0.835294
0.988235
0.980392
0.956863
0.949020
0.976471
0.984314
0.980392
0.972549
0.980392
0.992157
0.992157
0.984314
0.960784
0.909804
0.949020
0.996078
0.729412
0.098039
0.000000
0.019608
0.000000
0.000000
0.000000
0.000000
0.023529
0.000000
0.121569
0.854902
0.992157
0.972549
0.933333
0.925490
0.952941
0.960784
0.960784
0.952941
0.960784
0.972549
0.972549
0.968627
0.933333
0.886275
0.937255
0.984314
0.701961
0.094118
0.000000
0.019608
0.000000
0.000000
0.000000
0.000000
0.023529
0.000000
0.137255
0.921569
1.000000
0.960784
0.929412
0.933333
0.956863
0.960784
0.956863
0.945098
0.949020
0.952941
0.952941
0.945098
0.933333
0.890196
0.949020
1.000000
0.721569
0.098039
0.000000
0.019608
0.000000
0.000000
0.000000
0.000000
0.027451
0.000000
0.137255
0.913725
1.000000
0.988235
0.972549
0.980392
1.000000
1.000000
0.992157
0.980392
0.984314
0.980392
0.976471
0.968627
0.976471
0.949020
0.968627
0.968627
0.690196
0.090196
0.000000
0.019608
0.000000
0.000000
0.000000
0.000000
0.019608
0.000000
0.090196
0.690196
0.968627
1.000000
0.980392
0.980392
1.000000
1.000000
0.988235
0.984314
0.992157
0.996078
0.996078
0.984314
0.988235
0.968627
0.878431
0.701961
0.443137
0.054902
0.000000
0.011765
0.000000
0.000000
0.000000
0.000000
0.011765
0.000000
0.054902
0.439216
0.650980
0.705882
0.717647
0.733333
0.737255
0.721569
0.686275
0.682353
0.713725
0.752941
0.764706
0.749020
0.741176
0.694118
0.560784
0.376471
0.196078
0.019608
0.000000
0.003922
0.000000
0.000000
0.000000
0.000000
0.003922
0.000000
0.011765
0.105882
0.149020
0.168627
0.176471
0.184314
0.184314
0.176471
0.160784
0.160784
0.172549
0.192157
0.196078
0.188235
0.188235
0.168627
0.125490
0.074510
0.031373
0.003922
0.000000
0.000000
0.000000
0.000000
0.000000
0.000000
0.000000
0.000000
0.000000
0.000000
0.000000
0.000000
0.000000
0.000000
0.000000
0.000000
0.000000
0.000000
0.000000
0.000000
0.000000
0.000000
0.000000
0.000000
0.000000
0.000000
0.000000
0.000000
0.000000
0.000000
0.000000
0.000000
0.000000
0.000000
0.000000
0.000000
0.000000
0.011765
0.015686
0.015686
0.015686
0.019608
0.019608
0.015686
0.015686
0.015686
0.015686
0.019608
0.019608
0.019608
0.019608
0.015686
0.011765
0.007843
0.003922
0.000000
0.000000
0.000000
0.000000
0.000000
0.000000
0.000000
0.000000
0.000000
0.000000
0.000000
0.000000
0.000000
0.000000
0.000000
0.000000
0.000000
0.000000
0.000000
0.000000
0.000000
0.000000
0.000000
0.000000
0.000000
0.000000
0.000000
0.000000
0.000000
0.000000
0.000000
0.000000
0.000000
