0.000000
0.000000
0.000000
0.000000
0.000000
0.000000
0.000000
0.000000
0.000000
0.000000
0.000000
0.000000
0.000000
0.000000
0.000000
0.000000
0.000000
0.000000
0.000000
0.000000
0.000000
0.000000
0.000000
0.000000
0.000000
0.000000
0.000000
0.000000
0.000000
0.000000
0.000000
0.000000
0.003922
0.015686
0.023529
0.023529
0.019608
0.019608
0.015686
0.015686
0.015686
0.019608
0.019608
0.019608
0.019608
0.019608
0.023529
0.019608
0.015686
0.011765
0.000000
0.000000
0.000000
0.000000
0.000000
0.000000
0.000000
0.000000
0.000000
0.000000
0.000000
0.000000
0.000000
0.000000
0.000000
0.000000
0.000000
0.000000
0.000000
0.000000
0.000000
0.000000
0.000000
0.000000
0.000000
0.000000
0.000000
0.000000
0.000000
0.000000
0.000000
0.000000
0.000000
0.000000
0.000000
0.000000
0.003922
0.000000
0.023529
0.176471
0.247059
0.254902
0.239216
0.219608
0.203922
0.196078
0.200000
0.203922
0.227451
0.243137
0.239216
0.250980
0.254902
0.235294
0.196078
0.117647
0.000000
0.000000
0.003922
0.000000
0.000000
0.000000
0.000000
0.000000
0.019608
0.000000
0.086275
0.639216
0.870588
0.866667
0.807843
0.752941
0.682353
0.623529
0.627451
0.686275
0.764706
0.784314
0.764706
0.807843
0.831373
0.772549
0.654902
0.396078
0.003922
0.000000
0.007843
0.000000
0.000000
0.000000
0.000000
0.000000
0.019608
0.000000
0.105882
0.756863
0.988235
0.925490
0.850980
0.831373
0.741176
0.631373
0.639216
0.749020
0.823529
0.784314
0.725490
0.784314
0.831373
0.788235
0.694118
0.439216
0.003922
0.000000
0.007843
0.000000
0.000000
0.000000
0.000000
0.000000
0.019608
0.000000
0.109804
0.780392
0.988235
0.917647
0.858824
0.862745
0.843137
0.796078
0.803922
0.847059
0.866667
0.796078
0.690196
0.768627
0.843137
0.827451
0.741176
0.470588
0.003922
0.000000
0.007843
0.000000
0.000000
0.000000
0.000000
0.000000
0.023529
0.000000
0.113725
0.784314
0.917647
0.886275
0.878431
0.913725
0.941176
0.933333
0.913725
0.890196
0.870588
0.807843
0.721569
0.807843
0.890196
0.870588
0.776471
0.490196
0.003922
0.000000
0.007843
0.000000
0.000000
0.000000
0.000000
0.000000
0.023529
0.000000
0.121569
0.800000
0.898039
0.890196
0.894118
0.894118
0.898039
0.905882
0.898039
0.870588
0.843137
0.815686
0.803922
0.866667
0.917647
0.870588
0.760784
0.478431
0.003922
0.000000
0.007843
0.000000
0.000000
0.000000
0.000000
0.000000
0.023529
0.000000
0.113725
0.796078
0.956863
0.945098
0.874510
0.776471
0.729412
0.780392
0.847059
0.862745
0.839216
0.827451
0.854902
0.878431
0.894118
0.827451
0.713725
0.443137
0.003922
0.000000
0.007843
0.000000
0.000000
0.000000
0.000000
0.000000
0.019608
0.000000
0.105882
0.760784
0.976471
0.964706
0.854902
0.725490
0.666667
0.733333
0.839216
0.898039
0.886275
0.862745
0.866667
0.870588
0.870588
0.807843
0.705882
0.447059
0.003922
0.000000
0.007843
0.000000
0.000000
0.000000
0.000000
0.000000
0.019608
0.000000
0.101961
0.705882
0.862745
0.870588
0.858824
0.831373
0.803922
0.819608
0.866667
0.913725
0.929412
0.917647
0.905882
0.909804
0.901961
0.850980
0.760784
0.486274
0.003922
0.000000
0.007843
0.000000
0.000000
0.000000
0.000000
0.000000
0.019608
0.000000
0.101961
0.694118
0.796078
0.768627
0.803922
0.890196
0.937255
0.913725
0.886275
0.901961
0.937255
0.949020
0.937255
0.941176
0.945098
0.901961
0.811765
0.517647
0.007843
0.000000
0.007843
0.000000
0.000000
0.000000
0.000000
0.000000
0.019608
0.000000
0.101961
0.741176
0.929412
0.756863
0.631373
0.752941
0.913725
0.941176
0.909804
0.905882
0.933333
0.925490
0.909804
0.925490
0.937255
0.890196
0.792157
0.501961
0.003922
0.000000
0.007843
0.000000
0.000000
0.000000
0.000000
0.000000
0.019608
0.000000
0.113725
0.800000
1.000000
0.807843
0.588235
0.623529
0.776471
0.878431
0.925490
0.941176
0.925490
0.878431
0.847059
0.866667
0.913725
0.898039
0.807843
0.498039
0.003922
0.000000
0.007843
0.000000
0.000000
0.000000
0.000000
0.000000
0.023529
0.000000
0.125490
0.839216
0.988235
0.854902
0.713725
0.666667
0.709804
0.784314
0.870588
0.921569
0.913725
0.882353
0.858824
0.866667
0.925490
0.945098
0.850980
0.513726
0.003922
0.000000
0.007843
0.000000
0.000000
0.000000
0.000000
0.000000
0.023529
0.000000
0.125490
0.850980
1.000000
0.905882
0.811765
0.788235
0.776471
0.745098
0.749020
0.811765
0.901961
0.941176
0.933333
0.925490
0.952941
0.945098
0.843137
0.513726
0.003922
0.000000
0.007843
0.000000
0.000000
0.000000
0.000000
0.000000
0.023529
0.000000
0.121569
0.839216
1.000000
0.952941
0.909804
0.909804
0.862745
0.756863
0.694118
0.741176
0.878431
0.937255
0.886275
0.894118
0.941176
0.949020
0.870588
0.541176
0.007843
0.000000
0.011765
0.000000
0.000000
0.000000
0.000000
0.000000
0.019608
0.000000
0.113725
0.784314
0.988235
0.945098
0.905882
0.937255
0.917647
0.815686
0.721569
0.725490
0.807843
0.874510
0.901961
0.909804
0.956863
0.968627
0.886275
0.556863
0.007843
0.000000
0.011765
0.000000
0.000000
0.000000
0.000000
0.000000
0.019608
0.000000
0.105882
0.756863
0.984314
0.929412
0.874510
0.921569
0.945098
0.890196
0.807843
0.772549
0.780392
0.823529
0.898039
0.890196
0.913725
0.901961
0.811765
0.505882
0.003922
0.000000
0.007843
0.000000
0.000000
0.000000
0.000000
0.000000
0.023529
0.000000
0.117647
0.811765
0.980392
0.909804
0.862745
0.901961
0.933333
0.901961
0.843137
0.815686
0.803922
0.827451
0.886275
0.866667
0.870588
0.839216
0.745098
0.462745
0.003922
0.000000
0.007843
0.000000
0.000000
0.000000
0.000000
0.000000
0.023529
0.000000
0.125490
0.835294
0.968627
0.909804
0.882353
0.917647
0.925490
0.890196
0.854902
0.862745
0.882353
0.894118
0.917647
0.909804
0.909804
0.870588
0.764706
0.470588
0.003922
0.000000
0.007843
0.000000
0.000000
0.000000
0.000000
0.000000
0.019608
0.000000
0.094118
0.694118
0.925490
0.917647
0.894118
0.921569
0.917647
0.886275
0.890196
0.925490
0.960784
0.952941
0.905882
0.898039
0.905882
0.858824
0.733333
0.435294
0.003922
0.000000
0.007843
0.000000
0.000000
0.000000
0.000000
0.000000
0.015686
0.000000
0.062745
0.470588
0.639216
0.647059
0.639216
0.666667
0.666667
0.654902
0.686275
0.733333
0.760784
0.733333
0.674510
0.670588
0.686275
0.654902
0.537255
0.301961
0.003922
0.000000
0.003922
0.000000
0.000000
0.000000
0.000000
0.000000
0.003922
0.000000
0.015686
0.113725
0.152941
0.152941
0.152941
0.164706
0.164706
0.164706
0.176471
0.192157
0.196078
0.188235
0.168627
0.168627
0.176471
0.168627
0.133333
0.070588
0.000000
0.000000
0.000000
0.000000
0.000000
0.000000
0.000000
0.000000
0.000000
0.000000
0.000000
0.000000
0.000000
0.000000
0.000000
0.000000
0.000000
0.000000
0.000000
0.000000
0.000000
0.000000
0.000000
0.000000
0.000000
0.000000
0.000000
0.000000
0.000000
0.000000
0.000000
0.000000
0.000000
0.000000
0.000000
0.000000
0.000000
0.000000
0.000000
0.011765
0.015686
0.015686
0.015686
0.015686
0.015686
0.015686
0.015686
0.019608
0.019608
0.019608
0.015686
0.015686
0.015686
0.015686
0.011765
0.007843
0.000000
0.000000
0.000000
0.000000
0.000000
0.000000
0.000000
0.000000
0.000000
0.000000
0.000000
0.000000
0.000000
0.000000
0.000000
0.000000
0.000000
0.000000
0.000000
0.000000
0.000000
0.000000
0.000000
0.000000
0.000000
0.000000
0.000000
0.000000
0.000000
0.000000
0.000000
0.000000
0.000000
0.000000
