0.000000
0.000000
0.000000
0.000000
0.000000
0.000000
0.000000
0.000000
0.000000
0.000000
0.000000
0.000000
0.000000
0.000000
0.000000
0.000000
0.000000
0.000000
0.000000
0.000000
0.000000
0.000000
0.000000
0.000000
0.000000
0.000000
0.000000
0.000000
0.000000
0.000000
0.000000
0.000000
0.000000
0.011765
0.015686
0.019608
0.019608
0.019608
0.019608
0.019608
0.019608
0.019608
0.019608
0.019608
0.019608
0.019608
0.019608
0.023529
0.019608
0.011765
0.007843
0.000000
0.000000
0.000000
0.000000
0.000000
0.000000
0.000000
0.000000
0.000000
0.000000
0.000000
0.000000
0.000000
0.000000
0.000000
0.000000
0.000000
0.000000
0.000000
0.000000
0.000000
0.000000
0.000000
0.000000
0.000000
0.000000
0.000000
0.000000
0.000000
0.000000
0.000000
0.000000
0.000000
0.000000
0.000000
0.003922
0.000000
0.015686
0.109804
0.184314
0.223529
0.235294
0.227451
0.219608
0.215686
0.219608
0.223529
0.215686
0.211765
0.223529
0.235294
0.235294
0.239216
0.200000
0.109804
0.050980
0.003922
0.000000
0.000000
0.000000
0.000000
0.000000
0.000000
0.015686
0.000000
0.062745
0.474510
0.713725
0.815686
0.827451
0.815686
0.819608
0.807843
0.815686
0.819608
0.803922
0.796078
0.819608
0.847059
0.847059
0.854902
0.760784
0.509804
0.266667
0.031373
0.000000
0.003922
0.000000
0.000000
0.000000
0.000000
0.019608
0.000000
0.098039
0.725490
0.952941
0.968627
0.941176
0.956863
1.000000
0.992157
0.988235
0.984314
0.984314
0.984314
0.988235
0.988235
0.984314
0.980392
0.968627
0.831373
0.478431
0.054902
0.000000
0.011765
0.000000
0.000000
0.000000
0.000000
0.023529
0.000000
0.125490
0.847059
1.000000
0.972549
0.913725
0.937255
0.988235
0.956863
0.933333
0.933333
0.949020
0.960784
0.952941
0.921569
0.909804
0.905882
0.980392
0.980392
0.611765
0.074510
0.000000
0.015686
0.000000
0.000000
0.000000
0.000000
0.023529
0.000000
0.129412
0.870588
1.000000
0.960784
0.890196
0.901961
0.952941
0.937255
0.909804
0.905882
0.941176
0.976471
0.952941
0.905882
0.890196
0.917647
0.972549
0.921569
0.607843
0.078431
0.000000
0.015686
0.000000
0.000000
0.000000
0.000000
0.023529
0.000000
0.121569
0.835294
1.000000
0.941176
0.898039
0.937255
0.960784
0.945098
0.937255
0.956863
0.980392
0.992157
0.980392
0.952941
0.909804
0.937255
0.980392
0.905882
0.635294
0.082353
0.000000
0.015686
0.000000
0.000000
0.000000
0.000000
0.023529
0.000000
0.117647
0.815686
1.000000
0.921569
0.905882
0.980392
0.976471
0.949020
0.952941
0.992157
0.996078
0.972549
0.976471
0.972549
0.909804
0.921569
0.988235
0.952941
0.686275
0.090196
0.000000
0.019608
0.000000
0.000000
0.000000
0.000000
0.023529
0.000000
0.117647
0.831373
1.000000
0.929412
0.909804
0.976471
0.984314
0.968627
0.964706
0.988235
0.988235
0.964706
0.968627
0.956863
0.909804
0.929412
0.988235
0.929412
0.662745
0.090196
0.000000
0.019608
0.000000
0.000000
0.000000
0.000000
0.023529
0.000000
0.117647
0.827451
1.000000
0.929412
0.909804
0.976471
0.984314
0.984314
0.976471
0.988235
0.980392
0.952941
0.960784
0.952941
0.905882
0.933333
0.980392
0.901961
0.643137
0.086275
0.000000
0.019608
0.000000
0.000000
0.000000
0.000000
0.023529
0.000000
0.117647
0.819608
1.000000
0.925490
0.901961
0.968627
0.976471
0.988235
0.976471
0.988235
0.976471
0.949020
0.956863
0.952941
0.905882
0.933333
0.972549
0.874510
0.603922
0.078431
0.000000
0.015686
0.000000
0.000000
0.000000
0.000000
0.023529
0.000000
0.117647
0.811765
1.000000
0.925490
0.901961
0.968627
0.976471
0.984314
0.972549
0.984314
0.976471
0.949020
0.960784
0.956863
0.905882
0.921569
0.960784
0.862745
0.580392
0.074510
0.000000
0.015686
0.000000
0.000000
0.000000
0.000000
0.023529
0.000000
0.117647
0.819608
1.000000
0.925490
0.905882
0.972549
0.980392
0.976471
0.964706
0.972549
0.968627
0.949020
0.960784
0.960784
0.901961
0.909804
0.952941
0.874510
0.584314
0.074510
0.000000
0.015686
0.000000
0.000000
0.000000
0.000000
0.023529
0.000000
0.117647
0.827451
1.000000
0.929412
0.909804
0.976471
0.984314
0.972549
0.956863
0.960784
0.952941
0.937255
0.952941
0.952941
0.898039
0.905882
0.960784
0.890196
0.600000
0.074510
0.000000
0.015686
0.000000
0.000000
0.000000
0.000000
0.023529
0.000000
0.117647
0.827451
1.000000
0.929412
0.909804
0.976471
0.984314
0.972549
0.952941
0.952941
0.941176
0.921569
0.941176
0.945098
0.898039
0.913725
0.968627
0.901961
0.603922
0.078431
0.000000
0.015686
0.000000
0.000000
0.000000
0.000000
0.023529
0.000000
0.117647
0.815686
1.000000
0.925490
0.901961
0.968627
0.976471
0.980392
0.949020
0.941176
0.925490
0.901961
0.929412
0.945098
0.901961
0.921569
0.980392
0.905882
0.607843
0.078431
0.000000
0.015686
0.000000
0.000000
0.000000
0.000000
0.023529
0.000000
0.121569
0.823529
0.992157
0.941176
0.917647
0.952941
0.980392
0.984314
0.980392
0.972549
0.949020
0.933333
0.933333
0.909804
0.886275
0.921569
0.984314
0.913725
0.572549
0.070588
0.000000
0.015686
0.000000
0.000000
0.000000
0.000000
0.023529
0.000000
0.121569
0.827451
0.988235
0.949020
0.913725
0.941176
0.984314
0.968627
0.988235
0.980392
0.960784
0.952941
0.941176
0.901961
0.886275
0.925490
0.976471
0.894118
0.564706
0.066667
0.000000
0.015686
0.000000
0.000000
0.000000
0.000000
0.023529
0.000000
0.121569
0.850980
1.000000
0.941176
0.882353
0.925490
0.976471
0.937255
0.949020
0.952941
0.941176
0.937255
0.937255
0.909804
0.894118
0.913725
0.964706
0.905882
0.603922
0.078431
0.000000
0.015686
0.000000
0.000000
0.000000
0.000000
0.023529
0.000000
0.125490
0.866667
1.000000
0.933333
0.870588
0.905882
0.956863
0.905882
0.917647
0.929412
0.921569
0.929412
0.933333
0.905882
0.886275
0.886275
0.952941
0.925490
0.600000
0.078431
0.000000
0.015686
0.000000
0.000000
0.000000
0.000000
0.019608
0.000000
0.105882
0.741176
0.917647
0.913725
0.882353
0.886275
0.898039
0.890196
0.913725
0.925490
0.917647
0.925490
0.941176
0.917647
0.882353
0.886275
0.905882
0.792157
0.474510
0.054902
0.000000
0.011765
0.000000
0.000000
0.000000
0.000000
0.015686
0.000000
0.054902
0.447059
0.674510
0.815686
0.882353
0.858824
0.835294
0.913725
0.952941
0.949020
0.937255
0.945098
0.968627
0.945098
0.898039
0.933333
0.803922
0.474510
0.266667
0.031373
0.000000
0.007843
0.000000
0.000000
0.000000
0.000000
0.003922
0.000000
0.007843
0.094118
0.172549
0.235294
0.270588
0.258824
0.250980
0.286274
0.298039
0.294118
0.290196
0.294118
0.301961
0.294118
0.278431
0.294118
0.231373
0.101961
0.054902
0.003922
0.000000
0.003922
0.000000
0.000000
0.000000
0.000000
0.000000
0.000000
0.000000
0.000000
0.000000
0.000000
0.000000
0.000000
0.000000
0.000000
0.000000
0.000000
0.000000
0.000000
0.000000
0.000000
0.000000
0.000000
0.000000
0.000000
0.000000
0.000000
0.000000
0.000000
0.000000
0.000000
0.000000
0.000000
0.000000
0.000000
0.000000
0.011765
0.015686
0.019608
0.023529
0.023529
0.023529
0.023529
0.023529
0.023529
0.023529
0.023529
0.023529
0.023529
0.023529
0.023529
0.019608
0.011765
0.007843
0.000000
0.000000
0.000000
0.000000
0.000000
0.000000
0.000000
0.000000
0.000000
0.000000
0.000000
0.000000
0.000000
0.000000
0.000000
0.000000
0.000000
0.000000
0.000000
0.000000
0.000000
0.000000
0.000000
0.000000
0.000000
0.000000
0.000000
0.000000
0.000000
0.000000
0.000000
0.000000
0.000000
