0.000000
0.000000
0.000000
0.000000
0.000000
0.000000
0.000000
0.000000
0.000000
0.000000
0.000000
0.000000
0.000000
0.000000
0.000000
0.000000
0.000000
0.000000
0.000000
0.000000
0.000000
0.000000
0.000000
0.000000
0.000000
0.000000
0.000000
0.000000
0.000000
0.000000
0.000000
0.000000
0.003922
0.011765
0.019608
0.019608
0.019608
0.019608
0.019608
0.019608
0.019608
0.019608
0.019608
0.019608
0.019608
0.023529
0.019608
0.015686
0.015686
0.011765
0.000000
0.000000
0.000000
0.000000
0.000000
0.000000
0.000000
0.000000
0.000000
0.000000
0.000000
0.000000
0.000000
0.000000
0.000000
0.000000
0.000000
0.000000
0.000000
0.000000
0.000000
0.000000
0.000000
0.000000
0.000000
0.000000
0.000000
0.000000
0.000000
0.000000
0.000000
0.000000
0.000000
0.000000
0.000000
0.000000
0.003922
0.000000
0.027451
0.160784
0.305882
0.364706
0.356863
0.349020
0.352941
0.364706
0.364706
0.349020
0.356863
0.360784
0.372549
0.392157
0.364706
0.294118
0.235294
0.176471
0.027451
0.000000
0.003922
0.000000
0.000000
0.000000
0.000000
0.000000
0.011765
0.000000
0.113725
0.525490
0.811765
0.929412
0.909804
0.898039
0.905882
0.929412
0.937255
0.901961
0.913725
0.917647
0.941176
0.976471
0.929412
0.792157
0.682353
0.549020
0.082353
0.000000
0.011765
0.000000
0.000000
0.000000
0.000000
0.000000
0.019608
0.000000
0.192157
0.749020
0.913725
0.984314
0.968627
0.960784
0.964706
0.976471
0.988235
0.968627
0.968627
0.968627
0.980392
0.992157
0.976471
0.921569
0.866667
0.752941
0.117647
0.000000
0.015686
0.000000
0.000000
0.000000
0.000000
0.000000
0.023529
0.000000
0.227451
0.862745
0.968627
0.996078
0.984314
0.992157
0.996078
0.988235
0.992157
0.992157
0.988235
0.984314
0.988235
0.992157
0.992157
0.992157
0.976471
0.843137
0.129412
0.000000
0.019608
0.000000
0.000000
0.000000
0.000000
0.000000
0.023529
0.000000
0.247059
0.905882
0.964706
0.976471
0.964706
0.988235
0.984314
0.972549
0.992157
0.988235
0.972549
0.972549
0.964706
0.972549
0.980392
0.984314
0.996078
0.858824
0.133333
0.000000
0.019608
0.000000
0.000000
0.000000
0.000000
0.000000
0.023529
0.000000
0.254902
0.917647
0.964706
0.976471
0.972549
0.988235
0.988235
0.984314
0.988235
0.992157
0.984314
0.988235
0.984314
0.988235
0.984314
0.980392
1.000000
0.866667
0.133333
0.000000
0.019608
0.000000
0.000000
0.000000
0.000000
0.000000
0.023529
0.000000
0.239216
0.878431
0.949020
0.968627
0.968627
0.988235
0.984314
0.976471
0.976471
0.984314
0.984314
0.992157
0.988235
0.996078
0.980392
0.968627
0.976471
0.847059
0.133333
0.000000
0.019608
0.000000
0.000000
0.000000
0.000000
0.000000
0.023529
0.000000
0.223529
0.839216
0.937255
0.972549
0.964706
0.980392
0.976471
0.964706
0.980392
0.984314
0.988235
0.988235
0.992157
0.992157
0.984314
0.984314
0.980392
0.854902
0.133333
0.000000
0.019608
0.000000
0.000000
0.000000
0.000000
0.000000
0.023529
0.000000
0.207843
0.803922
0.933333
0.972549
0.956863
0.960784
0.952941
0.952941
0.980392
0.980392
0.992157
0.980392
0.968627
0.980392
0.996078
1.000000
1.000000
0.878431
0.137255
0.000000
0.019608
0.000000
0.000000
0.000000
0.000000
0.000000
0.019608
0.000000
0.200000
0.764706
0.909804
0.968627
0.933333
0.913725
0.905882
0.921569
0.949020
0.949020
0.968627
0.952941
0.937255
0.972549
0.996078
0.996078
0.996078
0.870588
0.137255
0.000000
0.019608
0.000000
0.000000
0.000000
0.000000
0.000000
0.019608
0.000000
0.188235
0.729412
0.878431
0.980392
0.925490
0.862745
0.870588
0.913725
0.925490
0.921569
0.933333
0.933333
0.941176
0.976471
0.996078
0.996078
0.988235
0.850980
0.133333
0.000000
0.019608
0.000000
0.000000
0.000000
0.000000
0.000000
0.015686
0.000000
0.160784
0.643137
0.815686
0.945098
0.925490
0.898039
0.921569
0.949020
0.933333
0.917647
0.941176
0.949020
0.956863
0.976471
0.984314
0.984314
0.984314
0.835294
0.129412
0.000000
0.019608
0.000000
0.000000
0.000000
0.000000
0.000000
0.019608
0.000000
0.192157
0.717647
0.839216
0.929412
0.898039
0.874510
0.921569
0.968627
0.968627
0.956863
0.956863
0.968627
0.964706
0.976471
0.976471
0.980392
0.992157
0.843137
0.129412
0.000000
0.019608
0.000000
0.000000
0.000000
0.000000
0.000000
0.023529
0.000000
0.235294
0.850980
0.898039
0.937255
0.870588
0.839216
0.898039
0.968627
0.996078
0.988235
0.964706
0.976471
0.976471
0.976471
0.972549
0.984314
1.000000
0.862745
0.133333
0.000000
0.019608
0.000000
0.000000
0.000000
0.000000
0.000000
0.023529
0.000000
0.235294
0.850980
0.898039
0.945098
0.890196
0.870588
0.925490
0.976471
0.992157
0.980392
0.968627
0.980392
0.980392
0.976471
0.976471
0.988235
1.000000
0.874510
0.133333
0.000000
0.019608
0.000000
0.000000
0.000000
0.000000
0.000000
0.023529
0.000000
0.207843
0.772549
0.862745
0.952941
0.945098
0.937255
0.972549
0.992157
0.972549
0.960784
0.980392
0.984314
0.976471
0.976471
0.976471
0.976471
0.988235
0.850980
0.133333
0.000000
0.019608
0.000000
0.000000
0.000000
0.000000
0.000000
0.019608
0.000000
0.203922
0.764706
0.870588
0.972549
0.972549
0.956863
0.964706
0.972549
0.960784
0.956863
0.988235
0.984314
0.964706
0.976471
0.976471
0.956863
0.952941
0.815686
0.129412
0.000000
0.019608
0.000000
0.000000
0.000000
0.000000
0.000000
0.019608
0.000000
0.207843
0.768627
0.874510
0.980392
0.964706
0.933333
0.925490
0.937255
0.949020
0.964706
0.988235
0.972549
0.952941
0.980392
0.988235
0.956863
0.933333
0.811765
0.125490
0.000000
0.019608
0.000000
0.000000
0.000000
0.000000
0.000000
0.019608
0.000000
0.180392
0.682353
0.823529
0.960784
0.960784
0.925490
0.913725
0.913725
0.925490
0.945098
0.976471
0.952941
0.941176
0.980392
0.996078
0.964706
0.929412
0.823529
0.129412
0.000000
0.019608
0.000000
0.000000
0.000000
0.000000
0.000000
0.015686
0.000000
0.141176
0.552941
0.713725
0.878431
0.921569
0.913725
0.890196
0.878431
0.894118
0.929412
0.992157
0.972549
0.937255
0.945098
0.964706
0.937255
0.847059
0.686275
0.105882
0.000000
0.015686
0.000000
0.000000
0.000000
0.000000
0.000000
0.011765
0.000000
0.078431
0.376471
0.627451
0.862745
0.941176
0.921569
0.862745
0.835294
0.862745
0.921569
0.941176
0.937255
0.925490
0.929412
0.929412
0.858824
0.686275
0.450980
0.062745
0.000000
0.011765
0.000000
0.000000
0.000000
0.000000
0.000000
0.003922
0.000000
0.019608
0.117647
0.243137
0.356863
0.392157
0.376471
0.345098
0.329412
0.345098
0.372549
0.364706
0.364706
0.372549
0.376471
0.368627
0.329412
0.243137
0.133333
0.015686
0.000000
0.003922
0.000000
0.000000
0.000000
0.000000
0.000000
0.000000
0.000000
0.000000
0.000000
0.000000
0.000000
0.000000
0.000000
0.000000
0.000000
0.000000
0.000000
0.000000
0.000000
0.000000
0.000000
0.000000
0.000000
0.000000
0.000000
0.000000
0.000000
0.000000
0.000000
0.000000
0.000000
0.000000
0.000000
0.000000
0.000000
0.000000
0.007843
0.015686
0.019608
0.023529
0.019608
0.019608
0.019608
0.019608
0.019608
0.019608
0.019608
0.019608
0.019608
0.019608
0.019608
0.015686
0.007843
0.000000
0.000000
0.000000
0.000000
0.000000
0.000000
0.000000
0.000000
0.000000
0.000000
0.000000
0.000000
0.000000
0.000000
0.000000
0.000000
0.000000
0.000000
0.000000
0.000000
0.000000
0.000000
0.000000
0.000000
0.000000
0.000000
0.000000
0.000000
0.000000
0.000000
0.000000
0.000000
0.000000
0.000000
