0.000000
0.000000
0.000000
0.000000
0.000000
0.000000
0.000000
0.000000
0.000000
0.000000
0.000000
0.000000
0.000000
0.000000
0.000000
0.000000
0.000000
0.000000
0.000000
0.000000
0.000000
0.000000
0.000000
0.000000
0.000000
0.000000
0.000000
0.000000
0.000000
0.000000
0.000000
0.000000
0.000000
0.007843
0.011765
0.015686
0.015686
0.015686
0.011765
0.015686
0.015686
0.011765
0.011765
0.011765
0.011765
0.015686
0.015686
0.011765
0.007843
0.003922
0.000000
0.000000
0.000000
0.000000
0.000000
0.000000
0.000000
0.000000
0.000000
0.000000
0.000000
0.000000
0.000000
0.000000
0.000000
0.000000
0.000000
0.000000
0.000000
0.000000
0.000000
0.000000
0.000000
0.000000
0.000000
0.000000
0.000000
0.000000
0.000000
0.000000
0.000000
0.000000
0.000000
0.000000
0.000000
0.000000
0.003922
0.000000
0.011765
0.066667
0.152941
0.227451
0.258824
0.203922
0.180392
0.207843
0.211765
0.196078
0.180392
0.168627
0.180392
0.203922
0.207843
0.156863
0.090196
0.035294
0.003922
0.000000
0.000000
0.000000
0.000000
0.000000
0.000000
0.000000
0.011765
0.000000
0.101961
0.450980
0.650980
0.764706
0.796078
0.721569
0.690196
0.729412
0.733333
0.713725
0.690196
0.678431
0.690196
0.721569
0.733333
0.670588
0.509804
0.286274
0.031373
0.000000
0.007843
0.000000
0.000000
0.000000
0.000000
0.000000
0.019608
0.000000
0.211765
0.835294
1.000000
1.000000
1.000000
1.000000
1.000000
1.000000
1.000000
1.000000
1.000000
1.000000
1.000000
1.000000
1.000000
1.000000
0.917647
0.607843
0.078431
0.000000
0.011765
0.000000
0.000000
0.000000
0.000000
0.000000
0.023529
0.000000
0.215686
0.843137
0.984314
0.996078
0.988235
0.988235
0.992157
0.992157
0.992157
0.992157
0.992157
0.988235
0.992157
0.992157
0.980392
0.980392
0.956863
0.717647
0.101961
0.000000
0.015686
0.000000
0.000000
0.000000
0.000000
0.000000
0.023529
0.000000
0.243137
0.901961
0.992157
1.000000
1.000000
1.000000
1.000000
1.000000
1.000000
1.000000
1.000000
1.000000
1.000000
1.000000
0.988235
0.988235
0.996078
0.788235
0.117647
0.000000
0.019608
0.000000
0.000000
0.000000
0.000000
0.000000
0.027451
0.000000
0.254902
0.929412
0.992157
0.996078
0.996078
1.000000
0.996078
0.996078
0.996078
0.996078
0.996078
0.996078
0.996078
0.996078
0.992157
0.996078
0.992157
0.756863
0.109804
0.000000
0.015686
0.000000
0.000000
0.000000
0.000000
0.000000
0.027451
0.000000
0.254902
0.937255
0.992157
0.984314
0.992157
0.996078
0.996078
0.996078
0.996078
0.996078
0.996078
0.996078
0.996078
0.996078
0.992157
1.000000
0.988235
0.733333
0.101961
0.000000
0.015686
0.000000
0.000000
0.000000
0.000000
0.000000
0.027451
0.000000
0.254902
0.929412
0.992157
0.988235
0.992157
0.996078
0.996078
0.996078
0.996078
0.996078
0.996078
0.996078
0.996078
0.996078
0.992157
0.992157
0.992157
0.768627
0.109804
0.000000
0.019608
0.000000
0.000000
0.000000
0.000000
0.000000
0.027451
0.000000
0.250980
0.921569
0.992157
0.996078
1.000000
1.000000
1.000000
1.000000
1.000000
1.000000
1.000000
1.000000
1.000000
1.000000
0.984314
0.976471
1.000000
0.807843
0.121569
0.000000
0.019608
0.000000
0.000000
0.000000
0.000000
0.000000
0.023529
0.000000
0.243137
0.909804
0.992157
1.000000
1.000000
1.000000
1.000000
1.000000
1.000000
1.000000
1.000000
1.000000
1.000000
1.000000
0.984314
0.980392
1.000000
0.796078
0.121569
0.000000
0.019608
0.000000
0.000000
0.000000
0.000000
0.000000
0.023529
0.000000
0.243137
0.905882
0.996078
1.000000
0.996078
0.996078
0.996078
0.996078
0.996078
0.996078
0.996078
0.996078
0.996078
0.996078
0.992157
1.000000
0.988235
0.768627
0.113725
0.000000
0.019608
0.000000
0.000000
0.000000
0.000000
0.000000
0.027451
0.000000
0.262745
0.945098
0.992157
0.984314
0.988235
1.000000
1.000000
1.000000
1.000000
1.000000
1.000000
1.000000
1.000000
1.000000
0.992157
0.988235
0.976471
0.788235
0.117647
0.000000
0.019608
0.000000
0.000000
0.000000
0.000000
0.000000
0.023529
0.000000
0.239216
0.890196
0.988235
0.996078
1.000000
1.000000
1.000000
1.000000
1.000000
1.000000
1.000000
1.000000
1.000000
1.000000
0.996078
0.996078
0.984314
0.792157
0.117647
0.000000
0.019608
0.000000
0.000000
0.000000
0.000000
0.000000
0.023529
0.000000
0.231373
0.874510
0.992157
1.000000
0.996078
0.996078
1.000000
1.000000
1.000000
1.000000
1.000000
1.000000
1.000000
1.000000
0.996078
1.000000
0.992157
0.792157
0.117647
0.000000
0.019608
0.000000
0.000000
0.000000
0.000000
0.000000
0.023529
0.000000
0.247059
0.913725
1.000000
0.992157
0.964706
0.984314
1.000000
1.000000
1.000000
1.000000
1.000000
1.000000
1.000000
1.000000
0.996078
0.996078
0.988235
0.792157
0.117647
0.000000
0.019608
0.000000
0.000000
0.000000
0.000000
0.000000
0.023529
0.000000
0.250980
0.913725
0.980392
0.972549
0.960784
0.988235
1.000000
1.000000
1.000000
1.000000
1.000000
1.000000
1.000000
1.000000
0.988235
0.988235
0.992157
0.807843
0.121569
0.000000
0.019608
0.000000
0.000000
0.000000
0.000000
0.000000
0.023529
0.000000
0.247059
0.905882
0.968627
0.968627
0.996078
1.000000
1.000000
1.000000
1.000000
1.000000
1.000000
1.000000
1.000000
1.000000
0.988235
0.988235
1.000000
0.831373
0.125490
0.000000
0.019608
0.000000
0.000000
0.000000
0.000000
0.000000
0.027451
0.000000
0.254902
0.929412
0.992157
0.988235
0.996078
1.000000
1.000000
1.000000
1.000000
1.000000
1.000000
1.000000
1.000000
1.000000
0.996078
1.000000
0.996078
0.819608
0.125490
0.000000
0.019608
0.000000
0.000000
0.000000
0.000000
0.000000
0.023529
0.000000
0.235294
0.890196
0.992157
0.996078
0.984314
0.992157
1.000000
1.000000
1.000000
1.000000
1.000000
1.000000
1.000000
1.000000
0.996078
1.000000
0.972549
0.752941
0.109804
0.000000
0.015686
0.000000
0.000000
0.000000
0.000000
0.000000
0.019608
0.000000
0.196078
0.784314
0.968627
0.988235
0.972549
0.976471
0.984314
0.984314
0.984314
0.984314
0.984314
0.980392
0.980392
0.980392
0.976471
0.980392
0.941176
0.713725
0.101961
0.000000
0.015686
0.000000
0.000000
0.000000
0.000000
0.000000
0.011765
0.000000
0.094118
0.482353
0.819608
1.000000
1.000000
1.000000
1.000000
1.000000
1.000000
1.000000
1.000000
1.000000
1.000000
1.000000
1.000000
1.000000
0.749020
0.419608
0.047059
0.000000
0.007843
0.000000
0.000000
0.000000
0.000000
0.000000
0.003922
0.000000
0.011765
0.121569
0.294118
0.415686
0.427451
0.423529
0.431373
0.431373
0.431373
0.439216
0.443137
0.450980
0.450980
0.454902
0.462745
0.415686
0.250980
0.086275
0.003922
0.000000
0.000000
0.000000
0.000000
0.000000
0.000000
0.000000
0.000000
0.000000
0.000000
0.000000
0.000000
0.000000
0.000000
0.000000
0.000000
0.000000
0.000000
0.000000
0.000000
0.000000
0.000000
0.000000
0.000000
0.000000
0.000000
0.000000
0.000000
0.000000
0.000000
0.000000
0.000000
0.000000
0.000000
0.000000
0.000000
0.000000
0.000000
0.007843
0.015686
0.023529
0.023529
0.023529
0.023529
0.023529
0.023529
0.023529
0.023529
0.023529
0.023529
0.023529
0.023529
0.023529
0.015686
0.007843
0.000000
0.000000
0.000000
0.000000
0.000000
0.000000
0.000000
0.000000
0.000000
0.000000
0.000000
0.000000
0.000000
0.000000
0.000000
0.000000
0.000000
0.000000
0.000000
0.000000
0.000000
0.000000
0.000000
0.000000
0.000000
0.000000
0.000000
0.000000
0.000000
0.000000
0.000000
0.000000
0.000000
0.000000
