0.000000
0.000000
0.000000
0.000000
0.000000
0.000000
0.000000
0.000000
0.000000
0.000000
0.000000
0.000000
0.000000
0.000000
0.000000
0.000000
0.000000
0.000000
0.000000
0.000000
0.000000
0.000000
0.000000
0.000000
0.000000
0.000000
0.000000
0.000000
0.000000
0.000000
0.000000
0.000000
0.003922
0.015686
0.023529
0.027451
0.027451
0.023529
0.027451
0.027451
0.027451
0.027451
0.027451
0.023529
0.023529
0.027451
0.027451
0.027451
0.027451
0.019608
0.011765
0.000000
0.000000
0.000000
0.000000
0.000000
0.000000
0.000000
0.000000
0.000000
0.000000
0.000000
0.000000
0.000000
0.000000
0.000000
0.000000
0.000000
0.000000
0.000000
0.000000
0.000000
0.000000
0.000000
0.000000
0.000000
0.000000
0.000000
0.000000
0.000000
0.000000
0.000000
0.000000
0.000000
0.000000
0.000000
0.003922
0.000000
0.023529
0.184314
0.278431
0.321569
0.317647
0.298039
0.305882
0.301961
0.305882
0.309804
0.309804
0.301961
0.294118
0.305882
0.317647
0.337255
0.313725
0.227451
0.129412
0.015686
0.000000
0.003922
0.000000
0.000000
0.000000
0.000000
0.019608
0.000000
0.090196
0.674510
0.937255
1.000000
1.000000
0.972549
0.980392
0.976471
0.980392
0.992157
0.992157
0.976471
0.964706
0.984314
1.000000
1.000000
1.000000
0.811765
0.466667
0.054902
0.000000
0.011765
0.000000
0.000000
0.000000
0.000000
0.023529
0.000000
0.117647
0.819608
1.000000
0.945098
0.921569
0.956863
0.952941
0.952941
0.952941
0.952941
0.952941
0.952941
0.956863
0.956863
0.956863
0.949020
0.996078
0.945098
0.552941
0.062745
0.000000
0.015686
0.000000
0.000000
0.000000
0.000000
0.023529
0.000000
0.121569
0.843137
1.000000
0.925490
0.882353
0.921569
0.925490
0.929412
0.929412
0.925490
0.925490
0.929412
0.929412
0.929412
0.921569
0.945098
1.000000
0.968627
0.576471
0.066667
0.000000
0.015686
0.000000
0.000000
0.000000
0.000000
0.023529
0.000000
0.121569
0.843137
0.996078
0.929412
0.882353
0.933333
0.972549
0.968627
0.968627
0.968627
0.968627
0.968627
0.968627
0.968627
0.964706
0.972549
1.000000
0.968627
0.592157
0.070588
0.000000
0.015686
0.000000
0.000000
0.000000
0.000000
0.023529
0.000000
0.121569
0.831373
1.000000
0.949020
0.921569
0.972549
1.000000
1.000000
1.000000
1.000000
1.000000
1.000000
1.000000
1.000000
1.000000
0.988235
1.000000
0.972549
0.603922
0.074510
0.000000
0.015686
0.000000
0.000000
0.000000
0.000000
0.023529
0.000000
0.113725
0.800000
1.000000
0.949020
0.937255
0.984314
0.992157
0.992157
0.992157
0.992157
0.992157
0.992157
0.992157
0.988235
0.988235
0.972549
1.000000
0.972549
0.603922
0.074510
0.000000
0.015686
0.000000
0.000000
0.000000
0.000000
0.023529
0.000000
0.109804
0.788235
0.996078
0.937255
0.909804
0.964706
0.992157
0.992157
0.988235
0.988235
0.988235
0.984314
0.984314
0.980392
0.980392
0.968627
1.000000
0.972549
0.600000
0.074510
0.000000
0.015686
0.000000
0.000000
0.000000
0.000000
0.023529
0.000000
0.113725
0.800000
1.000000
0.945098
0.905882
0.956863
1.000000
0.996078
0.996078
0.996078
0.996078
0.996078
0.996078
0.996078
0.996078
0.984314
1.000000
0.972549
0.600000
0.074510
0.000000
0.015686
0.000000
0.000000
0.000000
0.000000
0.023529
0.000000
0.113725
0.800000
1.000000
0.960784
0.921569
0.964706
0.992157
0.988235
0.984314
0.980392
0.980392
0.980392
0.976471
0.976471
0.972549
0.972549
1.000000
0.968627
0.596078
0.070588
0.000000
0.015686
0.000000
0.000000
0.000000
0.000000
0.019608
0.000000
0.109804
0.768627
0.992157
0.956863
0.921569
0.960784
0.996078
0.992157
0.988235
0.988235
0.988235
0.988235
0.984314
0.980392
0.980392
0.972549
1.000000
0.968627
0.584314
0.070588
0.000000
0.015686
0.000000
0.000000
0.000000
0.000000
0.019608
0.000000
0.109804
0.776471
0.992157
0.941176
0.913725
0.976471
1.000000
0.996078
0.996078
1.000000
0.996078
0.992157
0.988235
0.988235
0.988235
0.976471
1.000000
0.968627
0.580392
0.070588
0.000000
0.015686
0.000000
0.000000
0.000000
0.000000
0.023529
0.000000
0.113725
0.803922
1.000000
0.921569
0.905882
0.988235
0.996078
0.996078
0.996078
0.996078
0.992157
0.984314
0.980392
0.980392
0.980392
0.964706
1.000000
0.968627
0.584314
0.070588
0.000000
0.015686
0.000000
0.000000
0.000000
0.000000
0.023529
0.000000
0.113725
0.792157
0.992157
0.909804
0.894118
0.976471
0.996078
0.996078
0.996078
0.996078
0.996078
0.992157
0.988235
0.988235
0.992157
0.952941
0.992157
0.972549
0.572549
0.066667
0.000000
0.015686
0.000000
0.000000
0.000000
0.000000
0.023529
0.000000
0.117647
0.815686
1.000000
0.933333
0.933333
1.000000
0.992157
0.992157
0.992157
0.992157
0.992157
0.996078
0.996078
0.996078
0.996078
0.972549
1.000000
0.960784
0.556863
0.062745
0.000000
0.015686
0.000000
0.000000
0.000000
0.000000
0.023529
0.000000
0.121569
0.831373
1.000000
0.941176
0.925490
0.980392
1.000000
0.996078
0.992157
0.992157
0.992157
0.992157
0.996078
0.992157
0.992157
0.968627
1.000000
0.956863
0.549020
0.062745
0.000000
0.015686
0.000000
0.000000
0.000000
0.000000
0.023529
0.000000
0.117647
0.823529
0.996078
0.925490
0.866667
0.913725
0.968627
0.956863
0.952941
0.952941
0.952941
0.952941
0.952941
0.945098
0.941176
0.933333
0.992157
0.945098
0.572549
0.066667
0.000000
0.015686
0.000000
0.000000
0.000000
0.000000
0.023529
0.000000
0.113725
0.807843
1.000000
0.960784
0.898039
0.921569
0.968627
0.956863
0.949020
0.949020
0.949020
0.952941
0.952941
0.949020
0.937255
0.945098
1.000000
0.960784
0.611765
0.078431
0.000000
0.015686
0.000000
0.000000
0.000000
0.000000
0.019608
0.000000
0.101961
0.745098
0.984314
1.000000
0.976471
0.984314
1.000000
0.992157
0.980392
0.980392
0.992157
0.996078
1.000000
0.996078
0.980392
0.980392
0.996078
0.929412
0.560784
0.066667
0.000000
0.015686
0.000000
0.000000
0.000000
0.000000
0.015686
0.000000
0.070588
0.556863
0.847059
0.909804
0.901961
0.905882
0.898039
0.886275
0.878431
0.882353
0.898039
0.913725
0.917647
0.909804
0.901961
0.878431
0.847059
0.698039
0.364706
0.039216
0.000000
0.011765
0.000000
0.000000
0.000000
0.000000
0.007843
0.000000
0.035294
0.313725
0.596078
0.690196
0.705882
0.686275
0.611765
0.603922
0.600000
0.607843
0.627451
0.647059
0.658823
0.654902
0.650980
0.588235
0.517647
0.388235
0.125490
0.003922
0.000000
0.003922
0.000000
0.000000
0.000000
0.000000
0.003922
0.000000
0.007843
0.066667
0.149020
0.180392
0.188235
0.180392
0.145098
0.145098
0.145098
0.145098
0.152941
0.160784
0.164706
0.160784
0.164706
0.137255
0.109804
0.078431
0.007843
0.000000
0.000000
0.000000
0.000000
0.000000
0.000000
0.000000
0.000000
0.000000
0.000000
0.000000
0.000000
0.000000
0.000000
0.000000
0.000000
0.000000
0.000000
0.000000
0.000000
0.000000
0.000000
0.000000
0.000000
0.000000
0.000000
0.000000
0.000000
0.000000
0.000000
0.000000
0.000000
0.000000
0.000000
0.000000
0.000000
0.000000
0.000000
0.007843
0.015686
0.015686
0.015686
0.015686
0.015686
0.015686
0.015686
0.015686
0.015686
0.015686
0.015686
0.015686
0.015686
0.015686
0.011765
0.007843
0.003922
0.000000
0.000000
0.000000
0.000000
0.000000
0.000000
0.000000
0.000000
0.000000
0.000000
0.000000
0.000000
0.000000
0.000000
0.000000
0.000000
0.000000
0.000000
0.000000
0.000000
0.000000
0.000000
0.000000
0.000000
0.000000
0.000000
0.000000
0.000000
0.000000
0.000000
0.000000
0.000000
0.000000
