0.000000
0.000000
0.000000
0.000000
0.000000
0.000000
0.000000
0.000000
0.000000
0.000000
0.000000
0.000000
0.000000
0.000000
0.000000
0.000000
0.000000
0.000000
0.000000
0.000000
0.000000
0.000000
0.000000
0.000000
0.000000
0.000000
0.000000
0.000000
0.000000
0.000000
0.000000
0.000000
0.003922
0.011765
0.015686
0.015686
0.019608
0.019608
0.019608
0.019608
0.019608
0.015686
0.015686
0.015686
0.015686
0.019608
0.019608
0.015686
0.011765
0.007843
0.000000
0.000000
0.000000
0.000000
0.000000
0.000000
0.000000
0.000000
0.000000
0.000000
0.000000
0.000000
0.000000
0.000000
0.000000
0.000000
0.000000
0.000000
0.000000
0.000000
0.000000
0.000000
0.000000
0.000000
0.000000
0.000000
0.000000
0.000000
0.000000
0.000000
0.000000
0.000000
0.000000
0.000000
0.000000
0.000000
0.003922
0.000000
0.035294
0.160784
0.227451
0.282353
0.305882
0.313725
0.329412
0.325490
0.294118
0.290196
0.274510
0.266667
0.282353
0.309804
0.298039
0.243137
0.188235
0.105882
0.011765
0.000000
0.000000
0.000000
0.000000
0.000000
0.000000
0.000000
0.015686
0.000000
0.113725
0.486274
0.674510
0.823529
0.858824
0.858824
0.874510
0.874510
0.839216
0.819608
0.776471
0.756863
0.811765
0.874510
0.843137
0.721569
0.556863
0.290196
0.031373
0.000000
0.003922
0.000000
0.000000
0.000000
0.000000
0.000000
0.015686
0.000000
0.168627
0.678431
0.866667
0.980392
1.000000
0.972549
0.960784
0.968627
0.972549
0.968627
0.945098
0.921569
0.964706
1.000000
0.992157
0.909804
0.745098
0.419608
0.050980
0.000000
0.007843
0.000000
0.000000
0.000000
0.000000
0.000000
0.023529
0.000000
0.219608
0.827451
0.941176
0.964706
0.988235
0.972549
0.968627
0.952941
0.929412
0.976471
0.996078
0.992157
0.964706
0.972549
0.992157
0.964706
0.858824
0.592157
0.078431
0.000000
0.011765
0.000000
0.000000
0.000000
0.000000
0.000000
0.023529
0.000000
0.215686
0.819608
0.941176
0.968627
0.992157
0.976471
0.960784
0.949020
0.933333
0.941176
0.972549
0.992157
0.988235
0.988235
0.996078
0.984314
0.909804
0.650980
0.090196
0.000000
0.015686
0.000000
0.000000
0.000000
0.000000
0.000000
0.019608
0.000000
0.196078
0.756863
0.905882
0.956863
0.988235
0.984314
0.964706
0.964706
0.949020
0.921569
0.945098
0.984314
1.000000
0.992157
0.988235
0.984314
0.929412
0.721569
0.105882
0.000000
0.015686
0.000000
0.000000
0.000000
0.000000
0.000000
0.019608
0.000000
0.172549
0.694118
0.878431
0.960784
0.988235
0.992157
0.972549
0.972549
0.976471
0.941176
0.952941
0.984314
0.996078
0.992157
0.984314
0.964706
0.909804
0.709804
0.105882
0.000000
0.015686
0.000000
0.000000
0.000000
0.000000
0.000000
0.019608
0.000000
0.164706
0.674510
0.882353
0.972549
0.992157
1.000000
0.964706
0.956863
0.988235
0.972549
0.980392
0.988235
0.984314
0.992157
0.988235
0.949020
0.854902
0.611765
0.086275
0.000000
0.011765
0.000000
0.000000
0.000000
0.000000
0.000000
0.019608
0.000000
0.156863
0.662745
0.890196
0.980392
0.988235
1.000000
0.960784
0.941176
0.976471
0.988235
0.996078
0.984314
0.968627
0.984314
0.996078
0.952941
0.827451
0.576471
0.078431
0.000000
0.011765
0.000000
0.000000
0.000000
0.000000
0.000000
0.015686
0.000000
0.141176
0.615686
0.862745
0.960784
0.964706
0.988235
0.972549
0.945098
0.956863
0.976471
0.988235
0.972549
0.952941
0.976471
1.000000
0.968627
0.858824
0.662745
0.094118
0.000000
0.015686
0.000000
0.000000
0.000000
0.000000
0.000000
0.015686
0.000000
0.125490
0.564706
0.827451
0.937255
0.937255
0.976471
0.984314
0.952941
0.945098
0.949020
0.968627
0.968627
0.952941
0.968627
0.996078
0.976471
0.913725
0.733333
0.109804
0.000000
0.015686
0.000000
0.000000
0.000000
0.000000
0.000000
0.015686
0.000000
0.125490
0.568627
0.823529
0.917647
0.913725
0.968627
0.984314
0.956863
0.952941
0.929412
0.937255
0.960784
0.956863
0.952941
0.964706
0.984314
0.956863
0.721569
0.105882
0.000000
0.015686
0.000000
0.000000
0.000000
0.000000
0.000000
0.019608
0.000000
0.184314
0.709804
0.847059
0.901961
0.929412
0.949020
0.976471
0.988235
0.984314
0.964706
0.956863
0.960784
0.968627
0.964706
0.960784
0.976471
0.972549
0.788235
0.117647
0.000000
0.019608
0.000000
0.000000
0.000000
0.000000
0.000000
0.023529
0.000000
0.227451
0.850980
0.925490
0.941176
0.952941
0.956863
0.980392
1.000000
0.992157
0.988235
0.980392
0.980392
0.988235
0.988235
0.980392
0.992157
0.988235
0.827451
0.129412
0.000000
0.019608
0.000000
0.000000
0.000000
0.000000
0.000000
0.023529
0.000000
0.239216
0.886275
0.952941
0.952941
0.952941
0.952941
0.968627
0.988235
0.988235
0.984314
0.976471
0.976471
0.984314
0.992157
0.984314
0.984314
0.968627
0.839216
0.133333
0.000000
0.019608
0.000000
0.000000
0.000000
0.000000
0.000000
0.023529
0.000000
0.231373
0.847059
0.925490
0.949020
0.968627
0.960784
0.964706
0.984314
0.992157
0.984314
0.980392
0.976471
0.976471
0.980392
0.968627
0.960784
0.941176
0.796078
0.121569
0.000000
0.019608
0.000000
0.000000
0.000000
0.000000
0.000000
0.023529
0.000000
0.215686
0.811765
0.909804
0.972549
0.996078
0.996078
0.984314
0.984314
0.992157
0.996078
1.000000
0.992157
0.972549
0.960784
0.949020
0.952941
0.933333
0.717647
0.105882
0.000000
0.015686
0.000000
0.000000
0.000000
0.000000
0.000000
0.023529
0.000000
0.207843
0.792157
0.921569
0.980392
0.996078
0.976471
0.980392
0.980392
0.976471
0.996078
0.996078
0.976471
0.952941
0.941176
0.933333
0.937255
0.917647
0.713725
0.105882
0.000000
0.015686
0.000000
0.000000
0.000000
0.000000
0.000000
0.019608
0.000000
0.200000
0.780392
0.937255
0.988235
0.988235
0.952941
0.968627
0.980392
0.964706
0.992157
0.996078
0.976471
0.964706
0.968627
0.956863
0.929412
0.898039
0.772549
0.121569
0.000000
0.019608
0.000000
0.000000
0.000000
0.000000
0.000000
0.019608
0.000000
0.176471
0.709804
0.901961
0.980392
0.976471
0.937255
0.949020
0.980392
0.972549
0.980392
0.984314
0.980392
0.972549
0.976471
0.964706
0.901961
0.831373
0.690196
0.105882
0.000000
0.015686
0.000000
0.000000
0.000000
0.000000
0.000000
0.015686
0.000000
0.121569
0.560784
0.847059
1.000000
1.000000
1.000000
1.000000
1.000000
1.000000
1.000000
1.000000
1.000000
1.000000
1.000000
1.000000
0.882353
0.733333
0.466667
0.062745
0.000000
0.011765
0.000000
0.000000
0.000000
0.000000
0.000000
0.003922
0.000000
0.039216
0.192157
0.333333
0.427451
0.462745
0.443137
0.435294
0.443137
0.443137
0.435294
0.423529
0.423529
0.447059
0.458824
0.423529
0.356863
0.278431
0.137255
0.011765
0.000000
0.003922
0.000000
0.000000
0.000000
0.000000
0.000000
0.000000
0.000000
0.000000
0.000000
0.000000
0.000000
0.000000
0.000000
0.000000
0.000000
0.000000
0.000000
0.000000
0.000000
0.000000
0.000000
0.000000
0.000000
0.000000
0.000000
0.000000
0.000000
0.000000
0.000000
0.000000
0.000000
0.000000
0.000000
0.000000
0.000000
0.003922
0.011765
0.019608
0.023529
0.023529
0.023529
0.023529
0.023529
0.023529
0.023529
0.023529
0.023529
0.023529
0.023529
0.023529
0.019608
0.015686
0.007843
0.000000
0.000000
0.000000
0.000000
0.000000
0.000000
0.000000
0.000000
0.000000
0.000000
0.000000
0.000000
0.000000
0.000000
0.000000
0.000000
0.000000
0.000000
0.000000
0.000000
0.000000
0.000000
0.000000
0.000000
0.000000
0.000000
0.000000
0.000000
0.000000
0.000000
0.000000
0.000000
0.000000
0.000000
