0.000000
0.000000
0.000000
0.000000
0.000000
0.000000
0.000000
0.000000
0.000000
0.000000
0.000000
0.000000
0.000000
0.000000
0.000000
0.000000
0.000000
0.000000
0.000000
0.000000
0.000000
0.000000
0.000000
0.000000
0.000000
0.000000
0.000000
0.000000
0.000000
0.000000
0.000000
0.000000
0.000000
0.011765
0.019608
0.023529
0.023529
0.023529
0.027451
0.023529
0.023529
0.023529
0.023529
0.023529
0.023529
0.023529
0.023529
0.023529
0.023529
0.023529
0.019608
0.003922
0.000000
0.000000
0.000000
0.000000
0.000000
0.000000
0.000000
0.000000
0.000000
0.000000
0.000000
0.000000
0.000000
0.000000
0.000000
0.000000
0.000000
0.000000
0.000000
0.000000
0.000000
0.000000
0.000000
0.000000
0.000000
0.000000
0.000000
0.000000
0.000000
0.000000
0.000000
0.000000
0.000000
0.000000
0.003922
0.000000
0.019608
0.137255
0.207843
0.266667
0.282353
0.286274
0.305882
0.305882
0.282353
0.290196
0.301961
0.294118
0.290196
0.298039
0.301961
0.294118
0.294118
0.286274
0.203922
0.027451
0.000000
0.007843
0.000000
0.000000
0.000000
0.000000
0.015686
0.000000
0.070588
0.517647
0.745098
0.909804
0.941176
0.929412
0.976471
0.968627
0.925490
0.949020
0.976471
0.960784
0.949020
0.964706
0.968627
0.949020
0.952941
0.960784
0.772549
0.109804
0.000000
0.023529
0.000000
0.000000
0.000000
0.000000
0.019608
0.000000
0.090196
0.650980
0.886275
0.992157
0.964706
0.913725
0.933333
0.921569
0.917647
0.937255
0.945098
0.937255
0.937255
0.949020
0.933333
0.913725
0.925490
0.996078
0.968627
0.149020
0.000000
0.027451
0.000000
0.000000
0.000000
0.000000
0.019608
0.000000
0.094118
0.678431
0.894118
0.976471
0.925490
0.858824
0.890196
0.886275
0.894118
0.898039
0.886275
0.882353
0.898039
0.917647
0.882353
0.850980
0.866667
0.960784
0.933333
0.145098
0.000000
0.023529
0.000000
0.000000
0.000000
0.000000
0.019608
0.000000
0.094118
0.674510
0.898039
0.980392
0.952941
0.917647
0.964706
0.964706
0.964706
0.964706
0.945098
0.941176
0.964706
0.968627
0.945098
0.909804
0.913725
0.984314
0.886275
0.133333
0.000000
0.023529
0.000000
0.000000
0.000000
0.000000
0.019608
0.000000
0.094118
0.682353
0.909804
0.996078
0.976471
0.956863
1.000000
1.000000
1.000000
1.000000
0.988235
0.980392
1.000000
1.000000
0.992157
0.949020
0.929412
1.000000
0.933333
0.141176
0.000000
0.023529
0.000000
0.000000
0.000000
0.000000
0.019608
0.000000
0.094118
0.686275
0.909804
0.996078
0.968627
0.937255
0.980392
0.992157
0.992157
0.992157
0.976471
0.964706
0.988235
0.996078
0.976471
0.929412
0.894118
0.980392
0.984314
0.156863
0.000000
0.027451
0.000000
0.000000
0.000000
0.000000
0.019608
0.000000
0.094118
0.690196
0.917647
1.000000
0.968627
0.937255
0.980392
0.992157
0.980392
0.988235
0.992157
0.976471
0.984314
0.996078
0.968627
0.929412
0.913725
0.980392
0.952941
0.145098
0.000000
0.027451
0.000000
0.000000
0.000000
0.000000
0.019608
0.000000
0.098039
0.709804
0.929412
1.000000
0.960784
0.929412
0.980392
0.992157
0.972549
0.980392
1.000000
0.992157
0.980392
0.980392
0.960784
0.929412
0.933333
0.988235
0.894118
0.133333
0.000000
0.023529
0.000000
0.000000
0.000000
0.000000
0.019608
0.000000
0.101961
0.729412
0.925490
0.988235
0.972549
0.949020
0.976471
0.972549
0.976471
0.976471
0.988235
0.996078
0.980392
0.984314
0.976471
0.933333
0.917647
0.996078
0.921569
0.137255
0.000000
0.027451
0.000000
0.000000
0.000000
0.000000
0.019608
0.000000
0.105882
0.737255
0.929412
0.984314
0.984314
0.968627
0.984314
0.976471
0.988235
0.980392
0.984314
0.996078
0.988235
0.992157
0.996078
0.941176
0.913725
1.000000
0.937255
0.141176
0.000000
0.027451
0.000000
0.000000
0.000000
0.000000
0.019608
0.000000
0.105882
0.733333
0.929412
0.988235
0.984314
0.972549
0.996078
0.984314
0.984314
0.984314
0.988235
0.996078
0.992157
0.996078
0.996078
0.941176
0.913725
0.996078
0.937255
0.141176
0.000000
0.027451
0.000000
0.000000
0.000000
0.000000
0.019608
0.000000
0.101961
0.729412
0.925490
0.988235
0.980392
0.972549
0.992157
0.980392
0.980392
0.980392
0.988235
0.996078
0.988235
0.996078
0.992157
0.929412
0.898039
0.992157
0.956863
0.145098
0.000000
0.027451
0.000000
0.000000
0.000000
0.000000
0.019608
0.000000
0.101961
0.733333
0.929412
0.988235
0.980392
0.968627
0.988235
0.976471
0.980392
0.980392
0.988235
0.996078
0.992157
0.996078
0.988235
0.929412
0.898039
0.992157
0.964706
0.149020
0.000000
0.027451
0.000000
0.000000
0.000000
0.000000
0.019608
0.000000
0.105882
0.745098
0.941176
0.992157
0.984314
0.972549
0.984314
0.976471
0.984314
0.988235
0.992157
0.996078
0.996078
0.996078
0.992157
0.937255
0.913725
0.996078
0.941176
0.141176
0.000000
0.027451
0.000000
0.000000
0.000000
0.000000
0.019608
0.000000
0.101961
0.737255
0.933333
0.988235
0.976471
0.956863
0.968627
0.952941
0.976471
0.976471
0.984314
0.992157
0.980392
0.980392
0.984314
0.925490
0.909804
0.992157
0.905882
0.133333
0.000000
0.023529
0.000000
0.000000
0.000000
0.000000
0.019608
0.000000
0.098039
0.713725
0.909804
0.976471
0.964706
0.941176
0.952941
0.937255
0.956863
0.956863
0.964706
0.976471
0.956863
0.960784
0.968627
0.917647
0.905882
0.984314
0.890196
0.133333
0.000000
0.023529
0.000000
0.000000
0.000000
0.000000
0.019608
0.000000
0.109804
0.752941
0.949020
0.988235
0.968627
0.952941
0.972549
0.956863
0.972549
0.968627
0.972549
0.976471
0.952941
0.960784
0.968627
0.921569
0.909804
1.000000
0.964706
0.145098
0.000000
0.027451
0.000000
0.000000
0.000000
0.000000
0.019608
0.000000
0.098039
0.705882
0.921569
0.996078
1.000000
0.996078
1.000000
0.988235
1.000000
0.992157
0.996078
1.000000
0.988235
1.000000
1.000000
0.968627
0.964706
1.000000
0.933333
0.137255
0.000000
0.027451
0.000000
0.000000
0.000000
0.000000
0.011765
0.000000
0.043137
0.380392
0.666667
0.886275
0.980392
0.968627
0.925490
0.898039
0.909804
0.913725
0.909804
0.933333
0.976471
1.000000
1.000000
0.984314
0.984314
0.901961
0.584314
0.070588
0.000000
0.015686
0.000000
0.000000
0.000000
0.000000
0.003922
0.000000
0.023529
0.215686
0.403922
0.560784
0.635294
0.627451
0.596078
0.576471
0.596078
0.603922
0.600000
0.623529
0.662745
0.694118
0.701961
0.674510
0.658823
0.580392
0.305882
0.031373
0.000000
0.007843
0.000000
0.000000
0.000000
0.000000
0.000000
0.000000
0.003922
0.050980
0.094118
0.125490
0.141176
0.137255
0.133333
0.129412
0.133333
0.137255
0.137255
0.141176
0.152941
0.164706
0.164706
0.156863
0.149020
0.129412
0.062745
0.007843
0.000000
0.003922
0.000000
0.000000
0.000000
0.000000
0.000000
0.000000
0.000000
0.000000
0.000000
0.000000
0.000000
0.000000
0.000000
0.000000
0.000000
0.000000
0.000000
0.000000
0.000000
0.000000
0.000000
0.000000
0.000000
0.000000
0.000000
0.000000
0.000000
0.000000
0.000000
0.000000
0.000000
0.000000
0.000000
0.000000
0.000000
0.003922
0.007843
0.011765
0.015686
0.015686
0.015686
0.011765
0.015686
0.015686
0.015686
0.015686
0.015686
0.015686
0.015686
0.015686
0.015686
0.015686
0.007843
0.000000
0.000000
0.000000
0.000000
0.000000
0.000000
0.000000
0.000000
0.000000
0.000000
0.000000
0.000000
0.000000
0.000000
0.000000
0.000000
0.000000
0.000000
0.000000
0.000000
0.000000
0.000000
0.000000
0.000000
0.000000
0.000000
0.000000
0.000000
0.000000
0.000000
0.000000
0.000000
0.000000
