0.000000
0.000000
0.000000
0.000000
0.000000
0.000000
0.000000
0.000000
0.000000
0.000000
0.000000
0.000000
0.000000
0.000000
0.000000
0.000000
0.000000
0.000000
0.000000
0.000000
0.000000
0.000000
0.000000
0.000000
0.000000
0.000000
0.000000
0.000000
0.000000
0.000000
0.000000
0.000000
0.007968
0.015936
0.015936
0.015936
0.015936
0.015936
0.015936
0.015936
0.015936
0.015936
0.015936
0.015936
0.015936
0.015936
0.015936
0.011952
0.007968
0.003984
0.000000
0.000000
0.000000
0.000000
0.000000
0.000000
0.000000
0.000000
0.000000
0.000000
0.000000
0.000000
0.000000
0.000000
0.000000
0.000000
0.000000
0.000000
0.000000
0.000000
0.000000
0.000000
0.000000
0.000000
0.000000
0.000000
0.000000
0.000000
0.000000
0.000000
0.000000
0.000000
0.000000
0.000000
0.000000
0.000000
0.011952
0.000000
0.163347
0.382470
0.398406
0.434263
0.418327
0.398406
0.406374
0.426295
0.438247
0.446215
0.438247
0.422311
0.434263
0.438247
0.402390
0.342629
0.247012
0.147410
0.035857
0.000000
0.003984
0.000000
0.000000
0.000000
0.000000
0.000000
0.019920
0.000000
0.318725
0.749004
0.780877
0.848606
0.812749
0.768924
0.776892
0.808765
0.816733
0.836653
0.836653
0.820717
0.844622
0.848606
0.808765
0.717131
0.533864
0.334661
0.083665
0.000000
0.007968
0.000000
0.000000
0.000000
0.000000
0.000000
0.019920
0.000000
0.342629
0.792829
0.816733
0.876494
0.820717
0.768924
0.780877
0.820717
0.844622
0.856574
0.856574
0.852590
0.852590
0.844622
0.840637
0.812749
0.637450
0.422311
0.107570
0.000000
0.007968
0.000000
0.000000
0.000000
0.000000
0.000000
0.023904
0.000000
0.362550
0.848606
0.852590
0.896414
0.856574
0.812749
0.816733
0.872510
0.920319
0.920319
0.892430
0.868526
0.852590
0.852590
0.872510
0.868526
0.713147
0.509960
0.139442
0.000000
0.011952
0.000000
0.000000
0.000000
0.000000
0.000000
0.019920
0.000000
0.350598
0.832669
0.836653
0.860558
0.872510
0.860558
0.828685
0.876494
0.924303
0.908367
0.868526
0.832669
0.828685
0.856574
0.880478
0.864542
0.725100
0.573705
0.167331
0.000000
0.015936
0.000000
0.000000
0.000000
0.000000
0.000000
0.019920
0.000000
0.338645
0.808765
0.820717
0.856574
0.872510
0.868526
0.840637
0.876494
0.900398
0.896414
0.872510
0.844622
0.840637
0.856574
0.860558
0.844622
0.717131
0.577689
0.171315
0.000000
0.015936
0.000000
0.000000
0.000000
0.000000
0.000000
0.023904
0.000000
0.362550
0.856574
0.860558
0.884462
0.896414
0.896414
0.860558
0.868526
0.852590
0.876494
0.892430
0.864542
0.860558
0.856574
0.844622
0.824701
0.709163
0.593626
0.179283
0.000000
0.015936
0.000000
0.000000
0.000000
0.000000
0.000000
0.023904
0.000000
0.374502
0.888446
0.880478
0.896414
0.904382
0.900398
0.868526
0.868526
0.828685
0.872510
0.916335
0.888446
0.884462
0.868526
0.844622
0.820717
0.717131
0.629482
0.195219
0.000000
0.015936
0.000000
0.000000
0.000000
0.000000
0.000000
0.019920
0.000000
0.350598
0.844622
0.840637
0.860558
0.872510
0.888446
0.876494
0.884462
0.852590
0.872510
0.908367
0.900398
0.904382
0.876494
0.852590
0.840637
0.752988
0.697211
0.223108
0.000000
0.019920
0.000000
0.000000
0.000000
0.000000
0.000000
0.023904
0.000000
0.346614
0.832669
0.836653
0.852590
0.856574
0.880478
0.880478
0.904382
0.880478
0.868526
0.880478
0.888446
0.900398
0.884462
0.868526
0.868526
0.796813
0.768924
0.247012
0.000000
0.019920
0.000000
0.000000
0.000000
0.000000
0.000000
0.023904
0.000000
0.366534
0.876494
0.876494
0.888446
0.884462
0.892430
0.892430
0.908367
0.888446
0.860558
0.860558
0.880478
0.892430
0.884462
0.872510
0.872510
0.808765
0.784861
0.254980
0.000000
0.019920
0.000000
0.000000
0.000000
0.000000
0.000000
0.023904
0.000000
0.358566
0.872510
0.896414
0.908367
0.896414
0.904382
0.900398
0.920319
0.892430
0.872510
0.876494
0.880478
0.888446
0.876494
0.868526
0.876494
0.804781
0.760956
0.243028
0.000000
0.019920
0.000000
0.000000
0.000000
0.000000
0.000000
0.019920
0.000000
0.342629
0.824701
0.852590
0.884462
0.900398
0.908367
0.900398
0.932271
0.912351
0.872510
0.872510
0.896414
0.920319
0.896414
0.848606
0.812749
0.737052
0.709163
0.231076
0.000000
0.019920
0.000000
0.000000
0.000000
0.000000
0.000000
0.019920
0.000000
0.338645
0.796813
0.800797
0.860558
0.904382
0.912351
0.900398
0.920319
0.900398
0.860558
0.856574
0.896414
0.940239
0.912351
0.824701
0.741036
0.657371
0.669323
0.227092
0.000000
0.019920
0.000000
0.000000
0.000000
0.000000
0.000000
0.019920
0.000000
0.314741
0.784861
0.836653
0.864542
0.880478
0.908367
0.896414
0.896414
0.856574
0.888446
0.900398
0.856574
0.864542
0.860558
0.836653
0.808765
0.733068
0.709163
0.231076
0.000000
0.019920
0.000000
0.000000
0.000000
0.000000
0.000000
0.019920
0.000000
0.314741
0.820717
0.904382
0.892430
0.872510
0.916335
0.912351
0.888446
0.848606
0.888446
0.900398
0.852590
0.856574
0.860558
0.852590
0.844622
0.760956
0.733068
0.239044
0.000000
0.019920
0.000000
0.000000
0.000000
0.000000
0.000000
0.019920
0.000000
0.330677
0.880478
0.968127
0.908367
0.844622
0.896414
0.900398
0.876494
0.852590
0.844622
0.840637
0.848606
0.880478
0.876494
0.848606
0.816733
0.725100
0.689243
0.223108
0.000000
0.019920
0.000000
0.000000
0.000000
0.000000
0.000000
0.023904
0.000000
0.350598
0.920319
1.000000
0.912351
0.812749
0.852590
0.864542
0.852590
0.860558
0.832669
0.808765
0.832669
0.864542
0.864542
0.828685
0.784861
0.681275
0.601594
0.187251
0.000000
0.015936
0.000000
0.000000
0.000000
0.000000
0.000000
0.023904
0.000000
0.362550
0.936255
1.000000
0.920319
0.824701
0.840637
0.856574
0.876494
0.884462
0.884462
0.864542
0.836653
0.832669
0.836653
0.832669
0.804781
0.681275
0.553785
0.167331
0.000000
0.011952
0.000000
0.000000
0.000000
0.000000
0.000000
0.023904
0.000000
0.322709
0.824701
0.888446
0.860558
0.792829
0.788845
0.804781
0.848606
0.852590
0.864542
0.852590
0.792829
0.764940
0.764940
0.780877
0.768924
0.641434
0.490040
0.143426
0.000000
0.011952
0.000000
0.000000
0.000000
0.000000
0.000000
0.015936
0.000000
0.243028
0.653386
0.768924
0.808765
0.784861
0.760956
0.772908
0.840637
0.840637
0.804781
0.784861
0.772908
0.768924
0.745020
0.725100
0.693227
0.565737
0.402390
0.111554
0.000000
0.011952
0.000000
0.000000
0.000000
0.000000
0.000000
0.007968
0.000000
0.103586
0.294821
0.378486
0.418327
0.410359
0.394422
0.402390
0.446215
0.446215
0.398406
0.386454
0.406374
0.414343
0.394422
0.366534
0.338645
0.270916
0.183267
0.047809
0.000000
0.003984
0.000000
0.000000
0.000000
0.000000
0.000000
0.000000
0.000000
0.000000
0.000000
0.000000
0.000000
0.000000
0.000000
0.000000
0.000000
0.000000
0.000000
0.000000
0.000000
0.000000
0.000000
0.000000
0.000000
0.000000
0.000000
0.000000
0.000000
0.000000
0.000000
0.000000
0.000000
0.000000
0.000000
0.000000
0.000000
0.003984
0.011952
0.015936
0.015936
0.015936
0.015936
0.015936
0.015936
0.015936
0.015936
0.015936
0.015936
0.015936
0.015936
0.011952
0.011952
0.011952
0.007968
0.000000
0.000000
0.000000
0.000000
0.000000
0.000000
0.000000
0.000000
0.000000
0.000000
0.000000
0.000000
0.000000
0.000000
0.000000
0.000000
0.000000
0.000000
0.000000
0.000000
0.000000
0.000000
0.000000
0.000000
0.000000
0.000000
0.000000
0.000000
0.000000
0.000000
0.000000
0.000000
0.000000
0.000000
