0.000000
0.000000
0.000000
0.000000
0.000000
0.000000
0.000000
0.000000
0.000000
0.000000
0.000000
0.000000
0.000000
0.000000
0.000000
0.000000
0.000000
0.000000
0.000000
0.000000
0.000000
0.000000
0.000000
0.000000
0.000000
0.000000
0.000000
0.000000
0.000000
0.000000
0.000000
0.000000
0.000000
0.000000
0.000000
0.000000
0.054852
0.084388
0.092827
0.097046
0.101266
0.101266
0.088608
0.084388
0.088608
0.092827
0.080169
0.016878
0.000000
0.000000
0.000000
0.000000
0.000000
0.000000
0.000000
0.000000
0.000000
0.000000
0.000000
0.000000
0.000000
0.000000
0.000000
0.000000
0.413502
0.620253
0.704641
0.755274
0.801688
0.797468
0.742616
0.746835
0.827004
0.957806
0.755274
0.139241
0.000000
0.008439
0.000000
0.000000
0.000000
0.000000
0.000000
0.000000
0.000000
0.000000
0.000000
0.000000
0.000000
0.000000
0.000000
0.000000
0.189873
0.295359
0.354430
0.413502
0.464135
0.476793
0.468354
0.510548
0.675105
0.962025
0.763713
0.126582
0.000000
0.008439
0.000000
0.000000
0.000000
0.000000
0.000000
0.000000
0.000000
0.000000
0.000000
0.000000
0.000000
0.000000
0.000000
0.000000
0.021097
0.037975
0.080169
0.118143
0.147679
0.168776
0.160338
0.210970
0.383966
0.662447
0.637131
0.113924
0.000000
0.008439
0.000000
0.000000
0.000000
0.000000
0.000000
0.000000
0.000000
0.000000
0.000000
0.000000
0.000000
0.000000
0.000000
0.000000
0.033755
0.059072
0.097046
0.113924
0.092827
0.084388
0.059072
0.071730
0.244726
0.535865
0.641350
0.118143
0.000000
0.008439
0.000000
0.000000
0.000000
0.000000
0.000000
0.000000
0.000000
0.000000
0.000000
0.000000
0.000000
0.000000
0.000000
0.000000
0.105485
0.151899
0.181435
0.189873
0.118143
0.063291
0.029536
0.000000
0.156118
0.485232
0.641350
0.126582
0.000000
0.008439
0.000000
0.000000
0.000000
0.000000
0.000000
0.000000
0.000000
0.000000
0.000000
0.000000
0.000000
0.000000
0.000000
0.000000
0.088608
0.135021
0.130802
0.113924
0.084388
0.054852
0.029536
0.000000
0.126582
0.447257
0.658228
0.139241
0.000000
0.008439
0.000000
0.000000
0.000000
0.000000
0.000000
0.000000
0.000000
0.000000
0.000000
0.000000
0.000000
0.000000
0.000000
0.000000
0.012658
0.021097
0.012658
0.025316
0.054852
0.067511
0.042194
0.000000
0.122363
0.464135
0.704641
0.151899
0.000000
0.008439
0.000000
0.000000
0.000000
0.000000
0.000000
0.000000
0.000000
0.000000
0.000000
0.000000
0.000000
0.000000
0.000000
0.000000
0.012658
0.012658
0.012658
0.033755
0.033755
0.042194
0.033755
0.000000
0.113924
0.481013
0.784810
0.177215
0.000000
0.008439
0.000000
0.000000
0.000000
0.000000
0.000000
0.000000
0.000000
0.000000
0.000000
0.000000
0.000000
0.000000
0.000000
0.000000
0.042194
0.080169
0.075949
0.054852
0.021097
0.000000
0.004219
0.012658
0.164557
0.518987
0.822785
0.202532
0.000000
0.008439
0.000000
0.000000
0.000000
0.000000
0.000000
0.000000
0.000000
0.000000
0.000000
0.000000
0.000000
0.000000
0.000000
0.000000
0.101266
0.164557
0.177215
0.160338
0.122363
0.071730
0.075949
0.118143
0.324894
0.654008
0.810127
0.189873
0.000000
0.008439
0.000000
0.000000
0.000000
0.000000
0.000000
0.000000
0.000000
0.000000
0.000000
0.000000
0.000000
0.000000
0.000000
0.000000
0.168776
0.270042
0.333333
0.367089
0.367089
0.375527
0.413502
0.438819
0.628692
0.911392
0.776371
0.126582
0.000000
0.008439
0.000000
0.000000
0.000000
0.000000
0.000000
0.000000
0.000000
0.000000
0.000000
0.000000
0.000000
0.000000
0.000000
0.000000
0.219409
0.388186
0.523207
0.590717
0.573840
0.607595
0.670886
0.683544
0.827004
1.000000
0.679325
0.088608
0.000000
0.004219
0.000000
0.000000
0.000000
0.000000
0.000000
0.000000
0.000000
0.000000
0.000000
0.000000
0.000000
0.000000
0.000000
0.000000
0.337553
0.569620
0.717300
0.738397
0.594937
0.531646
0.535865
0.527426
0.637131
0.721519
0.485232
0.075949
0.000000
0.004219
0.000000
0.000000
0.000000
0.000000
0.000000
0.000000
0.000000
0.000000
0.000000
0.000000
0.000000
0.000000
0.000000
0.000000
0.447257
0.696203
0.772152
0.717300
0.502110
0.367089
0.341772
0.286920
0.337553
0.396624
0.316456
0.063291
0.000000
0.004219
0.000000
0.000000
0.000000
0.000000
0.000000
0.000000
0.000000
0.000000
0.000000
0.000000
0.000000
0.000000
0.000000
0.000000
0.438819
0.654008
0.594937
0.455696
0.278481
0.177215
0.164557
0.122363
0.156118
0.198312
0.194093
0.042194
0.000000
0.004219
0.000000
0.000000
0.000000
0.000000
0.000000
0.000000
0.000000
0.000000
0.000000
0.000000
0.000000
0.000000
0.000000
0.000000
0.447257
0.586498
0.396624
0.248945
0.135021
0.067511
0.046413
0.016878
0.050633
0.071730
0.101266
0.033755
0.000000
0.000000
0.000000
0.000000
0.000000
0.000000
0.000000
0.000000
0.000000
0.000000
0.000000
0.000000
0.000000
0.000000
0.000000
0.000000
0.531646
0.556962
0.236287
0.097046
0.042194
0.025316
0.004219
0.000000
0.029536
0.033755
0.084388
0.033755
0.000000
0.000000
0.000000
0.000000
0.000000
0.000000
0.000000
0.000000
0.000000
0.000000
0.000000
0.000000
0.000000
0.000000
0.000000
0.000000
0.624473
0.514768
0.122363
0.012658
0.000000
0.012658
0.004219
0.012658
0.042194
0.063291
0.118143
0.042194
0.000000
0.000000
0.000000
0.000000
0.000000
0.000000
0.000000
0.000000
0.000000
0.000000
0.000000
0.000000
0.000000
0.000000
0.000000
0.000000
0.670886
0.523207
0.105485
0.016878
0.000000
0.008439
0.004219
0.000000
0.004219
0.025316
0.067511
0.021097
0.000000
0.000000
0.000000
0.000000
0.000000
0.000000
0.000000
0.000000
0.000000
0.000000
0.000000
0.000000
0.000000
0.000000
0.000000
0.000000
0.641350
0.607595
0.219409
0.080169
0.046413
0.033755
0.025316
0.008439
0.012658
0.008439
0.000000
0.000000
0.000000
0.000000
0.000000
0.000000
0.000000
0.000000
0.000000
0.000000
0.000000
0.000000
0.000000
0.000000
0.000000
0.000000
0.000000
0.000000
0.590717
0.675105
0.396624
0.253165
0.202532
0.164557
0.139241
0.126582
0.135021
0.130802
0.084388
0.008439
0.000000
0.000000
0.000000
0.000000
0.000000
0.000000
0.000000
0.000000
0.000000
0.000000
0.000000
0.000000
0.000000
0.000000
0.000000
0.000000
0.540084
0.721519
0.586498
0.481013
0.400844
0.320675
0.282700
0.270042
0.303797
0.333333
0.248945
0.037975
0.000000
0.004219
0.000000
0.000000
0.000000
0.000000
0.000000
0.000000
0.000000
0.000000
0.000000
0.000000
0.000000
0.000000
0.004219
0.000000
0.540084
0.827004
0.810127
0.738397
0.645570
0.552743
0.514768
0.506329
0.544304
0.569620
0.451477
0.080169
0.000000
0.004219
0.000000
0.000000
0.000000
0.000000
0.000000
0.000000
0.000000
0.000000
0.000000
0.000000
0.000000
0.000000
0.004219
0.000000
0.459916
0.763713
0.860759
0.856540
0.776371
0.721519
0.713080
0.717300
0.738397
0.742616
0.624473
0.122363
0.000000
0.008439
0.000000
0.000000
0.000000
0.000000
0.000000
0.000000
0.000000
0.000000
0.000000
0.000000
0.000000
0.000000
0.000000
0.000000
0.046413
0.080169
0.101266
0.101266
0.092827
0.092827
0.092827
0.092827
0.097046
0.097046
0.088608
0.016878
0.000000
0.000000
0.000000
0.000000
0.000000
0.000000
0.000000
0.000000
0.000000
0.000000
0.000000
0.000000
0.000000
0.000000
0.000000
0.000000
0.000000
0.000000
0.000000
0.000000
0.000000
0.000000
0.000000
0.000000
0.000000
0.000000
0.000000
0.000000
0.000000
0.000000
0.000000
0.000000
0.000000
0.000000
0.000000
0.000000
