0.000000
0.000000
0.000000
0.000000
0.000000
0.000000
0.000000
0.000000
0.000000
0.000000
0.000000
0.000000
0.000000
0.000000
0.000000
0.000000
0.000000
0.000000
0.000000
0.000000
0.000000
0.000000
0.000000
0.000000
0.000000
0.000000
0.000000
0.000000
0.000000
0.000000
0.000000
0.000000
0.000000
0.007843
0.015686
0.015686
0.015686
0.015686
0.015686
0.015686
0.015686
0.015686
0.015686
0.015686
0.015686
0.015686
0.015686
0.015686
0.011765
0.003922
0.000000
0.000000
0.000000
0.000000
0.000000
0.000000
0.000000
0.000000
0.000000
0.000000
0.000000
0.000000
0.000000
0.000000
0.000000
0.000000
0.000000
0.000000
0.000000
0.000000
0.000000
0.000000
0.000000
0.000000
0.000000
0.000000
0.000000
0.000000
0.000000
0.000000
0.000000
0.000000
0.000000
0.000000
0.000000
0.000000
0.003922
0.000000
0.023529
0.129412
0.235294
0.258824
0.223529
0.203922
0.211765
0.219608
0.223529
0.231373
0.235294
0.243137
0.243137
0.239216
0.247059
0.235294
0.164706
0.058824
0.000000
0.000000
0.000000
0.000000
0.000000
0.000000
0.000000
0.000000
0.011765
0.000000
0.113725
0.517647
0.764706
0.807843
0.749020
0.721569
0.737255
0.741176
0.752941
0.760784
0.776471
0.780392
0.780392
0.776471
0.788235
0.764706
0.596078
0.282353
0.027451
0.000000
0.007843
0.000000
0.000000
0.000000
0.000000
0.000000
0.023529
0.000000
0.223529
0.862745
1.000000
1.000000
1.000000
1.000000
1.000000
1.000000
1.000000
1.000000
1.000000
1.000000
1.000000
1.000000
1.000000
1.000000
0.898039
0.568627
0.074510
0.000000
0.011765
0.000000
0.000000
0.000000
0.000000
0.000000
0.027451
0.000000
0.282353
1.000000
0.984314
0.968627
0.972549
0.988235
0.988235
0.984314
0.984314
0.984314
0.984314
0.984314
0.984314
0.984314
0.980392
0.996078
0.996078
0.749020
0.105882
0.000000
0.015686
0.000000
0.000000
0.000000
0.000000
0.000000
0.027451
0.000000
0.282353
0.996078
0.988235
0.980392
0.992157
0.996078
0.996078
0.996078
0.996078
0.996078
0.996078
0.996078
0.996078
0.996078
0.992157
1.000000
0.976471
0.756863
0.109804
0.000000
0.015686
0.000000
0.000000
0.000000
0.000000
0.000000
0.027451
0.000000
0.274510
0.976471
0.992157
0.992157
1.000000
0.996078
0.996078
1.000000
1.000000
1.000000
1.000000
1.000000
1.000000
1.000000
0.996078
1.000000
0.988235
0.776471
0.113725
0.000000
0.019608
0.000000
0.000000
0.000000
0.000000
0.000000
0.027451
0.000000
0.270588
0.964706
0.992157
0.996078
1.000000
0.996078
0.996078
1.000000
1.000000
1.000000
1.000000
1.000000
1.000000
1.000000
0.996078
1.000000
1.000000
0.776471
0.113725
0.000000
0.019608
0.000000
0.000000
0.000000
0.000000
0.000000
0.027451
0.000000
0.266667
0.960784
0.992157
0.988235
0.996078
0.992157
0.992157
1.000000
1.000000
1.000000
1.000000
1.000000
1.000000
1.000000
0.996078
1.000000
0.996078
0.768627
0.113725
0.000000
0.019608
0.000000
0.000000
0.000000
0.000000
0.000000
0.027451
0.000000
0.266667
0.952941
0.992157
0.988235
0.992157
0.996078
0.992157
1.000000
1.000000
1.000000
1.000000
1.000000
1.000000
1.000000
0.996078
1.000000
0.996078
0.776471
0.113725
0.000000
0.019608
0.000000
0.000000
0.000000
0.000000
0.000000
0.027451
0.000000
0.266667
0.952941
0.996078
0.992157
0.996078
1.000000
0.996078
1.000000
1.000000
1.000000
1.000000
1.000000
1.000000
1.000000
0.996078
1.000000
0.996078
0.788235
0.117647
0.000000
0.019608
0.000000
0.000000
0.000000
0.000000
0.000000
0.027451
0.000000
0.266667
0.956863
0.996078
0.992157
0.996078
1.000000
1.000000
1.000000
1.000000
1.000000
1.000000
1.000000
1.000000
1.000000
0.996078
1.000000
0.996078
0.800000
0.117647
0.000000
0.019608
0.000000
0.000000
0.000000
0.000000
0.000000
0.027451
0.000000
0.270588
0.964706
0.992157
0.992157
0.996078
1.000000
1.000000
1.000000
1.000000
1.000000
1.000000
1.000000
1.000000
1.000000
0.996078
1.000000
0.996078
0.800000
0.117647
0.000000
0.019608
0.000000
0.000000
0.000000
0.000000
0.000000
0.027451
0.000000
0.270588
0.964706
0.988235
0.988235
0.992157
0.996078
0.996078
0.996078
0.996078
0.996078
0.996078
0.996078
0.996078
0.996078
0.992157
1.000000
0.996078
0.788235
0.113725
0.000000
0.019608
0.000000
0.000000
0.000000
0.000000
0.000000
0.027451
0.000000
0.270588
0.960784
0.988235
0.984314
0.992157
0.996078
0.996078
0.996078
0.996078
0.996078
0.996078
0.996078
0.996078
0.996078
0.992157
1.000000
0.992157
0.760784
0.109804
0.000000
0.015686
0.000000
0.000000
0.000000
0.000000
0.000000
0.027451
0.000000
0.270588
0.960784
0.984314
0.992157
0.992157
0.992157
0.996078
0.992157
0.988235
0.988235
0.996078
0.996078
0.996078
0.992157
0.992157
1.000000
0.976471
0.764706
0.113725
0.000000
0.015686
0.000000
0.000000
0.000000
0.000000
0.000000
0.027451
0.000000
0.270588
0.960784
0.968627
0.992157
0.976471
0.984314
0.996078
0.992157
0.984314
0.980392
0.996078
0.996078
0.988235
0.984314
0.988235
1.000000
0.980392
0.780392
0.117647
0.000000
0.019608
0.000000
0.000000
0.000000
0.000000
0.000000
0.027451
0.000000
0.274510
0.968627
0.968627
0.984314
0.964706
0.984314
0.996078
0.996078
0.992157
0.988235
0.996078
0.996078
0.984314
0.972549
0.980392
1.000000
0.996078
0.780392
0.113725
0.000000
0.019608
0.000000
0.000000
0.000000
0.000000
0.000000
0.027451
0.000000
0.278431
0.976471
0.992157
1.000000
0.980392
0.988235
1.000000
0.996078
0.992157
0.988235
0.992157
0.992157
0.984314
0.976471
0.980392
0.996078
0.980392
0.784314
0.117647
0.000000
0.019608
0.000000
0.000000
0.000000
0.000000
0.000000
0.027451
0.000000
0.258824
0.937255
0.988235
0.996078
0.949020
0.949020
0.980392
0.992157
0.988235
0.992157
0.992157
0.992157
0.992157
0.992157
0.988235
0.996078
0.980392
0.764706
0.109804
0.000000
0.015686
0.000000
0.000000
0.000000
0.000000
0.000000
0.023529
0.000000
0.215686
0.811765
0.925490
0.996078
0.952941
0.933333
0.952941
0.968627
0.976471
0.984314
0.980392
0.980392
0.976471
0.976471
0.984314
0.992157
0.937255
0.635294
0.086275
0.000000
0.011765
0.000000
0.000000
0.000000
0.000000
0.000000
0.011765
0.000000
0.133333
0.513726
0.654902
0.772549
0.737255
0.701961
0.752941
0.803922
0.815686
0.819608
0.803922
0.788235
0.780392
0.780392
0.788235
0.764706
0.607843
0.345098
0.039216
0.000000
0.007843
0.000000
0.000000
0.000000
0.000000
0.000000
0.003922
0.000000
0.035294
0.137255
0.196078
0.247059
0.231373
0.215686
0.247059
0.278431
0.286274
0.286274
0.274510
0.266667
0.262745
0.258824
0.262745
0.243137
0.156863
0.074510
0.007843
0.000000
0.000000
0.000000
0.000000
0.000000
0.000000
0.000000
0.000000
0.000000
0.000000
0.000000
0.000000
0.000000
0.000000
0.000000
0.000000
0.000000
0.000000
0.000000
0.000000
0.000000
0.000000
0.000000
0.000000
0.000000
0.000000
0.000000
0.000000
0.000000
0.000000
0.000000
0.000000
0.000000
0.000000
0.000000
0.000000
0.000000
0.003922
0.007843
0.011765
0.015686
0.015686
0.015686
0.015686
0.015686
0.015686
0.015686
0.015686
0.015686
0.015686
0.015686
0.015686
0.015686
0.011765
0.007843
0.000000
0.000000
0.000000
0.000000
0.000000
0.000000
0.000000
0.000000
0.000000
0.000000
0.000000
0.000000
0.000000
0.000000
0.000000
0.000000
0.000000
0.000000
0.000000
0.000000
0.000000
0.000000
0.000000
0.000000
0.000000
0.000000
0.000000
0.000000
0.000000
0.000000
0.000000
0.000000
0.000000
0.000000
