0.000000
0.000000
0.000000
0.000000
0.000000
0.000000
0.000000
0.000000
0.000000
0.000000
0.000000
0.000000
0.000000
0.000000
0.000000
0.000000
0.000000
0.000000
0.000000
0.000000
0.000000
0.000000
0.000000
0.000000
0.000000
0.000000
0.000000
0.000000
0.000000
0.000000
0.000000
0.000000
0.000000
0.003922
0.015686
0.023529
0.023529
0.023529
0.023529
0.023529
0.023529
0.023529
0.023529
0.023529
0.023529
0.023529
0.023529
0.019608
0.019608
0.015686
0.003922
0.000000
0.000000
0.000000
0.000000
0.000000
0.000000
0.000000
0.000000
0.000000
0.000000
0.000000
0.000000
0.000000
0.000000
0.000000
0.000000
0.000000
0.000000
0.000000
0.000000
0.000000
0.000000
0.000000
0.000000
0.000000
0.000000
0.000000
0.000000
0.000000
0.000000
0.000000
0.000000
0.000000
0.000000
0.000000
0.000000
0.003922
0.000000
0.035294
0.270588
0.392157
0.400000
0.396078
0.403922
0.403922
0.400000
0.400000
0.407843
0.411765
0.415686
0.411765
0.396078
0.364706
0.317647
0.235294
0.035294
0.000000
0.003922
0.000000
0.000000
0.000000
0.000000
0.000000
0.000000
0.015686
0.000000
0.105882
0.725490
0.972549
0.992157
0.980392
0.984314
0.984314
0.980392
0.980392
0.992157
1.000000
1.000000
0.996078
0.976471
0.921569
0.815686
0.627451
0.090196
0.000000
0.015686
0.000000
0.000000
0.000000
0.000000
0.000000
0.000000
0.019608
0.000000
0.129412
0.850980
0.988235
0.992157
0.984314
0.980392
0.980392
0.976471
0.976471
0.976471
0.984314
0.972549
0.968627
0.976471
0.956863
0.890196
0.729412
0.109804
0.000000
0.015686
0.000000
0.000000
0.000000
0.000000
0.000000
0.000000
0.023529
0.000000
0.149020
0.929412
0.996078
0.992157
0.996078
0.996078
0.992157
0.988235
0.988235
0.988235
0.988235
0.964706
0.972549
0.992157
0.980392
0.952941
0.823529
0.125490
0.000000
0.019608
0.000000
0.000000
0.000000
0.000000
0.000000
0.000000
0.023529
0.000000
0.149020
0.937255
1.000000
0.996078
0.996078
0.996078
0.996078
0.996078
0.996078
0.992157
0.992157
0.976471
0.988235
0.992157
0.976471
0.972549
0.866667
0.137255
0.000000
0.019608
0.000000
0.000000
0.000000
0.000000
0.000000
0.000000
0.019608
0.000000
0.141176
0.901961
0.996078
0.988235
0.984314
0.992157
0.992157
1.000000
1.000000
0.996078
0.992157
0.992157
1.000000
0.988235
0.968627
0.976471
0.901961
0.145098
0.000000
0.019608
0.000000
0.000000
0.000000
0.000000
0.000000
0.000000
0.019608
0.000000
0.141176
0.901961
0.988235
0.988235
0.988235
0.992157
0.988235
0.976471
0.968627
0.980392
0.988235
0.976471
0.972549
0.988235
0.976471
0.945098
0.870588
0.141176
0.000000
0.019608
0.000000
0.000000
0.000000
0.000000
0.000000
0.000000
0.019608
0.000000
0.145098
0.905882
0.968627
0.980392
0.992157
0.996078
0.992157
0.972549
0.968627
0.984314
1.000000
0.980392
0.972549
0.992157
0.988235
0.956863
0.874510
0.137255
0.000000
0.019608
0.000000
0.000000
0.000000
0.000000
0.000000
0.000000
0.019608
0.000000
0.141176
0.886275
0.964706
0.972549
0.984314
0.988235
0.976471
0.964706
0.960784
0.964706
0.968627
0.956863
0.956863
0.980392
0.996078
0.996078
0.925490
0.149020
0.000000
0.019608
0.000000
0.000000
0.000000
0.000000
0.000000
0.000000
0.019608
0.000000
0.129412
0.847059
0.976471
0.980392
0.968627
0.960784
0.941176
0.921569
0.898039
0.882353
0.878431
0.886275
0.898039
0.945098
0.996078
1.000000
0.960784
0.156863
0.000000
0.023529
0.000000
0.000000
0.000000
0.000000
0.000000
0.000000
0.019608
0.000000
0.117647
0.792157
0.976471
0.980392
0.960784
0.952941
0.933333
0.905882
0.882353
0.862745
0.843137
0.870588
0.894118
0.925490
0.988235
1.000000
0.972549
0.160784
0.000000
0.023529
0.000000
0.000000
0.000000
0.000000
0.000000
0.000000
0.019608
0.000000
0.113725
0.768627
0.952941
0.964706
0.952941
0.956863
0.949020
0.941176
0.933333
0.921569
0.913725
0.925490
0.929412
0.952941
0.996078
1.000000
0.956863
0.152941
0.000000
0.023529
0.000000
0.000000
0.000000
0.000000
0.000000
0.000000
0.019608
0.000000
0.121569
0.796078
0.952941
0.956863
0.956863
0.960784
0.960784
0.960784
0.960784
0.964706
0.972549
0.952941
0.925490
0.941176
0.972549
0.972549
0.913725
0.145098
0.000000
0.019608
0.000000
0.000000
0.000000
0.000000
0.000000
0.000000
0.019608
0.000000
0.125490
0.807843
0.952941
0.964706
0.960784
0.964706
0.952941
0.937255
0.937255
0.949020
0.968627
0.937255
0.905882
0.917647
0.941176
0.937255
0.874510
0.141176
0.000000
0.019608
0.000000
0.000000
0.000000
0.000000
0.000000
0.000000
0.019608
0.000000
0.109804
0.749020
0.949020
0.972549
0.964706
0.960784
0.933333
0.909804
0.909804
0.933333
0.964706
0.964706
0.937255
0.941176
0.968627
0.952941
0.874510
0.141176
0.000000
0.019608
0.000000
0.000000
0.000000
0.000000
0.000000
0.000000
0.015686
0.000000
0.098039
0.694118
0.929412
0.960784
0.956863
0.960784
0.949020
0.937255
0.937255
0.949020
0.964706
0.972549
0.972549
0.984314
0.992157
0.960784
0.870588
0.137255
0.000000
0.019608
0.000000
0.000000
0.000000
0.000000
0.000000
0.000000
0.015686
0.000000
0.109804
0.729412
0.925490
0.941176
0.945098
0.952941
0.956863
0.956863
0.956863
0.956863
0.952941
0.952941
0.980392
1.000000
0.976471
0.956863
0.874510
0.137255
0.000000
0.019608
0.000000
0.000000
0.000000
0.000000
0.000000
0.000000
0.019608
0.000000
0.117647
0.784314
0.941176
0.937255
0.925490
0.929412
0.921569
0.905882
0.901961
0.925490
0.964706
0.988235
0.996078
0.996078
0.992157
0.992157
0.921569
0.149020
0.000000
0.019608
0.000000
0.000000
0.000000
0.000000
0.000000
0.000000
0.015686
0.000000
0.109804
0.745098
0.905882
0.917647
0.925490
0.960784
0.964706
0.917647
0.870588
0.878431
0.929412
0.949020
0.968627
0.980392
0.968627
0.972549
0.905882
0.145098
0.000000
0.019608
0.000000
0.000000
0.000000
0.000000
0.000000
0.000000
0.011765
0.000000
0.082353
0.603922
0.870588
0.894118
0.913725
0.972549
0.980392
0.909804
0.839216
0.835294
0.890196
0.929412
0.964706
0.980392
0.941176
0.870588
0.729412
0.113725
0.000000
0.015686
0.000000
0.000000
0.000000
0.000000
0.000000
0.000000
0.007843
0.000000
0.062745
0.478431
0.741176
0.741176
0.729412
0.772549
0.776471
0.713725
0.666667
0.701961
0.796078
0.847059
0.870588
0.886275
0.823529
0.690196
0.494118
0.070588
0.000000
0.011765
0.000000
0.000000
0.000000
0.000000
0.000000
0.000000
0.003922
0.000000
0.023529
0.176471
0.266667
0.258824
0.243137
0.254902
0.254902
0.231373
0.223529
0.247059
0.301961
0.317647
0.325490
0.329412
0.301961
0.239216
0.156863
0.019608
0.000000
0.003922
0.000000
0.000000
0.000000
0.000000
0.000000
0.000000
0.000000
0.000000
0.000000
0.000000
0.000000
0.000000
0.000000
0.000000
0.000000
0.000000
0.000000
0.000000
0.000000
0.000000
0.000000
0.000000
0.000000
0.000000
0.000000
0.000000
0.000000
0.000000
0.000000
0.000000
0.000000
0.000000
0.000000
0.000000
0.000000
0.000000
0.000000
0.011765
0.015686
0.015686
0.015686
0.015686
0.015686
0.015686
0.015686
0.015686
0.015686
0.019608
0.019608
0.019608
0.019608
0.015686
0.011765
0.000000
0.000000
0.000000
0.000000
0.000000
0.000000
0.000000
0.000000
0.000000
0.000000
0.000000
0.000000
0.000000
0.000000
0.000000
0.000000
0.000000
0.000000
0.000000
0.000000
0.000000
0.000000
0.000000
0.000000
0.000000
0.000000
0.000000
0.000000
0.000000
0.000000
0.000000
0.000000
0.000000
0.000000
