0.000000
0.000000
0.000000
0.000000
0.000000
0.000000
0.000000
0.000000
0.000000
0.000000
0.000000
0.000000
0.000000
0.000000
0.000000
0.000000
0.000000
0.000000
0.000000
0.000000
0.000000
0.000000
0.000000
0.000000
0.000000
0.000000
0.000000
0.000000
0.000000
0.000000
0.000000
0.000000
0.000000
0.007843
0.011765
0.015686
0.015686
0.015686
0.015686
0.015686
0.015686
0.015686
0.015686
0.019608
0.019608
0.019608
0.019608
0.019608
0.015686
0.015686
0.007843
0.000000
0.000000
0.000000
0.000000
0.000000
0.000000
0.000000
0.000000
0.000000
0.000000
0.000000
0.000000
0.000000
0.000000
0.000000
0.000000
0.000000
0.000000
0.000000
0.000000
0.000000
0.000000
0.000000
0.000000
0.000000
0.000000
0.000000
0.000000
0.000000
0.000000
0.000000
0.000000
0.000000
0.000000
0.000000
0.000000
0.000000
0.007843
0.058824
0.101961
0.129412
0.149020
0.160784
0.168627
0.160784
0.152941
0.160784
0.176471
0.184314
0.203922
0.207843
0.192157
0.188235
0.176471
0.133333
0.078431
0.011765
0.000000
0.000000
0.000000
0.000000
0.000000
0.000000
0.003922
0.000000
0.027451
0.250980
0.466667
0.607843
0.662745
0.678431
0.686275
0.686275
0.666667
0.690196
0.713725
0.737255
0.776471
0.780392
0.749020
0.745098
0.721569
0.611765
0.407843
0.054902
0.000000
0.011765
0.000000
0.000000
0.000000
0.000000
0.011765
0.000000
0.047059
0.431373
0.776471
0.968627
1.000000
0.976471
0.964706
0.988235
1.000000
1.000000
0.992157
0.984314
0.992157
0.976471
0.968627
0.984314
0.996078
0.956863
0.752941
0.105882
0.000000
0.019608
0.000000
0.000000
0.000000
0.000000
0.019608
0.000000
0.098039
0.705882
0.980392
1.000000
0.996078
0.996078
0.992157
1.000000
1.000000
1.000000
0.996078
0.992157
0.988235
0.980392
0.980392
0.988235
0.984314
1.000000
0.984314
0.152941
0.000000
0.027451
0.000000
0.000000
0.000000
0.000000
0.019608
0.000000
0.101961
0.756863
1.000000
0.996078
0.968627
0.980392
0.980392
0.984314
0.984314
0.976471
0.972549
0.976471
0.976471
0.976471
0.976471
0.976471
0.956863
0.996078
1.000000
0.156863
0.000000
0.027451
0.000000
0.000000
0.000000
0.000000
0.019608
0.000000
0.098039
0.717647
0.980392
0.996078
0.976471
0.992157
0.988235
0.988235
0.988235
0.976471
0.972549
0.980392
0.988235
0.992157
0.992157
0.988235
0.964706
1.000000
0.968627
0.149020
0.000000
0.027451
0.000000
0.000000
0.000000
0.000000
0.019608
0.000000
0.098039
0.713725
0.976471
0.988235
0.976471
0.996078
0.992157
0.988235
0.988235
0.972549
0.968627
0.988235
0.996078
0.996078
0.996078
0.988235
0.964706
1.000000
0.964706
0.149020
0.000000
0.027451
0.000000
0.000000
0.000000
0.000000
0.019608
0.000000
0.094118
0.705882
0.964706
0.984314
0.976471
1.000000
0.996078
0.988235
0.984314
0.976471
0.984314
0.992157
0.996078
0.996078
0.992157
0.988235
0.964706
1.000000
0.964706
0.149020
0.000000
0.027451
0.000000
0.000000
0.000000
0.000000
0.019608
0.000000
0.094118
0.694118
0.952941
0.984314
0.984314
1.000000
0.996078
0.988235
0.988235
0.988235
0.996078
0.996078
0.992157
0.992157
0.988235
0.984314
0.964706
1.000000
0.972549
0.149020
0.000000
0.027451
0.000000
0.000000
0.000000
0.000000
0.019608
0.000000
0.090196
0.686275
0.949020
0.988235
0.984314
1.000000
0.992157
0.984314
0.992157
0.996078
0.996078
0.996078
0.992157
0.988235
0.984314
0.980392
0.964706
1.000000
0.980392
0.152941
0.000000
0.027451
0.000000
0.000000
0.000000
0.000000
0.019608
0.000000
0.090196
0.678431
0.949020
0.988235
0.988235
0.996078
0.984314
0.980392
0.992157
0.996078
0.996078
0.996078
0.992157
0.988235
0.984314
0.984314
0.964706
1.000000
0.988235
0.152941
0.000000
0.027451
0.000000
0.000000
0.000000
0.000000
0.019608
0.000000
0.090196
0.674510
0.949020
0.996078
0.996078
0.996078
0.976471
0.980392
0.992157
1.000000
0.996078
0.992157
0.996078
0.992157
0.988235
0.992157
0.972549
1.000000
0.988235
0.152941
0.000000
0.027451
0.000000
0.000000
0.000000
0.000000
0.019608
0.000000
0.090196
0.670588
0.952941
1.000000
0.992157
0.984314
0.968627
0.984314
0.996078
0.980392
0.980392
0.992157
0.988235
0.992157
0.996078
0.992157
0.972549
1.000000
0.980392
0.152941
0.000000
0.027451
0.000000
0.000000
0.000000
0.000000
0.019608
0.000000
0.086275
0.662745
0.956863
1.000000
0.976471
0.960784
0.972549
0.996078
0.992157
0.941176
0.956863
0.996078
0.964706
0.984314
1.000000
0.984314
0.964706
1.000000
0.968627
0.149020
0.000000
0.027451
0.000000
0.000000
0.000000
0.000000
0.019608
0.000000
0.086275
0.658823
0.941176
1.000000
0.996078
0.992157
0.996078
0.996078
0.976471
0.980392
1.000000
0.992157
0.960784
0.952941
0.972549
0.968627
0.956863
1.000000
0.968627
0.149020
0.000000
0.027451
0.000000
0.000000
0.000000
0.000000
0.019608
0.000000
0.098039
0.713725
0.945098
0.968627
0.976471
0.992157
0.984314
0.988235
0.996078
0.968627
0.964706
0.968627
0.933333
0.949020
0.984314
0.984314
0.976471
1.000000
0.960784
0.149020
0.000000
0.027451
0.000000
0.000000
0.000000
0.000000
0.019608
0.000000
0.090196
0.678431
0.933333
0.960784
0.968627
0.996078
0.984314
0.976471
0.988235
0.964706
0.968627
0.980392
0.960784
0.980392
1.000000
0.992157
0.976471
1.000000
0.905882
0.137255
0.000000
0.023529
0.000000
0.000000
0.000000
0.000000
0.019608
0.000000
0.090196
0.662745
0.952941
0.988235
0.976471
0.996078
0.996078
0.980392
0.968627
0.988235
1.000000
1.000000
0.992157
0.992157
0.988235
0.976471
0.968627
1.000000
0.917647
0.137255
0.000000
0.023529
0.000000
0.000000
0.000000
0.000000
0.019608
0.000000
0.098039
0.717647
0.992157
1.000000
0.968627
0.968627
0.980392
0.996078
0.980392
0.976471
0.988235
0.980392
0.968627
0.972549
0.949020
0.956863
0.976471
1.000000
0.980392
0.149020
0.000000
0.027451
0.000000
0.000000
0.000000
0.000000
0.019608
0.000000
0.086275
0.647059
0.929412
0.988235
0.960784
0.949020
0.968627
0.992157
0.988235
0.952941
0.941176
0.949020
0.956863
0.984314
0.956863
0.952941
0.980392
1.000000
0.901961
0.133333
0.000000
0.023529
0.000000
0.000000
0.000000
0.000000
0.015686
0.000000
0.058824
0.498039
0.827451
1.000000
1.000000
1.000000
1.000000
1.000000
1.000000
1.000000
1.000000
1.000000
1.000000
1.000000
1.000000
1.000000
1.000000
0.964706
0.749020
0.105882
0.000000
0.023529
0.000000
0.000000
0.000000
0.000000
0.003922
0.000000
0.015686
0.129412
0.239216
0.329412
0.352941
0.349020
0.349020
0.349020
0.329412
0.345098
0.356863
0.352941
0.352941
0.349020
0.345098
0.329412
0.317647
0.290196
0.207843
0.027451
0.000000
0.007843
0.000000
0.000000
0.000000
0.000000
0.000000
0.000000
0.000000
0.000000
0.000000
0.000000
0.000000
0.000000
0.000000
0.000000
0.000000
0.000000
0.000000
0.000000
0.000000
0.000000
0.000000
0.000000
0.000000
0.000000
0.000000
0.000000
0.000000
0.000000
0.000000
0.000000
0.000000
0.000000
0.000000
0.000000
0.000000
0.011765
0.019608
0.027451
0.027451
0.027451
0.027451
0.027451
0.027451
0.027451
0.027451
0.027451
0.027451
0.027451
0.027451
0.027451
0.027451
0.023529
0.019608
0.003922
0.000000
0.000000
0.000000
0.000000
0.000000
0.000000
0.000000
0.000000
0.000000
0.000000
0.000000
0.000000
0.000000
0.000000
0.000000
0.000000
0.000000
0.000000
0.000000
0.000000
0.000000
0.000000
0.000000
0.000000
0.000000
0.000000
0.000000
0.000000
0.000000
0.000000
0.000000
0.000000
