0.000000
0.000000
0.000000
0.000000
0.000000
0.000000
0.000000
0.000000
0.000000
0.000000
0.000000
0.000000
0.000000
0.000000
0.000000
0.000000
0.000000
0.000000
0.000000
0.000000
0.000000
0.000000
0.000000
0.000000
0.000000
0.000000
0.000000
0.000000
0.000000
0.000000
0.000000
0.000000
0.000000
0.007843
0.011765
0.015686
0.015686
0.015686
0.015686
0.015686
0.015686
0.015686
0.015686
0.019608
0.019608
0.019608
0.019608
0.015686
0.015686
0.007843
0.000000
0.000000
0.000000
0.000000
0.000000
0.000000
0.000000
0.000000
0.000000
0.000000
0.000000
0.000000
0.000000
0.000000
0.000000
0.000000
0.000000
0.000000
0.000000
0.000000
0.000000
0.000000
0.000000
0.000000
0.000000
0.000000
0.000000
0.000000
0.000000
0.000000
0.000000
0.000000
0.000000
0.000000
0.000000
0.000000
0.003922
0.000000
0.023529
0.121569
0.203922
0.258824
0.274510
0.266667
0.262745
0.254902
0.258824
0.274510
0.282353
0.309804
0.309804
0.309804
0.301961
0.270588
0.215686
0.105882
0.011765
0.000000
0.003922
0.000000
0.000000
0.000000
0.000000
0.000000
0.011765
0.000000
0.090196
0.427451
0.654902
0.788235
0.815686
0.815686
0.811765
0.792157
0.788235
0.831373
0.831373
0.870588
0.858824
0.866667
0.866667
0.819608
0.729412
0.478431
0.062745
0.000000
0.011765
0.000000
0.000000
0.000000
0.000000
0.000000
0.015686
0.000000
0.156863
0.658823
0.905882
0.988235
0.984314
0.996078
1.000000
0.992157
0.968627
1.000000
0.988235
1.000000
0.976471
0.980392
0.988235
0.980392
0.996078
0.784314
0.113725
0.000000
0.015686
0.000000
0.000000
0.000000
0.000000
0.000000
0.019608
0.000000
0.184314
0.760784
0.968627
0.992157
0.929412
0.933333
0.980392
0.964706
0.929412
0.933333
0.937255
0.984314
0.960784
0.945098
0.905882
0.901961
0.996078
0.811765
0.121569
0.000000
0.019608
0.000000
0.000000
0.000000
0.000000
0.000000
0.019608
0.000000
0.172549
0.725490
0.937255
0.960784
0.909804
0.929412
0.984314
1.000000
0.976471
0.945098
0.952941
0.992157
1.000000
0.992157
0.913725
0.878431
1.000000
0.807843
0.121569
0.000000
0.019608
0.000000
0.000000
0.000000
0.000000
0.000000
0.019608
0.000000
0.172549
0.721569
0.929412
0.996078
0.964706
0.956863
0.988235
1.000000
0.992157
0.992157
0.964706
0.988235
0.980392
0.992157
0.921569
0.878431
1.000000
0.803922
0.121569
0.000000
0.019608
0.000000
0.000000
0.000000
0.000000
0.000000
0.015686
0.000000
0.156863
0.678431
0.933333
0.976471
0.945098
0.968627
0.992157
0.992157
0.996078
0.992157
0.968627
0.988235
0.988235
0.992157
0.929412
0.901961
0.992157
0.827451
0.125490
0.000000
0.019608
0.000000
0.000000
0.000000
0.000000
0.000000
0.015686
0.000000
0.152941
0.674510
0.941176
0.964706
0.921569
0.964706
0.996078
0.992157
0.992157
0.980392
0.976471
0.988235
1.000000
0.996078
0.925490
0.913725
0.996078
0.839216
0.129412
0.000000
0.019608
0.000000
0.000000
0.000000
0.000000
0.000000
0.019608
0.000000
0.164706
0.705882
0.956863
0.988235
0.937255
0.964706
0.996078
0.984314
0.984314
0.984314
0.976471
0.984314
0.996078
0.992157
0.925490
0.909804
1.000000
0.847059
0.129412
0.000000
0.019608
0.000000
0.000000
0.000000
0.000000
0.000000
0.019608
0.000000
0.160784
0.698039
0.952941
0.980392
0.937255
0.968627
0.992157
0.980392
0.984314
0.988235
0.976471
0.984314
0.996078
0.992157
0.929412
0.917647
1.000000
0.862745
0.133333
0.000000
0.019608
0.000000
0.000000
0.000000
0.000000
0.000000
0.015686
0.000000
0.152941
0.666667
0.937255
0.968627
0.929412
0.960784
0.992157
0.980392
0.988235
0.992157
0.976471
0.984314
0.996078
0.992157
0.929412
0.917647
1.000000
0.870588
0.133333
0.000000
0.019608
0.000000
0.000000
0.000000
0.000000
0.000000
0.015686
0.000000
0.149020
0.658823
0.929412
0.960784
0.921569
0.952941
0.984314
0.972549
0.976471
0.992157
0.976471
0.984314
0.996078
0.992157
0.929412
0.917647
1.000000
0.870588
0.133333
0.000000
0.019608
0.000000
0.000000
0.000000
0.000000
0.000000
0.015686
0.000000
0.152941
0.666667
0.937255
0.968627
0.925490
0.956863
0.980392
0.960784
0.968627
0.988235
0.976471
0.984314
0.996078
0.992157
0.929412
0.917647
1.000000
0.862745
0.133333
0.000000
0.019608
0.000000
0.000000
0.000000
0.000000
0.000000
0.015686
0.000000
0.152941
0.670588
0.941176
0.976471
0.929412
0.960784
0.984314
0.964706
0.972549
0.984314
0.976471
0.984314
0.996078
0.992157
0.925490
0.913725
1.000000
0.847059
0.129412
0.000000
0.019608
0.000000
0.000000
0.000000
0.000000
0.000000
0.015686
0.000000
0.145098
0.654902
0.929412
0.964706
0.921569
0.968627
0.996078
0.980392
0.984314
0.984314
0.968627
0.984314
0.996078
0.992157
0.929412
0.913725
0.996078
0.835294
0.129412
0.000000
0.019608
0.000000
0.000000
0.000000
0.000000
0.000000
0.015686
0.000000
0.145098
0.643137
0.913725
0.976471
0.952941
0.968627
0.988235
0.988235
0.992157
0.988235
0.988235
1.000000
1.000000
0.992157
0.917647
0.901961
0.992157
0.839216
0.129412
0.000000
0.019608
0.000000
0.000000
0.000000
0.000000
0.000000
0.015686
0.000000
0.160784
0.674510
0.909804
0.976471
0.952941
0.945098
0.976471
0.980392
0.968627
0.964706
0.976471
0.968627
0.968627
0.968627
0.905882
0.894118
1.000000
0.827451
0.121569
0.000000
0.019608
0.000000
0.000000
0.000000
0.000000
0.000000
0.019608
0.000000
0.172549
0.729412
0.941176
0.925490
0.854902
0.901961
0.980392
0.972549
0.921569
0.921569
0.905882
0.882353
0.894118
0.929412
0.913725
0.921569
1.000000
0.819608
0.121569
0.000000
0.019608
0.000000
0.000000
0.000000
0.000000
0.000000
0.019608
0.000000
0.176471
0.733333
0.956863
0.952941
0.886275
0.913725
0.980392
0.964706
0.925490
0.976471
0.984314
0.968627
0.952941
0.921569
0.866667
0.878431
0.984314
0.878431
0.137255
0.000000
0.019608
0.000000
0.000000
0.000000
0.000000
0.000000
0.015686
0.000000
0.121569
0.541176
0.811765
0.952941
0.972549
0.960784
0.964706
0.988235
0.984314
0.952941
0.937255
0.913725
0.960784
1.000000
0.988235
0.925490
0.819608
0.588235
0.082353
0.000000
0.015686
0.000000
0.000000
0.000000
0.000000
0.000000
0.007843
0.000000
0.050980
0.262745
0.501961
0.709804
0.776471
0.721569
0.662745
0.690196
0.705882
0.607843
0.588235
0.564706
0.650980
0.760784
0.788235
0.698039
0.470588
0.196078
0.015686
0.000000
0.003922
0.000000
0.000000
0.000000
0.000000
0.000000
0.000000
0.000000
0.007843
0.054902
0.133333
0.215686
0.247059
0.215686
0.180392
0.188235
0.196078
0.152941
0.149020
0.137255
0.176471
0.219608
0.235294
0.203922
0.109804
0.011765
0.000000
0.000000
0.000000
0.000000
0.000000
0.000000
0.000000
0.000000
0.000000
0.000000
0.000000
0.000000
0.000000
0.000000
0.000000
0.000000
0.000000
0.000000
0.000000
0.000000
0.000000
0.000000
0.000000
0.000000
0.000000
0.000000
0.000000
0.000000
0.003922
0.000000
0.000000
0.000000
0.000000
0.000000
0.000000
0.000000
0.000000
0.000000
0.000000
0.003922
0.007843
0.015686
0.015686
0.015686
0.011765
0.011765
0.011765
0.011765
0.011765
0.011765
0.011765
0.015686
0.015686
0.011765
0.007843
0.003922
0.000000
0.000000
0.000000
0.000000
0.000000
0.000000
0.000000
0.000000
0.000000
0.000000
0.000000
0.000000
0.000000
0.000000
0.000000
0.000000
0.000000
0.000000
0.000000
0.000000
0.000000
0.000000
0.000000
0.000000
0.000000
0.000000
0.000000
0.000000
0.000000
0.000000
0.000000
0.000000
0.000000
0.000000
