0.000000
0.000000
0.000000
0.000000
0.000000
0.000000
0.000000
0.000000
0.000000
0.000000
0.000000
0.000000
0.000000
0.000000
0.000000
0.000000
0.000000
0.000000
0.000000
0.000000
0.000000
0.000000
0.000000
0.000000
0.000000
0.000000
0.000000
0.000000
0.000000
0.000000
0.000000
0.000000
0.003922
0.019608
0.023529
0.027451
0.027451
0.023529
0.023529
0.027451
0.027451
0.027451
0.027451
0.023529
0.027451
0.027451
0.023529
0.019608
0.015686
0.007843
0.000000
0.000000
0.000000
0.000000
0.000000
0.000000
0.000000
0.000000
0.000000
0.000000
0.000000
0.000000
0.000000
0.000000
0.000000
0.000000
0.000000
0.000000
0.000000
0.000000
0.000000
0.000000
0.000000
0.000000
0.000000
0.000000
0.000000
0.000000
0.000000
0.000000
0.000000
0.000000
0.000000
0.000000
0.000000
0.000000
0.007843
0.000000
0.082353
0.309804
0.380392
0.474510
0.478431
0.466667
0.470588
0.478431
0.490196
0.490196
0.482353
0.474510
0.490196
0.478431
0.439216
0.376471
0.247059
0.145098
0.019608
0.000000
0.003922
0.000000
0.000000
0.000000
0.000000
0.000000
0.023529
0.000000
0.215686
0.811765
0.949020
1.000000
1.000000
1.000000
1.000000
1.000000
1.000000
1.000000
1.000000
1.000000
1.000000
1.000000
1.000000
0.937255
0.690196
0.443137
0.058824
0.000000
0.007843
0.000000
0.000000
0.000000
0.000000
0.000000
0.023529
0.000000
0.239216
0.878431
0.964706
0.956863
0.933333
0.917647
0.901961
0.890196
0.894118
0.898039
0.898039
0.894118
0.901961
0.886275
0.909804
0.941176
0.807843
0.568627
0.082353
0.000000
0.011765
0.000000
0.000000
0.000000
0.000000
0.000000
0.023529
0.000000
0.250980
0.913725
0.972549
0.984314
0.976471
0.972549
0.956863
0.937255
0.917647
0.917647
0.929412
0.941176
0.952941
0.901961
0.894118
0.933333
0.827451
0.603922
0.086275
0.000000
0.015686
0.000000
0.000000
0.000000
0.000000
0.000000
0.027451
0.000000
0.266667
0.960784
0.992157
0.988235
0.992157
1.000000
0.992157
0.968627
0.937255
0.933333
0.952941
0.972549
1.000000
0.952941
0.929412
0.968627
0.894118
0.682353
0.101961
0.000000
0.015686
0.000000
0.000000
0.000000
0.000000
0.000000
0.027451
0.000000
0.262745
0.949020
0.992157
0.984314
0.992157
1.000000
0.992157
0.972549
0.952941
0.949020
0.968627
0.996078
0.976471
0.905882
0.909804
0.976471
0.917647
0.725490
0.109804
0.000000
0.015686
0.000000
0.000000
0.000000
0.000000
0.000000
0.023529
0.000000
0.247059
0.882353
0.929412
0.988235
0.988235
0.976471
0.964706
0.952941
0.952941
0.964706
0.980392
0.992157
0.992157
0.956863
0.952941
0.960784
0.827451
0.600000
0.086275
0.000000
0.011765
0.000000
0.000000
0.000000
0.000000
0.000000
0.023529
0.000000
0.243137
0.858824
0.913725
0.996078
0.984314
0.933333
0.901961
0.909804
0.949020
0.976471
0.988235
0.984314
0.960784
0.945098
0.972549
0.949020
0.760784
0.505882
0.066667
0.000000
0.011765
0.000000
0.000000
0.000000
0.000000
0.000000
0.023529
0.000000
0.243137
0.882353
0.952941
0.996078
0.968627
0.913725
0.890196
0.913725
0.956863
0.976471
0.968627
0.949020
0.901961
0.878431
0.945098
0.964706
0.760784
0.482353
0.062745
0.000000
0.011765
0.000000
0.000000
0.000000
0.000000
0.000000
0.023529
0.000000
0.243137
0.901961
0.980392
0.996078
0.952941
0.917647
0.921569
0.937255
0.952941
0.937255
0.909804
0.886275
0.890196
0.878431
0.945098
0.984314
0.752941
0.458824
0.058824
0.000000
0.011765
0.000000
0.000000
0.000000
0.000000
0.000000
0.023529
0.000000
0.250980
0.921569
0.992157
0.992157
0.956863
0.925490
0.909804
0.894118
0.882353
0.862745
0.850980
0.847059
0.882353
0.878431
0.937255
0.988235
0.764706
0.486274
0.062745
0.000000
0.011765
0.000000
0.000000
0.000000
0.000000
0.000000
0.023529
0.000000
0.243137
0.901961
0.984314
1.000000
0.980392
0.949020
0.917647
0.882353
0.847059
0.827451
0.839216
0.862745
0.905882
0.894118
0.945098
0.988235
0.776471
0.505882
0.066667
0.000000
0.011765
0.000000
0.000000
0.000000
0.000000
0.000000
0.023529
0.000000
0.231373
0.854902
0.933333
0.996078
0.980392
0.949020
0.917647
0.882353
0.854902
0.847059
0.882353
0.925490
0.956863
0.925490
0.956863
0.988235
0.780392
0.509804
0.066667
0.000000
0.011765
0.000000
0.000000
0.000000
0.000000
0.000000
0.023529
0.000000
0.227451
0.839216
0.913725
0.976471
0.952941
0.917647
0.890196
0.870588
0.866667
0.878431
0.925490
0.972549
0.988235
0.937255
0.956863
0.988235
0.780392
0.505882
0.066667
0.000000
0.011765
0.000000
0.000000
0.000000
0.000000
0.000000
0.023529
0.000000
0.235294
0.866667
0.949020
0.964706
0.929412
0.886275
0.858824
0.858824
0.870588
0.898039
0.945098
0.988235
0.988235
0.925490
0.945098
0.984314
0.772549
0.505882
0.070588
0.000000
0.011765
0.000000
0.000000
0.000000
0.000000
0.000000
0.023529
0.000000
0.239216
0.874510
0.964706
0.964706
0.925490
0.878431
0.858824
0.858824
0.870588
0.901961
0.941176
0.984314
0.972549
0.905882
0.937255
0.984314
0.784314
0.521569
0.070588
0.000000
0.011765
0.000000
0.000000
0.000000
0.000000
0.000000
0.023529
0.000000
0.223529
0.819608
0.898039
0.937255
0.909804
0.870588
0.850980
0.847059
0.858824
0.882353
0.925490
0.968627
0.960784
0.894118
0.933333
0.992157
0.807843
0.537255
0.070588
0.000000
0.011765
0.000000
0.000000
0.000000
0.000000
0.000000
0.019608
0.000000
0.207843
0.749020
0.831373
0.917647
0.901961
0.870588
0.850980
0.839216
0.835294
0.850980
0.901961
0.960784
0.960784
0.905882
0.945098
0.996078
0.831373
0.552941
0.074510
0.000000
0.011765
0.000000
0.000000
0.000000
0.000000
0.000000
0.019608
0.000000
0.176471
0.717647
0.901961
0.968627
0.980392
0.988235
0.964706
0.894118
0.823529
0.815686
0.878431
0.968627
0.996078
0.980392
0.996078
0.988235
0.843137
0.572549
0.078431
0.000000
0.011765
0.000000
0.000000
0.000000
0.000000
0.000000
0.015686
0.000000
0.160784
0.647059
0.835294
0.937255
0.941176
0.925490
0.898039
0.831373
0.760784
0.741176
0.780392
0.839216
0.913725
0.956863
0.952941
0.878431
0.686275
0.427451
0.054902
0.000000
0.007843
0.000000
0.000000
0.000000
0.000000
0.000000
0.015686
0.000000
0.117647
0.490196
0.654902
0.733333
0.713725
0.670588
0.647059
0.623529
0.600000
0.588235
0.607843
0.627451
0.698039
0.768627
0.780392
0.662745
0.431373
0.215686
0.023529
0.000000
0.003922
0.000000
0.000000
0.000000
0.000000
0.000000
0.003922
0.000000
0.035294
0.160784
0.223529
0.243137
0.231373
0.211765
0.203922
0.203922
0.203922
0.203922
0.211765
0.211765
0.231373
0.262745
0.274510
0.223529
0.125490
0.050980
0.003922
0.000000
0.000000
0.000000
0.000000
0.000000
0.000000
0.000000
0.000000
0.000000
0.000000
0.000000
0.000000
0.000000
0.000000
0.000000
0.000000
0.000000
0.000000
0.000000
0.000000
0.000000
0.000000
0.000000
0.000000
0.000000
0.000000
0.000000
0.000000
0.000000
0.000000
0.000000
0.000000
0.000000
0.000000
0.000000
0.000000
0.000000
0.003922
0.011765
0.015686
0.015686
0.015686
0.011765
0.011765
0.011765
0.011765
0.011765
0.011765
0.011765
0.015686
0.015686
0.015686
0.015686
0.007843
0.003922
0.000000
0.000000
0.000000
0.000000
0.000000
0.000000
0.000000
0.000000
0.000000
0.000000
0.000000
0.000000
0.000000
0.000000
0.000000
0.000000
0.000000
0.000000
0.000000
0.000000
0.000000
0.000000
0.000000
0.000000
0.000000
0.000000
0.000000
0.000000
0.000000
0.000000
0.000000
0.000000
0.000000
0.000000
