0.000000
0.000000
0.000000
0.000000
0.000000
0.000000
0.000000
0.000000
0.000000
0.000000
0.000000
0.000000
0.000000
0.000000
0.000000
0.000000
0.000000
0.000000
0.000000
0.000000
0.000000
0.000000
0.000000
0.000000
0.000000
0.000000
0.000000
0.000000
0.000000
0.000000
0.000000
0.000000
0.000000
0.003922
0.007843
0.015686
0.015686
0.015686
0.015686
0.015686
0.015686
0.015686
0.015686
0.015686
0.015686
0.015686
0.015686
0.015686
0.015686
0.011765
0.003922
0.000000
0.000000
0.000000
0.000000
0.000000
0.000000
0.000000
0.000000
0.000000
0.000000
0.000000
0.000000
0.000000
0.000000
0.000000
0.000000
0.000000
0.000000
0.000000
0.000000
0.000000
0.000000
0.000000
0.000000
0.000000
0.000000
0.000000
0.000000
0.000000
0.000000
0.000000
0.000000
0.000000
0.000000
0.000000
0.000000
0.000000
0.011765
0.062745
0.129412
0.250980
0.266667
0.223529
0.231373
0.258824
0.247059
0.239216
0.239216
0.247059
0.270588
0.282353
0.282353
0.274510
0.254902
0.156863
0.062745
0.007843
0.000000
0.000000
0.000000
0.000000
0.000000
0.000000
0.007843
0.000000
0.070588
0.305882
0.505882
0.792157
0.819608
0.764706
0.776471
0.811765
0.788235
0.776471
0.772549
0.792157
0.823529
0.843137
0.839216
0.835294
0.800000
0.607843
0.333333
0.062745
0.000000
0.007843
0.000000
0.000000
0.000000
0.000000
0.011765
0.000000
0.129412
0.541176
0.776471
1.000000
1.000000
1.000000
1.000000
1.000000
0.996078
0.988235
0.984314
1.000000
1.000000
1.000000
1.000000
0.996078
0.988235
0.949020
0.658823
0.145098
0.000000
0.015686
0.000000
0.000000
0.000000
0.000000
0.015686
0.000000
0.141176
0.607843
0.843137
0.976471
0.941176
0.913725
0.921569
0.929412
0.937255
0.933333
0.933333
0.937255
0.941176
0.937255
0.925490
0.901961
0.905882
0.988235
0.807843
0.200000
0.000000
0.019608
0.000000
0.000000
0.000000
0.000000
0.019608
0.000000
0.168627
0.698039
0.917647
0.992157
0.949020
0.952941
0.968627
0.968627
0.984314
0.984314
0.988235
0.984314
0.976471
0.964706
0.949020
0.945098
0.941176
0.886275
0.796078
0.215686
0.000000
0.023529
0.000000
0.000000
0.000000
0.000000
0.019608
0.000000
0.160784
0.682353
0.909804
0.972549
0.949020
0.980392
1.000000
0.996078
0.996078
1.000000
1.000000
0.996078
0.996078
0.984314
0.972549
0.968627
0.964706
0.909804
0.815686
0.219608
0.000000
0.023529
0.000000
0.000000
0.000000
0.000000
0.019608
0.000000
0.168627
0.698039
0.917647
0.984314
0.952941
0.980392
0.988235
0.976471
0.984314
0.988235
0.996078
0.996078
0.992157
0.976471
0.968627
0.964706
0.964706
0.956863
0.843137
0.223529
0.000000
0.023529
0.000000
0.000000
0.000000
0.000000
0.019608
0.000000
0.168627
0.698039
0.913725
1.000000
0.968627
0.976471
0.988235
0.972549
0.988235
0.992157
0.996078
0.996078
0.988235
0.984314
0.972549
0.968627
0.964706
0.925490
0.819608
0.219608
0.000000
0.023529
0.000000
0.000000
0.000000
0.000000
0.019608
0.000000
0.164706
0.674510
0.894118
1.000000
0.972549
0.968627
0.988235
0.992157
0.992157
0.992157
0.988235
0.992157
0.992157
0.984314
0.976471
0.960784
0.952941
0.917647
0.788235
0.203922
0.000000
0.023529
0.000000
0.000000
0.000000
0.000000
0.019608
0.000000
0.160784
0.666667
0.878431
0.996078
0.968627
0.960784
0.984314
0.992157
0.988235
0.984314
0.980392
0.984314
0.984314
0.976471
0.968627
0.945098
0.945098
0.964706
0.807843
0.203922
0.000000
0.019608
0.000000
0.000000
0.000000
0.000000
0.015686
0.000000
0.149020
0.631373
0.866667
0.992157
0.984314
0.988235
0.996078
0.988235
0.992157
0.992157
0.992157
0.992157
0.984314
0.976471
0.972549
0.968627
0.968627
0.949020
0.835294
0.219608
0.000000
0.023529
0.000000
0.000000
0.000000
0.000000
0.015686
0.000000
0.152941
0.643137
0.874510
0.992157
0.976471
0.984314
0.996078
0.988235
0.996078
0.996078
0.996078
0.992157
0.992157
0.980392
0.972549
0.972549
0.968627
0.933333
0.823529
0.219608
0.000000
0.023529
0.000000
0.000000
0.000000
0.000000
0.019608
0.000000
0.156863
0.662745
0.894118
0.992157
0.968627
0.976471
0.992157
0.988235
0.996078
0.992157
0.992157
0.992157
0.988235
0.984314
0.976471
0.968627
0.964706
0.929412
0.835294
0.223529
0.000000
0.023529
0.000000
0.000000
0.000000
0.000000
0.019608
0.000000
0.168627
0.698039
0.909804
0.996078
0.960784
0.964706
0.984314
0.988235
0.996078
0.992157
0.992157
0.992157
0.988235
0.988235
0.976471
0.964706
0.960784
0.929412
0.850980
0.231373
0.000000
0.023529
0.000000
0.000000
0.000000
0.000000
0.019608
0.000000
0.176471
0.721569
0.925490
1.000000
0.964706
0.968627
0.992157
0.992157
0.996078
0.992157
0.992157
0.992157
0.996078
0.992157
0.980392
0.964706
0.952941
0.921569
0.862745
0.239216
0.000000
0.023529
0.000000
0.000000
0.000000
0.000000
0.019608
0.000000
0.176471
0.717647
0.929412
1.000000
0.972549
0.980392
1.000000
0.996078
0.996078
0.996078
0.992157
0.992157
0.996078
0.996078
0.988235
0.968627
0.952941
0.921569
0.882353
0.247059
0.000000
0.023529
0.000000
0.000000
0.000000
0.000000
0.019608
0.000000
0.164706
0.690196
0.909804
0.996078
0.972549
0.980392
1.000000
0.996078
0.992157
0.988235
0.988235
0.988235
0.996078
0.996078
0.980392
0.960784
0.945098
0.925490
0.905882
0.254902
0.000000
0.023529
0.000000
0.000000
0.000000
0.000000
0.015686
0.000000
0.156863
0.666667
0.886275
0.972549
0.945098
0.956863
0.980392
0.976471
0.968627
0.964706
0.960784
0.964706
0.976471
0.976471
0.960784
0.933333
0.917647
0.909804
0.913725
0.262745
0.000000
0.023529
0.000000
0.000000
0.000000
0.000000
0.015686
0.000000
0.160784
0.654902
0.862745
0.941176
0.909804
0.917647
0.937255
0.937255
0.941176
0.929412
0.925490
0.933333
0.945098
0.945098
0.929412
0.901961
0.882353
0.870588
0.886275
0.254902
0.000000
0.023529
0.000000
0.000000
0.000000
0.000000
0.007843
0.000000
0.090196
0.454902
0.788235
1.000000
1.000000
1.000000
1.000000
1.000000
1.000000
1.000000
1.000000
1.000000
1.000000
1.000000
1.000000
1.000000
1.000000
0.898039
0.525490
0.098039
0.000000
0.015686
0.000000
0.000000
0.000000
0.000000
0.003922
0.000000
0.035294
0.227451
0.482353
0.678431
0.717647
0.701961
0.698039
0.686275
0.654902
0.690196
0.729412
0.768627
0.788235
0.784314
0.752941
0.725490
0.694118
0.576471
0.231373
0.015686
0.000000
0.007843
0.000000
0.000000
0.000000
0.000000
0.000000
0.000000
0.007843
0.054902
0.113725
0.168627
0.184314
0.176471
0.176471
0.160784
0.137255
0.164706
0.196078
0.227451
0.243137
0.239216
0.211765
0.188235
0.168627
0.133333
0.062745
0.007843
0.000000
0.000000
0.000000
0.000000
0.000000
0.000000
0.000000
0.000000
0.000000
0.000000
0.000000
0.000000
0.000000
0.000000
0.000000
0.000000
0.000000
0.000000
0.000000
0.000000
0.000000
0.000000
0.000000
0.000000
0.000000
0.000000
0.000000
0.000000
0.000000
0.000000
0.000000
0.000000
0.000000
0.000000
0.000000
0.000000
0.000000
0.003922
0.007843
0.011765
0.011765
0.011765
0.011765
0.011765
0.011765
0.011765
0.011765
0.015686
0.015686
0.015686
0.015686
0.011765
0.011765
0.011765
0.003922
0.000000
0.000000
0.000000
0.000000
0.000000
0.000000
0.000000
0.000000
0.000000
0.000000
0.000000
0.000000
0.000000
0.000000
0.000000
0.000000
0.000000
0.000000
0.000000
0.000000
0.000000
0.000000
0.000000
0.000000
0.000000
0.000000
0.000000
0.000000
0.000000
0.000000
0.000000
0.000000
0.000000
