0.000000
0.000000
0.000000
0.000000
0.000000
0.000000
0.000000
0.000000
0.000000
0.000000
0.000000
0.000000
0.000000
0.000000
0.000000
0.000000
0.000000
0.000000
0.000000
0.000000
0.000000
0.000000
0.000000
0.000000
0.000000
0.000000
0.000000
0.000000
0.000000
0.000000
0.000000
0.000000
0.003922
0.011765
0.015686
0.015686
0.015686
0.015686
0.015686
0.015686
0.015686
0.015686
0.015686
0.015686
0.015686
0.015686
0.015686
0.011765
0.007843
0.003922
0.000000
0.000000
0.000000
0.000000
0.000000
0.000000
0.000000
0.000000
0.000000
0.000000
0.000000
0.000000
0.000000
0.000000
0.000000
0.000000
0.000000
0.000000
0.000000
0.000000
0.000000
0.000000
0.000000
0.000000
0.000000
0.000000
0.000000
0.000000
0.000000
0.000000
0.000000
0.000000
0.000000
0.000000
0.000000
0.000000
0.003922
0.000000
0.043137
0.176471
0.223529
0.254902
0.262745
0.254902
0.262745
0.258824
0.243137
0.258824
0.266667
0.258824
0.258824
0.266667
0.258824
0.200000
0.113725
0.019608
0.000000
0.000000
0.000000
0.000000
0.000000
0.000000
0.000000
0.000000
0.015686
0.000000
0.160784
0.615686
0.705882
0.768627
0.784314
0.768627
0.760784
0.756863
0.752941
0.772549
0.792157
0.788235
0.776471
0.788235
0.764706
0.654902
0.462745
0.149020
0.007843
0.000000
0.003922
0.000000
0.000000
0.000000
0.000000
0.000000
0.027451
0.000000
0.262745
0.909804
0.941176
0.960784
0.976471
0.972549
0.945098
0.941176
0.964706
0.960784
0.980392
0.988235
0.980392
0.980392
0.960784
0.921569
0.796078
0.403922
0.043137
0.000000
0.007843
0.000000
0.000000
0.000000
0.000000
0.000000
0.031373
0.000000
0.321569
1.000000
0.980392
0.964706
0.980392
0.996078
0.988235
0.988235
0.988235
0.972549
0.984314
0.992157
0.996078
0.996078
0.996078
1.000000
0.960784
0.607843
0.078431
0.000000
0.011765
0.000000
0.000000
0.000000
0.000000
0.000000
0.031373
0.000000
0.317647
1.000000
0.984314
0.984314
0.988235
0.992157
0.992157
1.000000
0.992157
0.980392
0.996078
1.000000
0.984314
0.988235
1.000000
1.000000
0.937255
0.564706
0.066667
0.000000
0.011765
0.000000
0.000000
0.000000
0.000000
0.000000
0.031373
0.000000
0.313725
1.000000
0.984314
0.988235
0.996078
0.992157
0.992157
1.000000
0.992157
0.980392
0.996078
1.000000
0.984314
0.988235
1.000000
1.000000
0.929412
0.533333
0.062745
0.000000
0.011765
0.000000
0.000000
0.000000
0.000000
0.000000
0.031373
0.000000
0.309804
1.000000
0.988235
0.992157
1.000000
0.996078
0.996078
0.996078
0.992157
0.980392
0.996078
1.000000
0.984314
0.988235
1.000000
1.000000
0.929412
0.501961
0.054902
0.000000
0.011765
0.000000
0.000000
0.000000
0.000000
0.000000
0.031373
0.000000
0.309804
1.000000
0.988235
0.992157
1.000000
1.000000
0.996078
0.996078
0.992157
0.980392
0.996078
1.000000
0.984314
0.988235
1.000000
1.000000
0.929412
0.490196
0.050980
0.000000
0.011765
0.000000
0.000000
0.000000
0.000000
0.000000
0.031373
0.000000
0.309804
1.000000
0.988235
0.992157
1.000000
1.000000
0.996078
0.996078
0.992157
0.980392
0.996078
1.000000
0.984314
0.988235
1.000000
1.000000
0.933333
0.533333
0.058824
0.000000
0.011765
0.000000
0.000000
0.000000
0.000000
0.000000
0.031373
0.000000
0.309804
1.000000
0.988235
0.992157
1.000000
1.000000
0.996078
0.996078
0.992157
0.980392
0.996078
1.000000
0.984314
0.988235
1.000000
1.000000
0.937255
0.607843
0.078431
0.000000
0.011765
0.000000
0.000000
0.000000
0.000000
0.000000
0.031373
0.000000
0.309804
1.000000
0.988235
0.992157
1.000000
1.000000
0.996078
0.996078
0.992157
0.980392
0.996078
1.000000
0.984314
0.988235
1.000000
1.000000
0.941176
0.647059
0.090196
0.000000
0.015686
0.000000
0.000000
0.000000
0.000000
0.000000
0.031373
0.000000
0.313725
1.000000
0.988235
0.988235
0.996078
0.992157
0.992157
1.000000
0.992157
0.980392
0.996078
1.000000
0.984314
0.988235
1.000000
1.000000
0.937255
0.607843
0.078431
0.000000
0.011765
0.000000
0.000000
0.000000
0.000000
0.000000
0.031373
0.000000
0.317647
1.000000
0.996078
0.984314
0.988235
0.992157
0.996078
1.000000
0.992157
0.980392
0.996078
1.000000
0.984314
0.984314
1.000000
1.000000
0.933333
0.525490
0.062745
0.000000
0.011765
0.000000
0.000000
0.000000
0.000000
0.000000
0.031373
0.000000
0.313725
1.000000
0.945098
0.996078
1.000000
1.000000
0.996078
1.000000
0.996078
0.988235
1.000000
1.000000
1.000000
1.000000
1.000000
0.992157
0.905882
0.513726
0.058824
0.000000
0.011765
0.000000
0.000000
0.000000
0.000000
0.000000
0.031373
0.000000
0.321569
1.000000
0.929412
0.980392
0.976471
0.960784
0.972549
0.996078
0.984314
0.976471
0.984314
0.984314
0.968627
0.968627
0.976471
0.992157
0.929412
0.552941
0.066667
0.000000
0.011765
0.000000
0.000000
0.000000
0.000000
0.000000
0.031373
0.000000
0.333333
1.000000
0.956863
0.976471
0.964706
0.956863
0.980392
0.996078
0.984314
0.976471
0.988235
0.984314
0.960784
0.956863
0.976471
1.000000
0.956863
0.607843
0.078431
0.000000
0.011765
0.000000
0.000000
0.000000
0.000000
0.000000
0.031373
0.000000
0.321569
1.000000
0.952941
0.992157
1.000000
1.000000
1.000000
0.996078
1.000000
0.992157
1.000000
1.000000
1.000000
1.000000
1.000000
0.992157
0.913725
0.650980
0.094118
0.000000
0.015686
0.000000
0.000000
0.000000
0.000000
0.000000
0.027451
0.000000
0.305882
1.000000
0.949020
0.972549
0.996078
0.992157
0.976471
0.976471
0.984314
0.972549
0.984314
0.984314
0.964706
0.968627
0.984314
0.976471
0.909804
0.631373
0.086275
0.000000
0.015686
0.000000
0.000000
0.000000
0.000000
0.000000
0.031373
0.000000
0.317647
1.000000
0.984314
0.988235
0.972549
0.972549
0.988235
0.988235
0.984314
0.996078
0.996078
0.996078
0.952941
0.945098
0.976471
0.996078
0.972549
0.509804
0.054902
0.000000
0.011765
0.000000
0.000000
0.000000
0.000000
0.000000
0.027451
0.000000
0.258824
0.917647
0.964706
0.980392
0.980392
0.976471
1.000000
1.000000
1.000000
0.992157
0.992157
1.000000
0.988235
1.000000
1.000000
0.976471
0.843137
0.329412
0.019608
0.000000
0.007843
0.000000
0.000000
0.000000
0.000000
0.000000
0.011765
0.000000
0.125490
0.513726
0.650980
0.717647
0.756863
0.749020
0.733333
0.752941
0.768627
0.737255
0.737255
0.752941
0.780392
0.819608
0.784314
0.654902
0.447059
0.164706
0.007843
0.000000
0.003922
0.000000
0.000000
0.000000
0.000000
0.000000
0.003922
0.000000
0.019608
0.101961
0.176471
0.215686
0.239216
0.235294
0.215686
0.223529
0.239216
0.223529
0.223529
0.231373
0.247059
0.266667
0.247059
0.172549
0.086275
0.039216
0.003922
0.000000
0.000000
0.000000
0.000000
0.000000
0.000000
0.000000
0.000000
0.000000
0.000000
0.000000
0.000000
0.000000
0.000000
0.000000
0.000000
0.000000
0.000000
0.000000
0.000000
0.000000
0.000000
0.000000
0.000000
0.000000
0.000000
0.000000
0.000000
0.000000
0.000000
0.000000
0.000000
0.000000
0.000000
0.000000
0.000000
0.000000
0.000000
0.007843
0.011765
0.015686
0.015686
0.015686
0.015686
0.015686
0.015686
0.015686
0.015686
0.015686
0.015686
0.015686
0.015686
0.011765
0.007843
0.003922
0.000000
0.000000
0.000000
0.000000
0.000000
0.000000
0.000000
0.000000
0.000000
0.000000
0.000000
0.000000
0.000000
0.000000
0.000000
0.000000
0.000000
0.000000
0.000000
0.000000
0.000000
0.000000
0.000000
0.000000
0.000000
0.000000
0.000000
0.000000
0.000000
0.000000
0.000000
0.000000
0.000000
0.000000
