0.000000
0.000000
0.000000
0.000000
0.000000
0.000000
0.000000
0.000000
0.000000
0.000000
0.000000
0.000000
0.000000
0.000000
0.000000
0.000000
0.000000
0.000000
0.000000
0.000000
0.000000
0.000000
0.000000
0.000000
0.000000
0.000000
0.000000
0.000000
0.000000
0.000000
0.000000
0.000000
0.000000
0.007843
0.011765
0.019608
0.019608
0.019608
0.019608
0.019608
0.019608
0.019608
0.019608
0.019608
0.019608
0.019608
0.019608
0.019608
0.015686
0.007843
0.000000
0.000000
0.000000
0.000000
0.000000
0.000000
0.000000
0.000000
0.000000
0.000000
0.000000
0.000000
0.000000
0.000000
0.000000
0.000000
0.000000
0.000000
0.000000
0.000000
0.000000
0.000000
0.000000
0.000000
0.000000
0.000000
0.000000
0.000000
0.000000
0.000000
0.000000
0.000000
0.000000
0.000000
0.000000
0.000000
0.003922
0.000000
0.003922
0.047059
0.125490
0.188235
0.219608
0.227451
0.219608
0.200000
0.215686
0.219608
0.207843
0.203922
0.192157
0.200000
0.184314
0.188235
0.160784
0.078431
0.000000
0.000000
0.000000
0.000000
0.000000
0.000000
0.000000
0.000000
0.007843
0.000000
0.031373
0.301961
0.560784
0.737255
0.815686
0.835294
0.811765
0.752941
0.811765
0.823529
0.800000
0.784314
0.749020
0.772549
0.749020
0.749020
0.666667
0.364706
0.003922
0.000000
0.003922
0.000000
0.000000
0.000000
0.000000
0.000000
0.015686
0.000000
0.086275
0.639216
0.874510
0.956863
0.988235
0.996078
0.984314
0.952941
0.988235
1.000000
1.000000
0.984314
0.949020
0.980392
0.992157
1.000000
0.956863
0.603922
0.007843
0.000000
0.011765
0.000000
0.000000
0.000000
0.000000
0.000000
0.023529
0.000000
0.129412
0.874510
0.996078
0.956863
0.905882
0.894118
0.913725
0.937255
0.890196
0.870588
0.909804
0.909804
0.874510
0.894118
0.901961
0.949020
1.000000
0.682353
0.007843
0.000000
0.011765
0.000000
0.000000
0.000000
0.000000
0.000000
0.023529
0.000000
0.137255
0.913725
1.000000
0.925490
0.894118
0.901961
0.905882
0.937255
0.937255
0.921569
0.941176
0.952941
0.921569
0.909804
0.870588
0.917647
0.996078
0.764706
0.011765
0.000000
0.015686
0.000000
0.000000
0.000000
0.000000
0.000000
0.023529
0.000000
0.129412
0.878431
0.996078
0.937255
0.952941
0.988235
0.972549
0.984314
1.000000
0.996078
0.980392
0.996078
0.988235
0.976471
0.901961
0.917647
1.000000
0.772549
0.011765
0.000000
0.015686
0.000000
0.000000
0.000000
0.000000
0.000000
0.023529
0.000000
0.137255
0.901961
1.000000
0.949020
0.968627
0.992157
0.980392
1.000000
1.000000
0.968627
0.952941
0.976471
0.984314
1.000000
0.929412
0.929412
1.000000
0.741176
0.007843
0.000000
0.011765
0.000000
0.000000
0.000000
0.000000
0.000000
0.027451
0.000000
0.141176
0.933333
1.000000
0.945098
0.952941
0.968627
0.941176
0.992157
1.000000
0.968627
0.968627
0.988235
0.984314
0.992157
0.952941
0.964706
1.000000
0.752941
0.007843
0.000000
0.011765
0.000000
0.000000
0.000000
0.000000
0.000000
0.023529
0.000000
0.137255
0.913725
1.000000
0.960784
0.976471
0.992157
0.960784
0.996078
0.992157
0.992157
1.000000
0.992157
0.972549
0.945098
0.909804
0.949020
1.000000
0.733333
0.007843
0.000000
0.011765
0.000000
0.000000
0.000000
0.000000
0.000000
0.023529
0.000000
0.133333
0.901961
1.000000
0.980392
0.964706
0.976471
0.996078
0.996078
0.984314
0.992157
1.000000
0.996078
0.992157
0.988235
0.921569
0.945098
1.000000
0.721569
0.007843
0.000000
0.011765
0.000000
0.000000
0.000000
0.000000
0.000000
0.023529
0.000000
0.133333
0.901961
1.000000
0.984314
0.956863
0.964706
1.000000
0.988235
0.976471
0.988235
0.996078
0.992157
0.996078
0.996078
0.917647
0.941176
1.000000
0.721569
0.007843
0.000000
0.011765
0.000000
0.000000
0.000000
0.000000
0.000000
0.023529
0.000000
0.137255
0.905882
1.000000
0.988235
0.968627
0.972549
0.996078
0.980392
0.984314
0.996078
0.996078
0.992157
0.992157
0.980392
0.909804
0.941176
1.000000
0.733333
0.007843
0.000000
0.011765
0.000000
0.000000
0.000000
0.000000
0.000000
0.023529
0.000000
0.137255
0.909804
1.000000
0.992157
0.984314
0.984314
0.996078
0.976471
0.992157
1.000000
0.996078
0.996078
0.992157
0.984314
0.913725
0.941176
1.000000
0.749020
0.007843
0.000000
0.011765
0.000000
0.000000
0.000000
0.000000
0.000000
0.023529
0.000000
0.133333
0.901961
1.000000
0.992157
0.980392
0.984314
0.996078
0.968627
0.984314
0.996078
0.992157
0.992157
0.992157
0.984314
0.913725
0.941176
1.000000
0.741176
0.007843
0.000000
0.011765
0.000000
0.000000
0.000000
0.000000
0.000000
0.023529
0.000000
0.129412
0.882353
1.000000
0.980392
0.968627
0.976471
0.996078
0.960784
0.964706
0.980392
0.984314
0.984314
0.988235
0.980392
0.905882
0.941176
1.000000
0.725490
0.007843
0.000000
0.011765
0.000000
0.000000
0.000000
0.000000
0.000000
0.023529
0.000000
0.133333
0.890196
1.000000
0.984314
0.968627
0.976471
0.996078
0.968627
0.968627
0.984314
0.988235
0.988235
0.992157
0.992157
0.913725
0.945098
1.000000
0.729412
0.007843
0.000000
0.011765
0.000000
0.000000
0.000000
0.000000
0.000000
0.027451
0.000000
0.137255
0.909804
1.000000
0.992157
0.972549
0.976471
1.000000
0.980392
0.980392
0.992157
0.996078
0.996078
0.996078
0.996078
0.925490
0.949020
1.000000
0.741176
0.007843
0.000000
0.011765
0.000000
0.000000
0.000000
0.000000
0.000000
0.027451
0.000000
0.137255
0.917647
1.000000
0.980392
0.952941
0.956863
0.984314
0.964706
0.968627
0.984314
0.980392
0.968627
0.972549
0.972549
0.901961
0.933333
1.000000
0.741176
0.007843
0.000000
0.011765
0.000000
0.000000
0.000000
0.000000
0.000000
0.023529
0.000000
0.133333
0.901961
1.000000
0.956863
0.917647
0.925490
0.960784
0.941176
0.956863
0.972549
0.960784
0.952941
0.945098
0.933333
0.878431
0.929412
1.000000
0.729412
0.007843
0.000000
0.011765
0.000000
0.000000
0.000000
0.000000
0.000000
0.023529
0.000000
0.129412
0.874510
0.996078
0.952941
0.901961
0.937255
0.988235
0.960784
0.992157
0.976471
0.972549
0.996078
0.968627
0.905882
0.937255
0.976471
0.996078
0.733333
0.007843
0.000000
0.011765
0.000000
0.000000
0.000000
0.000000
0.000000
0.023529
0.000000
0.113725
0.827451
1.000000
1.000000
1.000000
1.000000
1.000000
1.000000
1.000000
1.000000
1.000000
1.000000
1.000000
1.000000
1.000000
1.000000
1.000000
0.686275
0.007843
0.000000
0.011765
0.000000
0.000000
0.000000
0.000000
0.000000
0.007843
0.000000
0.031373
0.247059
0.333333
0.337255
0.333333
0.345098
0.349020
0.325490
0.333333
0.321569
0.309804
0.321569
0.329412
0.329412
0.337255
0.329412
0.305882
0.203922
0.003922
0.000000
0.003922
0.000000
0.000000
0.000000
0.000000
0.000000
0.000000
0.000000
0.000000
0.000000
0.000000
0.000000
0.000000
0.000000
0.000000
0.000000
0.000000
0.000000
0.000000
0.000000
0.000000
0.000000
0.000000
0.000000
0.000000
0.000000
0.000000
0.000000
0.000000
0.000000
0.000000
0.000000
0.000000
0.000000
0.000000
0.000000
0.003922
0.019608
0.027451
0.027451
0.027451
0.027451
0.027451
0.027451
0.027451
0.027451
0.027451
0.027451
0.027451
0.027451
0.027451
0.027451
0.027451
0.015686
0.000000
0.000000
0.000000
0.000000
0.000000
0.000000
0.000000
0.000000
0.000000
0.000000
0.000000
0.000000
0.000000
0.000000
0.000000
0.000000
0.000000
0.000000
0.000000
0.000000
0.000000
0.000000
0.000000
0.000000
0.000000
0.000000
0.000000
0.000000
0.000000
0.000000
0.000000
0.000000
0.000000
0.000000
