0.000000
0.000000
0.000000
0.000000
0.000000
0.000000
0.000000
0.000000
0.000000
0.000000
0.000000
0.000000
0.000000
0.000000
0.000000
0.000000
0.000000
0.000000
0.000000
0.000000
0.000000
0.000000
0.000000
0.000000
0.000000
0.000000
0.000000
0.000000
0.000000
0.000000
0.000000
0.000000
0.003922
0.011765
0.015686
0.015686
0.019608
0.019608
0.019608
0.019608
0.019608
0.015686
0.015686
0.015686
0.015686
0.019608
0.019608
0.015686
0.011765
0.007843
0.000000
0.000000
0.000000
0.000000
0.000000
0.000000
0.000000
0.000000
0.000000
0.000000
0.000000
0.000000
0.000000
0.000000
0.000000
0.000000
0.000000
0.000000
0.000000
0.000000
0.000000
0.000000
0.000000
0.000000
0.000000
0.000000
0.000000
0.000000
0.000000
0.000000
0.000000
0.000000
0.000000
0.000000
0.000000
0.000000
0.003922
0.000000
0.039216
0.164706
0.231373
0.282353
0.301961
0.301961
0.313725
0.309804
0.290196
0.270588
0.266667
0.266667
0.274510
0.294118
0.298039
0.254902
0.188235
0.105882
0.011765
0.000000
0.000000
0.000000
0.000000
0.000000
0.000000
0.000000
0.015686
0.000000
0.113725
0.494118
0.698039
0.839216
0.870588
0.862745
0.878431
0.886275
0.854902
0.815686
0.792157
0.784314
0.811765
0.854902
0.854902
0.768627
0.588235
0.298039
0.031373
0.000000
0.003922
0.000000
0.000000
0.000000
0.000000
0.000000
0.015686
0.000000
0.176471
0.701961
0.886275
0.992157
0.996078
0.996078
0.988235
0.984314
0.996078
0.996078
0.976471
0.960784
0.984314
1.000000
1.000000
0.952941
0.776471
0.427451
0.050980
0.000000
0.007843
0.000000
0.000000
0.000000
0.000000
0.000000
0.023529
0.000000
0.243137
0.878431
0.917647
0.901961
0.909804
0.952941
0.933333
0.886275
0.913725
0.956863
0.960784
0.972549
0.960784
0.949020
0.960784
0.941176
0.823529
0.600000
0.086275
0.000000
0.011765
0.000000
0.000000
0.000000
0.000000
0.000000
0.023529
0.000000
0.235294
0.858824
0.917647
0.933333
0.949020
0.984314
0.984314
0.941176
0.921569
0.937255
0.937255
0.984314
0.992157
0.968627
0.964706
0.968627
0.890196
0.674510
0.101961
0.000000
0.015686
0.000000
0.000000
0.000000
0.000000
0.000000
0.019608
0.000000
0.211765
0.792157
0.898039
0.949020
0.964706
0.992157
0.996078
0.964706
0.933333
0.925490
0.921569
0.984314
1.000000
0.972549
0.964706
0.984314
0.933333
0.768627
0.117647
0.000000
0.019608
0.000000
0.000000
0.000000
0.000000
0.000000
0.019608
0.000000
0.192157
0.729412
0.874510
0.956863
0.952941
0.984314
0.980392
0.956863
0.964706
0.949020
0.945098
0.984314
1.000000
0.972549
0.960784
0.980392
0.921569
0.752941
0.113725
0.000000
0.019608
0.000000
0.000000
0.000000
0.000000
0.000000
0.019608
0.000000
0.176471
0.694118
0.870588
0.980392
0.952941
0.976471
0.968627
0.945098
0.976471
0.980392
0.976471
0.992157
0.992157
0.968627
0.964706
0.960784
0.862745
0.631373
0.090196
0.000000
0.011765
0.000000
0.000000
0.000000
0.000000
0.000000
0.019608
0.000000
0.160784
0.662745
0.874510
1.000000
0.956863
0.972549
0.976471
0.945098
0.960784
0.996078
0.992157
0.996078
0.976471
0.960784
0.972549
0.956863
0.831373
0.580392
0.082353
0.000000
0.011765
0.000000
0.000000
0.000000
0.000000
0.000000
0.015686
0.000000
0.145098
0.615686
0.854902
0.996078
0.941176
0.960784
0.992157
0.956863
0.945098
0.988235
0.980392
0.984314
0.968627
0.956863
0.980392
0.968627
0.854902
0.666667
0.098039
0.000000
0.015686
0.000000
0.000000
0.000000
0.000000
0.000000
0.015686
0.000000
0.129412
0.564706
0.819608
0.992157
0.909804
0.933333
0.992157
0.968627
0.952941
0.964706
0.949020
0.972549
0.968627
0.952941
0.972549
0.976471
0.901961
0.764706
0.117647
0.000000
0.019608
0.000000
0.000000
0.000000
0.000000
0.000000
0.015686
0.000000
0.121569
0.545098
0.811765
0.988235
0.898039
0.921569
0.988235
0.988235
0.976471
0.949020
0.925490
0.964706
0.976471
0.937255
0.945098
0.984314
0.933333
0.780392
0.121569
0.000000
0.019608
0.000000
0.000000
0.000000
0.000000
0.000000
0.023529
0.000000
0.196078
0.741176
0.854902
0.925490
0.905882
0.945098
0.984314
0.984314
0.984314
0.964706
0.921569
0.949020
0.980392
0.988235
0.949020
0.933333
0.976471
0.870588
0.137255
0.000000
0.019608
0.000000
0.000000
0.000000
0.000000
0.000000
0.023529
0.000000
0.250980
0.894118
0.921569
0.929412
0.909804
0.949020
0.988235
0.992157
0.992157
0.988235
0.968627
0.964706
0.992157
0.984314
0.925490
0.925490
1.000000
0.898039
0.145098
0.000000
0.019608
0.000000
0.000000
0.000000
0.000000
0.000000
0.023529
0.000000
0.254902
0.909804
0.929412
0.929412
0.901961
0.945098
0.988235
0.984314
0.984314
0.996078
0.988235
0.976471
0.984314
0.952941
0.905882
0.933333
1.000000
0.882353
0.137255
0.000000
0.019608
0.000000
0.000000
0.000000
0.000000
0.000000
0.023529
0.000000
0.243137
0.866667
0.901961
0.937255
0.941176
0.972549
0.980392
0.972549
0.984314
0.988235
0.976471
0.980392
0.988235
0.972549
0.933333
0.933333
0.964706
0.835294
0.125490
0.000000
0.019608
0.000000
0.000000
0.000000
0.000000
0.000000
0.023529
0.000000
0.231373
0.839216
0.901961
0.976471
0.996078
1.000000
0.972549
0.968627
0.992157
0.980392
0.980392
0.988235
0.992157
0.984314
0.949020
0.917647
0.898039
0.760784
0.117647
0.000000
0.019608
0.000000
0.000000
0.000000
0.000000
0.000000
0.023529
0.000000
0.223529
0.823529
0.905882
0.980392
0.972549
0.984314
0.964706
0.952941
0.988235
0.980392
0.984314
0.976471
0.952941
0.929412
0.913725
0.890196
0.862745
0.749020
0.117647
0.000000
0.015686
0.000000
0.000000
0.000000
0.000000
0.000000
0.023529
0.000000
0.211765
0.796078
0.905882
0.972549
0.956863
0.968627
0.980392
0.976471
0.980392
0.992157
0.992157
0.992157
0.937255
0.909804
0.933333
0.945098
0.917647
0.792157
0.121569
0.000000
0.019608
0.000000
0.000000
0.000000
0.000000
0.000000
0.019608
0.000000
0.184314
0.705882
0.866667
0.968627
0.960784
0.964706
0.984314
0.980392
0.972549
0.972549
0.988235
0.988235
0.952941
0.945098
0.976471
0.976471
0.905882
0.690196
0.098039
0.000000
0.015686
0.000000
0.000000
0.000000
0.000000
0.000000
0.015686
0.000000
0.133333
0.580392
0.835294
1.000000
1.000000
1.000000
1.000000
1.000000
1.000000
0.984314
0.992157
1.000000
1.000000
1.000000
1.000000
0.917647
0.729412
0.458824
0.058824
0.000000
0.011765
0.000000
0.000000
0.000000
0.000000
0.000000
0.003922
0.000000
0.043137
0.207843
0.337255
0.439216
0.458824
0.447059
0.415686
0.423529
0.447059
0.407843
0.403922
0.411765
0.423529
0.439216
0.423529
0.352941
0.247059
0.137255
0.015686
0.000000
0.003922
0.000000
0.000000
0.000000
0.000000
0.000000
0.000000
0.000000
0.000000
0.000000
0.000000
0.000000
0.000000
0.000000
0.000000
0.000000
0.000000
0.000000
0.000000
0.000000
0.000000
0.000000
0.000000
0.000000
0.000000
0.000000
0.000000
0.000000
0.000000
0.000000
0.000000
0.000000
0.000000
0.000000
0.000000
0.000000
0.003922
0.011765
0.019608
0.023529
0.023529
0.023529
0.023529
0.023529
0.023529
0.023529
0.023529
0.023529
0.023529
0.023529
0.023529
0.019608
0.015686
0.007843
0.000000
0.000000
0.000000
0.000000
0.000000
0.000000
0.000000
0.000000
0.000000
0.000000
0.000000
0.000000
0.000000
0.000000
0.000000
0.000000
0.000000
0.000000
0.000000
0.000000
0.000000
0.000000
0.000000
0.000000
0.000000
0.000000
0.000000
0.000000
0.000000
0.000000
0.000000
0.000000
0.000000
0.000000
