0.000000
0.000000
0.000000
0.000000
0.000000
0.000000
0.000000
0.000000
0.000000
0.000000
0.000000
0.000000
0.000000
0.000000
0.000000
0.000000
0.000000
0.000000
0.000000
0.000000
0.000000
0.000000
0.000000
0.000000
0.000000
0.000000
0.000000
0.000000
0.000000
0.000000
0.000000
0.000000
0.000000
0.000000
0.000000
0.008333
0.012500
0.012500
0.012500
0.012500
0.012500
0.012500
0.012500
0.012500
0.012500
0.012500
0.008333
0.004167
0.000000
0.000000
0.000000
0.000000
0.000000
0.000000
0.000000
0.000000
0.000000
0.000000
0.000000
0.000000
0.000000
0.000000
0.000000
0.008333
0.012500
0.012500
0.012500
0.012500
0.012500
0.012500
0.012500
0.012500
0.012500
0.012500
0.008333
0.004167
0.000000
0.000000
0.000000
0.000000
0.000000
0.000000
0.000000
0.000000
0.000000
0.000000
0.000000
0.000000
0.000000
0.000000
0.000000
0.000000
0.000000
0.000000
0.000000
0.000000
0.000000
0.000000
0.000000
0.000000
0.000000
0.000000
0.000000
0.000000
0.000000
0.000000
0.000000
0.000000
0.000000
0.000000
0.000000
0.000000
0.000000
0.000000
0.000000
0.000000
0.000000
0.000000
0.008333
0.033333
0.045833
0.045833
0.045833
0.045833
0.041667
0.041667
0.041667
0.041667
0.041667
0.041667
0.029167
0.008333
0.000000
0.000000
0.000000
0.000000
0.000000
0.000000
0.000000
0.000000
0.000000
0.000000
0.000000
0.012500
0.000000
0.000000
0.091667
0.433333
0.616667
0.608333
0.608333
0.612500
0.579167
0.566667
0.583333
0.595833
0.570833
0.545833
0.400000
0.129167
0.000000
0.000000
0.012500
0.000000
0.000000
0.000000
0.000000
0.000000
0.000000
0.000000
0.000000
0.020833
0.000000
0.000000
0.145833
0.704167
1.000000
0.987500
0.983333
0.983333
0.933333
0.916667
0.945833
0.970833
0.937500
0.900000
0.666667
0.216667
0.000000
0.000000
0.020833
0.000000
0.000000
0.000000
0.000000
0.000000
0.000000
0.000000
0.000000
0.020833
0.000000
0.000000
0.137500
0.670833
0.950000
0.933333
0.925000
0.920833
0.875000
0.862500
0.895833
0.929167
0.908333
0.879167
0.658333
0.212500
0.000000
0.000000
0.020833
0.000000
0.000000
0.000000
0.000000
0.000000
0.000000
0.000000
0.000000
0.020833
0.000000
0.000000
0.125000
0.608333
0.862500
0.841667
0.833333
0.829167
0.787500
0.775000
0.812500
0.845833
0.833333
0.812500
0.612500
0.195833
0.000000
0.000000
0.020833
0.000000
0.000000
0.000000
0.000000
0.000000
0.000000
0.000000
0.000000
0.020833
0.000000
0.000000
0.129167
0.620833
0.875000
0.854167
0.845833
0.850000
0.808333
0.791667
0.825000
0.858333
0.841667
0.820833
0.612500
0.195833
0.000000
0.000000
0.020833
0.000000
0.000000
0.000000
0.000000
0.000000
0.000000
0.000000
0.000000
0.020833
0.000000
0.000000
0.129167
0.612500
0.858333
0.829167
0.837500
0.850000
0.808333
0.787500
0.816667
0.845833
0.825000
0.795833
0.595833
0.191667
0.000000
0.000000
0.020833
0.000000
0.000000
0.000000
0.000000
0.000000
0.000000
0.000000
0.000000
0.020833
0.000000
0.000000
0.129167
0.612500
0.854167
0.825000
0.845833
0.866667
0.820833
0.791667
0.816667
0.841667
0.816667
0.779167
0.570833
0.183333
0.000000
0.000000
0.020833
0.000000
0.000000
0.000000
0.000000
0.000000
0.000000
0.000000
0.000000
0.020833
0.000000
0.000000
0.133333
0.625000
0.875000
0.854167
0.879167
0.900000
0.845833
0.812500
0.820833
0.841667
0.812500
0.758333
0.550000
0.175000
0.000000
0.000000
0.016667
0.000000
0.000000
0.000000
0.000000
0.000000
0.000000
0.000000
0.000000
0.020833
0.000000
0.000000
0.133333
0.641667
0.895833
0.875000
0.900000
0.925000
0.870833
0.829167
0.825000
0.833333
0.795833
0.725000
0.516667
0.162500
0.000000
0.000000
0.016667
0.000000
0.000000
0.000000
0.000000
0.000000
0.000000
0.000000
0.000000
0.020833
0.000000
0.000000
0.133333
0.650000
0.904167
0.875000
0.895833
0.925000
0.879167
0.845833
0.829167
0.816667
0.758333
0.679167
0.475000
0.150000
0.000000
0.000000
0.016667
0.000000
0.000000
0.000000
0.000000
0.000000
0.000000
0.000000
0.000000
0.020833
0.000000
0.000000
0.133333
0.658333
0.904167
0.866667
0.887500
0.925000
0.891667
0.862500
0.841667
0.812500
0.737500
0.654167
0.458333
0.141667
0.000000
0.000000
0.016667
0.000000
0.000000
0.000000
0.000000
0.000000
0.000000
0.000000
0.000000
0.020833
0.000000
0.000000
0.137500
0.658333
0.904167
0.858333
0.875000
0.916667
0.895833
0.875000
0.858333
0.820833
0.733333
0.650000
0.458333
0.141667
0.000000
0.000000
0.016667
0.000000
0.000000
0.000000
0.000000
0.000000
0.000000
0.000000
0.000000
0.020833
0.000000
0.000000
0.137500
0.654167
0.895833
0.841667
0.845833
0.875000
0.866667
0.862500
0.850000
0.812500
0.729167
0.633333
0.445833
0.137500
0.000000
0.000000
0.012500
0.000000
0.000000
0.000000
0.000000
0.000000
0.000000
0.000000
0.000000
0.020833
0.000000
0.000000
0.133333
0.641667
0.875000
0.816667
0.812500
0.845833
0.837500
0.841667
0.841667
0.812500
0.733333
0.620833
0.425000
0.129167
0.000000
0.000000
0.012500
0.000000
0.000000
0.000000
0.000000
0.000000
0.000000
0.000000
0.000000
0.016667
0.000000
0.000000
0.129167
0.608333
0.825000
0.766667
0.775000
0.820833
0.808333
0.812500
0.825000
0.808333
0.729167
0.612500
0.400000
0.116667
0.000000
0.000000
0.012500
0.000000
0.000000
0.000000
0.000000
0.000000
0.000000
0.000000
0.000000
0.016667
0.000000
0.000000
0.125000
0.591667
0.795833
0.741667
0.754167
0.804167
0.787500
0.787500
0.808333
0.812500
0.737500
0.608333
0.383333
0.112500
0.000000
0.000000
0.012500
0.000000
0.000000
0.000000
0.000000
0.000000
0.000000
0.000000
0.000000
0.012500
0.000000
0.000000
0.112500
0.529167
0.716667
0.662500
0.666667
0.700000
0.683333
0.679167
0.708333
0.729167
0.670833
0.545833
0.337500
0.095833
0.000000
0.000000
0.008333
0.000000
0.000000
0.000000
0.000000
0.000000
0.000000
0.000000
0.000000
0.008333
0.000000
0.000000
0.062500
0.300000
0.408333
0.375000
0.375000
0.387500
0.375000
0.375000
0.391667
0.408333
0.379167
0.308333
0.187500
0.054167
0.000000
0.000000
0.004167
0.000000
0.000000
0.000000
0.000000
0.000000
0.000000
0.000000
0.000000
0.000000
0.000000
0.000000
0.004167
0.020833
0.029167
0.025000
0.025000
0.025000
0.025000
0.025000
0.029167
0.029167
0.025000
0.020833
0.012500
0.004167
0.000000
0.000000
0.000000
0.000000
0.000000
0.000000
0.000000
0.000000
0.000000
0.000000
0.000000
0.000000
0.000000
0.000000
0.000000
0.000000
0.000000
0.000000
0.000000
0.000000
0.000000
0.000000
0.000000
0.000000
0.000000
0.000000
0.000000
0.000000
0.000000
0.000000
0.000000
0.000000
0.000000
0.000000
0.000000
0.000000
0.000000
0.000000
0.000000
0.000000
0.000000
0.000000
0.000000
0.004167
0.008333
0.008333
0.008333
0.008333
0.008333
0.008333
0.008333
0.008333
0.008333
0.004167
0.004167
0.000000
0.000000
0.000000
0.000000
0.000000
0.000000
0.000000
0.000000
0.000000
0.000000
0.000000
0.000000
0.000000
0.000000
0.000000
0.000000
0.004167
0.008333
0.008333
0.008333
0.008333
0.008333
0.008333
0.008333
0.008333
0.008333
0.004167
0.004167
0.000000
0.000000
0.000000
0.000000
0.000000
0.000000
0.000000
0.000000
0.000000
0.000000
0.000000
0.000000
0.000000
0.000000
0.000000
0.000000
0.000000
0.000000
0.000000
0.000000
0.000000
0.000000
0.000000
0.000000
0.000000
0.000000
0.000000
0.000000
0.000000
0.000000
0.000000
0.000000
0.000000
0.000000
0.000000
0.000000
0.000000
