0.000000
0.000000
0.000000
0.000000
0.000000
0.000000
0.000000
0.000000
0.000000
0.000000
0.000000
0.000000
0.000000
0.000000
0.000000
0.000000
0.000000
0.000000
0.000000
0.000000
0.000000
0.000000
0.000000
0.000000
0.000000
0.000000
0.000000
0.000000
0.000000
0.000000
0.000000
0.003953
0.015810
0.019763
0.023715
0.023715
0.027668
0.027668
0.027668
0.027668
0.027668
0.027668
0.027668
0.027668
0.027668
0.027668
0.027668
0.027668
0.023715
0.015810
0.011858
0.000000
0.000000
0.000000
0.000000
0.000000
0.000000
0.000000
0.000000
0.000000
0.000000
0.000000
0.000000
0.000000
0.000000
0.000000
0.000000
0.000000
0.000000
0.000000
0.000000
0.000000
0.000000
0.000000
0.000000
0.000000
0.000000
0.000000
0.000000
0.000000
0.000000
0.000000
0.000000
0.000000
0.000000
0.003953
0.000000
0.015810
0.102767
0.150198
0.169960
0.185771
0.201581
0.209486
0.205534
0.205534
0.205534
0.209486
0.213439
0.213439
0.213439
0.209486
0.205534
0.205534
0.162055
0.118577
0.075099
0.000000
0.000000
0.003953
0.000000
0.000000
0.000000
0.015810
0.000000
0.094862
0.533597
0.750988
0.849802
0.897233
0.940711
0.992095
0.980237
0.968379
0.980237
0.988142
1.000000
1.000000
0.996047
0.980237
0.964427
0.960474
0.802372
0.628458
0.395257
0.007905
0.000000
0.011858
0.000000
0.000000
0.000000
0.019763
0.000000
0.114625
0.640316
0.857708
0.909091
0.897233
0.893281
0.916996
0.924901
0.928854
0.928854
0.928854
0.932806
0.932806
0.928854
0.920949
0.909091
0.889328
0.877470
0.798419
0.474308
0.011858
0.000000
0.011858
0.000000
0.000000
0.000000
0.019763
0.000000
0.118577
0.644269
0.857708
0.849802
0.814229
0.822134
0.810277
0.818182
0.822134
0.826087
0.841897
0.857708
0.861660
0.849802
0.837945
0.826087
0.814229
0.857708
0.822134
0.490119
0.011858
0.000000
0.011858
0.000000
0.000000
0.000000
0.019763
0.000000
0.118577
0.648221
0.877470
0.845850
0.818182
0.861660
0.837945
0.845850
0.849802
0.853755
0.877470
0.901186
0.905138
0.889328
0.873518
0.873518
0.877470
0.869565
0.798419
0.490119
0.011858
0.000000
0.011858
0.000000
0.000000
0.000000
0.019763
0.000000
0.118577
0.664032
0.889328
0.861660
0.837945
0.881423
0.869565
0.873518
0.881423
0.885375
0.893281
0.905138
0.897233
0.885375
0.873518
0.885375
0.901186
0.865613
0.770751
0.478261
0.011858
0.000000
0.011858
0.000000
0.000000
0.000000
0.019763
0.000000
0.122530
0.671937
0.897233
0.869565
0.849802
0.905138
0.897233
0.881423
0.877470
0.885375
0.893281
0.905138
0.897233
0.877470
0.865613
0.865613
0.881423
0.849802
0.758893
0.462451
0.011858
0.000000
0.011858
0.000000
0.000000
0.000000
0.019763
0.000000
0.122530
0.671937
0.897233
0.869565
0.853755
0.913043
0.913043
0.901186
0.893281
0.893281
0.909091
0.924901
0.928854
0.916996
0.893281
0.881423
0.881423
0.849802
0.762846
0.462451
0.011858
0.000000
0.011858
0.000000
0.000000
0.000000
0.019763
0.000000
0.122530
0.667984
0.893281
0.865613
0.849802
0.909091
0.909091
0.885375
0.861660
0.853755
0.861660
0.885375
0.909091
0.916996
0.897233
0.877470
0.861660
0.853755
0.778656
0.466403
0.011858
0.000000
0.011858
0.000000
0.000000
0.000000
0.019763
0.000000
0.118577
0.656126
0.881423
0.857708
0.841897
0.897233
0.889328
0.845850
0.798419
0.774704
0.758893
0.786561
0.822134
0.853755
0.857708
0.849802
0.833992
0.861660
0.798419
0.466403
0.011858
0.000000
0.011858
0.000000
0.000000
0.000000
0.019763
0.000000
0.114625
0.636364
0.869565
0.853755
0.833992
0.889328
0.877470
0.833992
0.786561
0.747036
0.719368
0.735178
0.770751
0.806324
0.826087
0.837945
0.837945
0.861660
0.794466
0.466403
0.011858
0.000000
0.011858
0.000000
0.000000
0.000000
0.015810
0.000000
0.110672
0.624506
0.861660
0.857708
0.841897
0.885375
0.865613
0.869565
0.849802
0.810277
0.786561
0.794466
0.806324
0.822134
0.833992
0.853755
0.865613
0.857708
0.770751
0.454545
0.011858
0.000000
0.011858
0.000000
0.000000
0.000000
0.015810
0.000000
0.106719
0.604743
0.857708
0.857708
0.849802
0.893281
0.869565
0.861660
0.857708
0.849802
0.841897
0.837945
0.826087
0.806324
0.794466
0.798419
0.806324
0.826087
0.754941
0.438735
0.011858
0.000000
0.011858
0.000000
0.000000
0.000000
0.019763
0.000000
0.114625
0.632411
0.861660
0.873518
0.841897
0.845850
0.845850
0.881423
0.877470
0.853755
0.845850
0.841897
0.826087
0.794466
0.770751
0.766798
0.770751
0.810277
0.747036
0.430830
0.011858
0.000000
0.011858
0.000000
0.000000
0.000000
0.019763
0.000000
0.122530
0.660079
0.853755
0.873518
0.833992
0.810277
0.845850
0.909091
0.897233
0.841897
0.830040
0.837945
0.837945
0.822134
0.802372
0.806324
0.822134
0.841897
0.766798
0.442688
0.011858
0.000000
0.011858
0.000000
0.000000
0.000000
0.015810
0.000000
0.114625
0.632411
0.822134
0.853755
0.837945
0.845850
0.889328
0.893281
0.861660
0.830040
0.826087
0.845850
0.857708
0.853755
0.845850
0.857708
0.885375
0.881423
0.794466
0.470356
0.011858
0.000000
0.011858
0.000000
0.000000
0.000000
0.015810
0.000000
0.114625
0.616601
0.802372
0.845850
0.837945
0.857708
0.893281
0.865613
0.830040
0.810277
0.810277
0.830040
0.853755
0.853755
0.857708
0.877470
0.901186
0.881423
0.786561
0.466403
0.011858
0.000000
0.011858
0.000000
0.000000
0.000000
0.019763
0.000000
0.118577
0.632411
0.818182
0.857708
0.845850
0.837945
0.853755
0.857708
0.845850
0.822134
0.822134
0.833992
0.849802
0.853755
0.857708
0.869565
0.889328
0.877470
0.782609
0.466403
0.011858
0.000000
0.011858
0.000000
0.000000
0.000000
0.019763
0.000000
0.114625
0.632411
0.822134
0.873518
0.865613
0.837945
0.826087
0.830040
0.822134
0.802372
0.798419
0.806324
0.814229
0.818182
0.818182
0.822134
0.826087
0.865613
0.814229
0.482213
0.011858
0.000000
0.011858
0.000000
0.000000
0.000000
0.015810
0.000000
0.102767
0.581028
0.786561
0.881423
0.901186
0.881423
0.865613
0.849802
0.841897
0.833992
0.830040
0.841897
0.853755
0.857708
0.857708
0.861660
0.865613
0.861660
0.798419
0.486166
0.011858
0.000000
0.011858
0.000000
0.000000
0.000000
0.011858
0.000000
0.079051
0.442688
0.628458
0.747036
0.802372
0.806324
0.798419
0.822134
0.833992
0.830040
0.837945
0.853755
0.869565
0.877470
0.881423
0.881423
0.897233
0.750988
0.596838
0.387352
0.007905
0.000000
0.011858
0.000000
0.000000
0.000000
0.003953
0.000000
0.015810
0.083004
0.118577
0.146245
0.158103
0.162055
0.158103
0.169960
0.173913
0.173913
0.173913
0.177866
0.181818
0.185771
0.185771
0.185771
0.189723
0.146245
0.106719
0.071146
0.000000
0.000000
0.003953
0.000000
0.000000
0.000000
0.000000
0.000000
0.000000
0.000000
0.000000
0.000000
0.000000
0.000000
0.000000
0.000000
0.000000
0.000000
0.000000
0.000000
0.000000
0.000000
0.000000
0.000000
0.000000
0.000000
0.000000
0.000000
0.000000
0.000000
0.000000
0.000000
0.000000
0.000000
0.000000
0.000000
0.003953
0.011858
0.015810
0.019763
0.023715
0.023715
0.023715
0.023715
0.023715
0.023715
0.023715
0.023715
0.023715
0.023715
0.023715
0.023715
0.023715
0.019763
0.015810
0.011858
0.000000
0.000000
0.000000
0.000000
0.000000
0.000000
0.000000
0.000000
0.000000
0.000000
0.000000
0.000000
0.000000
0.000000
0.000000
0.000000
0.000000
0.000000
0.000000
0.000000
0.000000
0.000000
0.000000
0.000000
0.000000
0.000000
0.000000
0.000000
0.000000
0.000000
0.000000
0.000000
0.000000
