0.000000
0.000000
0.000000
0.000000
0.000000
0.000000
0.000000
0.000000
0.000000
0.000000
0.000000
0.000000
0.000000
0.000000
0.000000
0.000000
0.000000
0.000000
0.000000
0.000000
0.000000
0.000000
0.000000
0.000000
0.000000
0.000000
0.000000
0.000000
0.000000
0.000000
0.000000
0.000000
0.007843
0.015686
0.019608
0.019608
0.019608
0.019608
0.023529
0.023529
0.023529
0.023529
0.023529
0.023529
0.023529
0.023529
0.023529
0.023529
0.019608
0.015686
0.003922
0.000000
0.000000
0.000000
0.000000
0.000000
0.000000
0.000000
0.000000
0.000000
0.000000
0.000000
0.000000
0.000000
0.000000
0.000000
0.000000
0.000000
0.000000
0.000000
0.000000
0.000000
0.000000
0.000000
0.000000
0.000000
0.000000
0.000000
0.000000
0.000000
0.000000
0.000000
0.000000
0.000000
0.000000
0.003922
0.000000
0.011765
0.070588
0.145098
0.211765
0.235294
0.231373
0.235294
0.239216
0.239216
0.243137
0.247059
0.250980
0.254902
0.254902
0.250980
0.243137
0.247059
0.219608
0.133333
0.054902
0.003922
0.000000
0.000000
0.000000
0.000000
0.000000
0.007843
0.000000
0.070588
0.341176
0.607843
0.796078
0.847059
0.831373
0.831373
0.854902
0.854902
0.858824
0.870588
0.882353
0.882353
0.882353
0.878431
0.858824
0.862745
0.811765
0.580392
0.231373
0.015686
0.000000
0.003922
0.000000
0.000000
0.000000
0.015686
0.000000
0.137255
0.592157
0.890196
0.996078
1.000000
0.976471
0.968627
0.996078
0.984314
0.980392
0.992157
0.996078
0.996078
0.996078
0.992157
0.988235
0.988235
1.000000
0.866667
0.388235
0.031373
0.000000
0.011765
0.000000
0.000000
0.000000
0.019608
0.000000
0.180392
0.733333
0.996078
1.000000
0.980392
0.988235
0.988235
0.992157
0.980392
0.968627
0.972549
0.988235
1.000000
1.000000
0.992157
0.992157
0.996078
1.000000
0.913725
0.576471
0.070588
0.000000
0.015686
0.000000
0.000000
0.000000
0.015686
0.000000
0.184314
0.737255
0.996078
0.984314
0.972549
0.984314
0.984314
0.976471
0.968627
0.956863
0.956863
0.976471
0.992157
0.992157
0.980392
0.976471
0.988235
0.988235
0.882353
0.588235
0.074510
0.000000
0.015686
0.000000
0.000000
0.000000
0.015686
0.000000
0.168627
0.701961
0.980392
0.996078
0.988235
0.996078
0.984314
0.980392
0.980392
0.972549
0.968627
0.980392
0.996078
0.996078
0.984314
0.980392
0.992157
0.992157
0.882353
0.572549
0.070588
0.000000
0.015686
0.000000
0.000000
0.000000
0.015686
0.000000
0.168627
0.698039
0.984314
0.996078
0.988235
0.996078
0.984314
0.980392
0.984314
0.984314
0.976471
0.980392
0.988235
0.988235
0.980392
0.980392
0.988235
0.992157
0.909804
0.607843
0.074510
0.000000
0.015686
0.000000
0.000000
0.000000
0.015686
0.000000
0.172549
0.713725
0.992157
0.992157
0.984314
0.992157
0.988235
0.988235
0.988235
0.984314
0.984314
0.984314
0.984314
0.984314
0.980392
0.980392
0.984314
0.992157
0.909804
0.607843
0.078431
0.000000
0.015686
0.000000
0.000000
0.000000
0.019608
0.000000
0.184314
0.741176
0.996078
0.984314
0.964706
0.976471
0.988235
0.996078
0.988235
0.992157
0.988235
0.980392
0.980392
0.976471
0.980392
0.980392
0.984314
0.980392
0.882353
0.584314
0.074510
0.000000
0.015686
0.000000
0.000000
0.000000
0.019608
0.000000
0.196078
0.760784
0.996078
0.980392
0.949020
0.964706
0.984314
0.992157
0.988235
0.992157
0.992157
0.980392
0.972549
0.972549
0.984314
0.988235
0.988235
0.980392
0.882353
0.584314
0.074510
0.000000
0.015686
0.000000
0.000000
0.000000
0.019608
0.000000
0.196078
0.760784
0.996078
0.980392
0.952941
0.964706
0.980392
0.988235
0.988235
0.992157
0.992157
0.980392
0.964706
0.972549
0.984314
0.992157
0.988235
0.988235
0.905882
0.600000
0.078431
0.000000
0.015686
0.000000
0.000000
0.000000
0.019608
0.000000
0.180392
0.729412
0.996078
0.980392
0.960784
0.972549
0.972549
0.980392
0.980392
0.992157
0.996078
0.980392
0.960784
0.964706
0.984314
0.992157
0.988235
0.984314
0.894118
0.600000
0.078431
0.000000
0.015686
0.000000
0.000000
0.000000
0.015686
0.000000
0.188235
0.737255
0.988235
0.984314
0.960784
0.972549
0.980392
0.980392
0.980392
0.984314
0.984314
0.972549
0.964706
0.972549
0.988235
0.992157
0.992157
0.980392
0.866667
0.564706
0.070588
0.000000
0.015686
0.000000
0.000000
0.000000
0.019608
0.000000
0.215686
0.792157
0.972549
0.988235
0.956863
0.968627
0.992157
0.984314
0.988235
0.972549
0.956863
0.960784
0.980392
0.992157
0.992157
0.992157
0.988235
0.984314
0.878431
0.541176
0.066667
0.000000
0.015686
0.000000
0.000000
0.000000
0.019608
0.000000
0.192157
0.752941
0.968627
1.000000
0.992157
1.000000
0.980392
0.956863
0.992157
0.984314
0.960784
0.949020
0.960784
0.972549
0.988235
0.988235
0.992157
0.996078
0.901961
0.596078
0.078431
0.000000
0.015686
0.000000
0.000000
0.000000
0.019608
0.000000
0.207843
0.784314
0.988235
0.988235
0.937255
0.952941
0.980392
0.960784
0.972549
0.972549
0.968627
0.964706
0.972549
0.976471
0.984314
0.980392
0.984314
0.972549
0.874510
0.588235
0.078431
0.000000
0.015686
0.000000
0.000000
0.000000
0.019608
0.000000
0.200000
0.776471
0.996078
0.992157
0.933333
0.960784
1.000000
0.968627
0.960784
0.968627
0.980392
0.976471
0.976471
0.976471
0.976471
0.972549
0.976471
0.964706
0.850980
0.556863
0.070588
0.000000
0.015686
0.000000
0.000000
0.000000
0.019608
0.000000
0.196078
0.764706
0.996078
0.992157
0.925490
0.941176
0.972549
0.956863
0.980392
0.988235
0.984314
0.960784
0.945098
0.945098
0.960784
0.976471
0.976471
0.988235
0.913725
0.576471
0.070588
0.000000
0.015686
0.000000
0.000000
0.000000
0.019608
0.000000
0.211765
0.800000
1.000000
0.980392
0.890196
0.894118
0.949020
0.964706
0.988235
0.992157
0.980392
0.956863
0.933333
0.933333
0.968627
0.996078
0.992157
1.000000
0.960784
0.584314
0.070588
0.000000
0.015686
0.000000
0.000000
0.000000
0.015686
0.000000
0.180392
0.701961
0.925490
0.980392
0.952941
0.956863
0.996078
0.984314
0.925490
0.945098
0.972549
0.972549
0.968627
0.976471
0.992157
0.992157
0.984314
0.945098
0.796078
0.470588
0.054902
0.000000
0.011765
0.000000
0.000000
0.000000
0.007843
0.000000
0.078431
0.356863
0.611765
0.866667
0.992157
0.976471
0.901961
0.858824
0.874510
0.917647
0.960784
0.980392
0.984314
0.992157
0.992157
0.937255
0.917647
0.749020
0.443137
0.262745
0.031373
0.000000
0.003922
0.000000
0.000000
0.000000
0.003922
0.000000
0.007843
0.058824
0.141176
0.247059
0.305882
0.301961
0.258824
0.243137
0.262745
0.278431
0.294118
0.301961
0.301961
0.305882
0.301961
0.278431
0.270588
0.200000
0.086275
0.050980
0.003922
0.000000
0.000000
0.000000
0.000000
0.000000
0.000000
0.000000
0.000000
0.000000
0.000000
0.000000
0.000000
0.000000
0.000000
0.000000
0.000000
0.000000
0.000000
0.000000
0.000000
0.000000
0.000000
0.000000
0.000000
0.000000
0.000000
0.000000
0.000000
0.000000
0.000000
0.000000
0.000000
0.000000
0.000000
0.000000
0.000000
0.007843
0.015686
0.023529
0.027451
0.023529
0.023529
0.023529
0.023529
0.023529
0.023529
0.027451
0.027451
0.027451
0.027451
0.023529
0.023529
0.019608
0.011765
0.007843
0.000000
0.000000
0.000000
0.000000
0.000000
0.000000
0.000000
0.000000
0.000000
0.000000
0.000000
0.000000
0.000000
0.000000
0.000000
0.000000
0.000000
0.000000
0.000000
0.000000
0.000000
0.000000
0.000000
0.000000
0.000000
0.000000
0.000000
0.000000
0.000000
0.000000
0.000000
0.000000
0.000000
