0.000000
0.000000
0.000000
0.000000
0.000000
0.000000
0.000000
0.000000
0.000000
0.000000
0.000000
0.000000
0.000000
0.000000
0.000000
0.000000
0.000000
0.000000
0.000000
0.000000
0.000000
0.000000
0.000000
0.000000
0.000000
0.000000
0.000000
0.000000
0.000000
0.000000
0.000000
0.000000
0.000000
0.012245
0.016327
0.016327
0.016327
0.016327
0.016327
0.016327
0.016327
0.016327
0.016327
0.016327
0.016327
0.016327
0.016327
0.016327
0.012245
0.008163
0.000000
0.000000
0.000000
0.000000
0.000000
0.000000
0.000000
0.000000
0.000000
0.000000
0.000000
0.000000
0.000000
0.000000
0.000000
0.000000
0.000000
0.000000
0.000000
0.000000
0.000000
0.000000
0.000000
0.000000
0.000000
0.000000
0.000000
0.000000
0.000000
0.000000
0.000000
0.000000
0.000000
0.000000
0.000000
0.000000
0.004082
0.000000
0.016327
0.114286
0.155102
0.167347
0.171429
0.175510
0.179592
0.179592
0.175510
0.171429
0.167347
0.171429
0.171429
0.171429
0.167347
0.151020
0.122449
0.073469
0.000000
0.000000
0.000000
0.000000
0.000000
0.000000
0.000000
0.000000
0.016327
0.000000
0.069388
0.502041
0.648980
0.685714
0.697959
0.714286
0.726531
0.734694
0.726531
0.710204
0.693878
0.697959
0.697959
0.689796
0.681633
0.620408
0.510204
0.302041
0.004082
0.000000
0.004082
0.000000
0.000000
0.000000
0.000000
0.000000
0.020408
0.000000
0.110204
0.763265
0.926531
0.951020
0.963265
0.971429
0.979592
0.995918
1.000000
0.983673
0.959184
0.946939
0.942857
0.926531
0.918367
0.865306
0.742857
0.448980
0.004082
0.000000
0.008163
0.000000
0.000000
0.000000
0.000000
0.000000
0.024490
0.000000
0.126531
0.861224
0.991837
0.971429
0.983673
0.967347
0.926531
0.951020
0.967347
0.955102
0.922449
0.902041
0.889796
0.877551
0.865306
0.889796
0.840816
0.510204
0.004082
0.000000
0.008163
0.000000
0.000000
0.000000
0.000000
0.000000
0.024490
0.000000
0.122449
0.828571
0.910204
0.857143
0.853061
0.865306
0.881633
0.910204
0.922449
0.910204
0.873469
0.836735
0.828571
0.840816
0.848980
0.861224
0.812245
0.506122
0.004082
0.000000
0.008163
0.000000
0.000000
0.000000
0.000000
0.000000
0.024490
0.000000
0.122449
0.820408
0.889796
0.820408
0.840816
0.857143
0.844898
0.893878
0.914286
0.889796
0.840816
0.808163
0.808163
0.840816
0.873469
0.857143
0.800000
0.522449
0.004082
0.000000
0.008163
0.000000
0.000000
0.000000
0.000000
0.000000
0.024490
0.000000
0.134694
0.873469
0.914286
0.848980
0.873469
0.877551
0.832653
0.853061
0.865306
0.836735
0.795918
0.763265
0.763265
0.800000
0.840816
0.865306
0.832653
0.542857
0.008163
0.000000
0.008163
0.000000
0.000000
0.000000
0.000000
0.000000
0.024490
0.000000
0.142857
0.910204
0.889796
0.824490
0.824490
0.840816
0.869388
0.832653
0.804082
0.795918
0.775510
0.738776
0.714286
0.738776
0.787755
0.853061
0.840816
0.522449
0.008163
0.000000
0.008163
0.000000
0.000000
0.000000
0.000000
0.000000
0.024490
0.000000
0.142857
0.897959
0.881633
0.820408
0.832653
0.853061
0.873469
0.844898
0.832653
0.832653
0.820408
0.779592
0.742857
0.742857
0.759184
0.836735
0.836735
0.518367
0.004082
0.000000
0.008163
0.000000
0.000000
0.000000
0.000000
0.000000
0.024490
0.000000
0.142857
0.902041
0.877551
0.820408
0.820408
0.861224
0.938776
0.910204
0.889796
0.897959
0.893878
0.869388
0.840816
0.832653
0.844898
0.873469
0.836735
0.526531
0.008163
0.000000
0.008163
0.000000
0.000000
0.000000
0.000000
0.000000
0.024490
0.000000
0.146939
0.930612
0.893878
0.820408
0.808163
0.848980
0.922449
0.885714
0.857143
0.857143
0.865306
0.873469
0.877551
0.893878
0.922449
0.918367
0.848980
0.542857
0.008163
0.000000
0.008163
0.000000
0.000000
0.000000
0.000000
0.000000
0.024490
0.000000
0.151020
0.942857
0.910204
0.824490
0.824490
0.836735
0.853061
0.812245
0.775510
0.771429
0.791837
0.820408
0.857143
0.897959
0.934694
0.930612
0.861224
0.551020
0.008163
0.000000
0.008163
0.000000
0.000000
0.000000
0.000000
0.000000
0.024490
0.000000
0.146939
0.930612
0.910204
0.840816
0.861224
0.857143
0.832653
0.804082
0.779592
0.775510
0.795918
0.824490
0.861224
0.893878
0.910204
0.910204
0.857143
0.551020
0.008163
0.000000
0.008163
0.000000
0.000000
0.000000
0.000000
0.000000
0.024490
0.000000
0.142857
0.910204
0.906122
0.857143
0.885714
0.881633
0.853061
0.844898
0.848980
0.853061
0.869388
0.885714
0.889796
0.889796
0.877551
0.873469
0.836735
0.542857
0.008163
0.000000
0.008163
0.000000
0.000000
0.000000
0.000000
0.000000
0.024490
0.000000
0.142857
0.910204
0.914286
0.865306
0.885714
0.873469
0.832653
0.848980
0.869388
0.885714
0.893878
0.893878
0.877551
0.857143
0.820408
0.840816
0.832653
0.534694
0.008163
0.000000
0.008163
0.000000
0.000000
0.000000
0.000000
0.000000
0.028571
0.000000
0.151020
0.951020
0.938776
0.861224
0.848980
0.828571
0.828571
0.857143
0.885714
0.897959
0.897959
0.897959
0.885714
0.861224
0.820408
0.844898
0.840816
0.538776
0.008163
0.000000
0.008163
0.000000
0.000000
0.000000
0.000000
0.000000
0.028571
0.000000
0.142857
0.906122
0.930612
0.865306
0.865306
0.869388
0.861224
0.857143
0.869388
0.893878
0.926531
0.930612
0.910204
0.893878
0.885714
0.865306
0.832653
0.563265
0.008163
0.000000
0.012245
0.000000
0.000000
0.000000
0.000000
0.000000
0.024490
0.000000
0.126531
0.820408
0.893878
0.848980
0.869388
0.885714
0.865306
0.832653
0.828571
0.873469
0.922449
0.934694
0.906122
0.889796
0.893878
0.869388
0.836735
0.583673
0.008163
0.000000
0.012245
0.000000
0.000000
0.000000
0.000000
0.000000
0.020408
0.000000
0.118367
0.779592
0.869388
0.840816
0.832653
0.832653
0.832653
0.820408
0.828571
0.857143
0.885714
0.893878
0.885714
0.861224
0.836735
0.861224
0.873469
0.583673
0.008163
0.000000
0.012245
0.000000
0.000000
0.000000
0.000000
0.000000
0.020408
0.000000
0.106122
0.726531
0.857143
0.857143
0.848980
0.828571
0.820408
0.836735
0.844898
0.853061
0.865306
0.877551
0.877551
0.857143
0.808163
0.840816
0.865306
0.563265
0.008163
0.000000
0.012245
0.000000
0.000000
0.000000
0.000000
0.000000
0.020408
0.000000
0.093878
0.648980
0.800000
0.828571
0.816327
0.787755
0.791837
0.824490
0.844898
0.828571
0.820408
0.836735
0.853061
0.828571
0.771429
0.742857
0.722449
0.477551
0.004082
0.000000
0.008163
0.000000
0.000000
0.000000
0.000000
0.000000
0.004082
0.000000
0.024490
0.187755
0.236735
0.248980
0.244898
0.236735
0.236735
0.248980
0.257143
0.253061
0.244898
0.253061
0.257143
0.248980
0.232653
0.212245
0.200000
0.134694
0.000000
0.000000
0.004082
0.000000
0.000000
0.000000
0.000000
0.000000
0.000000
0.000000
0.000000
0.000000
0.000000
0.000000
0.000000
0.000000
0.000000
0.000000
0.000000
0.000000
0.000000
0.000000
0.000000
0.000000
0.000000
0.000000
0.000000
0.000000
0.000000
0.000000
0.000000
0.000000
0.000000
0.000000
0.000000
0.000000
0.000000
0.000000
0.004082
0.016327
0.020408
0.020408
0.020408
0.020408
0.020408
0.020408
0.020408
0.020408
0.020408
0.020408
0.020408
0.020408
0.020408
0.020408
0.016327
0.012245
0.000000
0.000000
0.000000
0.000000
0.000000
0.000000
0.000000
0.000000
0.000000
0.000000
0.000000
0.000000
0.000000
0.000000
0.000000
0.000000
0.000000
0.000000
0.000000
0.000000
0.000000
0.000000
0.000000
0.000000
0.000000
0.000000
0.000000
0.000000
0.000000
0.000000
0.000000
0.000000
0.000000
0.000000
