0.000000
0.000000
0.000000
0.000000
0.000000
0.000000
0.000000
0.000000
0.000000
0.000000
0.000000
0.000000
0.000000
0.000000
0.000000
0.000000
0.000000
0.000000
0.000000
0.000000
0.000000
0.000000
0.000000
0.000000
0.000000
0.000000
0.000000
0.000000
0.000000
0.000000
0.000000
0.000000
0.000000
0.000000
0.000000
0.013216
0.013216
0.013216
0.013216
0.017621
0.017621
0.017621
0.017621
0.017621
0.017621
0.017621
0.013216
0.013216
0.013216
0.000000
0.000000
0.000000
0.000000
0.000000
0.000000
0.000000
0.000000
0.000000
0.000000
0.000000
0.000000
0.000000
0.000000
0.000000
0.000000
0.000000
0.000000
0.000000
0.000000
0.000000
0.000000
0.000000
0.000000
0.000000
0.000000
0.000000
0.000000
0.000000
0.000000
0.000000
0.000000
0.000000
0.000000
0.000000
0.000000
0.000000
0.000000
0.000000
0.000000
0.000000
0.013216
0.211454
0.255507
0.255507
0.273128
0.290749
0.312775
0.325991
0.330396
0.317181
0.299559
0.281938
0.264317
0.264317
0.215859
0.013216
0.000000
0.004405
0.000000
0.000000
0.000000
0.000000
0.000000
0.000000
0.000000
0.000000
0.004405
0.000000
0.026432
0.493392
0.585903
0.590308
0.629956
0.669603
0.713656
0.744493
0.757709
0.726872
0.682819
0.647577
0.607929
0.603524
0.497797
0.022026
0.000000
0.008811
0.000000
0.000000
0.000000
0.000000
0.000000
0.000000
0.000000
0.000000
0.008811
0.000000
0.022026
0.475771
0.563877
0.568282
0.603524
0.638767
0.674009
0.700441
0.713656
0.682819
0.638767
0.607929
0.572687
0.563877
0.466960
0.022026
0.000000
0.008811
0.000000
0.000000
0.000000
0.000000
0.000000
0.000000
0.000000
0.000000
0.008811
0.000000
0.026432
0.537445
0.647577
0.651982
0.687225
0.722467
0.762115
0.788546
0.797357
0.762115
0.709251
0.669603
0.629956
0.625551
0.524229
0.026432
0.000000
0.008811
0.000000
0.000000
0.000000
0.000000
0.000000
0.000000
0.000000
0.000000
0.008811
0.000000
0.030837
0.572687
0.687225
0.691630
0.735683
0.775330
0.814978
0.837004
0.850220
0.814978
0.762115
0.713656
0.669603
0.669603
0.555066
0.026432
0.000000
0.008811
0.000000
0.000000
0.000000
0.000000
0.000000
0.000000
0.000000
0.000000
0.008811
0.000000
0.030837
0.607929
0.731277
0.740088
0.784141
0.823789
0.863436
0.889868
0.885463
0.850220
0.792951
0.740088
0.691630
0.678414
0.563877
0.026432
0.000000
0.008811
0.000000
0.000000
0.000000
0.000000
0.000000
0.000000
0.000000
0.000000
0.008811
0.000000
0.030837
0.629956
0.753304
0.757709
0.801762
0.841410
0.885463
0.911894
0.889868
0.850220
0.792951
0.735683
0.687225
0.669603
0.555066
0.026432
0.000000
0.008811
0.000000
0.000000
0.000000
0.000000
0.000000
0.000000
0.000000
0.000000
0.008811
0.000000
0.030837
0.634361
0.748899
0.753304
0.797357
0.837004
0.881057
0.907489
0.894273
0.854626
0.797357
0.740088
0.687225
0.678414
0.563877
0.026432
0.000000
0.008811
0.000000
0.000000
0.000000
0.000000
0.000000
0.000000
0.000000
0.000000
0.008811
0.000000
0.030837
0.634361
0.740088
0.740088
0.784141
0.823789
0.876652
0.903084
0.911894
0.867841
0.810573
0.757709
0.709251
0.696035
0.581498
0.030837
0.000000
0.008811
0.000000
0.000000
0.000000
0.000000
0.000000
0.000000
0.000000
0.000000
0.008811
0.000000
0.030837
0.625551
0.726872
0.726872
0.775330
0.823789
0.881057
0.920705
0.929515
0.889868
0.828194
0.775330
0.722467
0.704846
0.585903
0.030837
0.000000
0.008811
0.000000
0.000000
0.000000
0.000000
0.000000
0.000000
0.000000
0.000000
0.008811
0.000000
0.030837
0.616740
0.718062
0.713656
0.766520
0.828194
0.889868
0.933921
0.960352
0.925110
0.859031
0.792951
0.735683
0.718062
0.590308
0.030837
0.000000
0.008811
0.000000
0.000000
0.000000
0.000000
0.000000
0.000000
0.000000
0.000000
0.008811
0.000000
0.030837
0.607929
0.700441
0.700441
0.757709
0.828194
0.894273
0.947137
0.995595
0.960352
0.889868
0.823789
0.762115
0.744493
0.612335
0.030837
0.000000
0.008811
0.000000
0.000000
0.000000
0.000000
0.000000
0.000000
0.000000
0.000000
0.008811
0.000000
0.030837
0.590308
0.691630
0.700441
0.770925
0.845815
0.916300
0.964758
0.986784
0.955947
0.907489
0.859031
0.792951
0.762115
0.629956
0.030837
0.000000
0.008811
0.000000
0.000000
0.000000
0.000000
0.000000
0.000000
0.000000
0.000000
0.008811
0.000000
0.030837
0.577093
0.678414
0.691630
0.766520
0.845815
0.916300
0.969163
0.986784
0.964758
0.920705
0.867841
0.797357
0.766520
0.625551
0.030837
0.000000
0.008811
0.000000
0.000000
0.000000
0.000000
0.000000
0.000000
0.000000
0.000000
0.008811
0.000000
0.030837
0.572687
0.674009
0.687225
0.762115
0.841410
0.907489
0.960352
1.000000
0.977974
0.929515
0.867841
0.797357
0.766520
0.625551
0.030837
0.000000
0.008811
0.000000
0.000000
0.000000
0.000000
0.000000
0.000000
0.000000
0.000000
0.008811
0.000000
0.030837
0.581498
0.682819
0.691630
0.757709
0.828194
0.898678
0.942731
0.977974
0.955947
0.907489
0.854626
0.784141
0.753304
0.621145
0.030837
0.000000
0.008811
0.000000
0.000000
0.000000
0.000000
0.000000
0.000000
0.000000
0.000000
0.008811
0.000000
0.030837
0.590308
0.687225
0.691630
0.744493
0.810573
0.876652
0.920705
0.938326
0.911894
0.863436
0.810573
0.748899
0.722467
0.590308
0.030837
0.000000
0.008811
0.000000
0.000000
0.000000
0.000000
0.000000
0.000000
0.000000
0.000000
0.008811
0.000000
0.030837
0.590308
0.687225
0.687225
0.744493
0.806167
0.863436
0.907489
0.911894
0.885463
0.832599
0.775330
0.713656
0.687225
0.559471
0.026432
0.000000
0.008811
0.000000
0.000000
0.000000
0.000000
0.000000
0.000000
0.000000
0.000000
0.008811
0.000000
0.030837
0.594714
0.691630
0.691630
0.748899
0.801762
0.859031
0.894273
0.898678
0.867841
0.819383
0.762115
0.696035
0.660793
0.541850
0.026432
0.000000
0.008811
0.000000
0.000000
0.000000
0.000000
0.000000
0.000000
0.000000
0.000000
0.008811
0.000000
0.030837
0.563877
0.651982
0.638767
0.687225
0.731277
0.788546
0.819383
0.823789
0.797357
0.753304
0.696035
0.638767
0.607929
0.497797
0.026432
0.000000
0.008811
0.000000
0.000000
0.000000
0.000000
0.000000
0.000000
0.000000
0.000000
0.008811
0.000000
0.030837
0.585903
0.660793
0.643172
0.678414
0.713656
0.762115
0.792951
0.797357
0.770925
0.722467
0.678414
0.625551
0.599119
0.497797
0.026432
0.000000
0.004405
0.000000
0.000000
0.000000
0.000000
0.000000
0.000000
0.000000
0.000000
0.004405
0.000000
0.013216
0.246696
0.277533
0.268722
0.281938
0.295154
0.312775
0.325991
0.325991
0.317181
0.295154
0.277533
0.255507
0.251101
0.207048
0.008811
0.000000
0.000000
0.000000
0.000000
0.000000
0.000000
0.000000
0.000000
0.000000
0.000000
0.000000
0.000000
0.000000
0.000000
0.000000
0.000000
0.000000
0.000000
0.000000
0.000000
0.000000
0.000000
0.000000
0.000000
0.000000
0.000000
0.000000
0.000000
0.000000
0.000000
0.000000
0.000000
0.000000
0.000000
0.000000
0.000000
0.000000
0.000000
0.000000
0.000000
0.000000
0.013216
0.017621
0.013216
0.017621
0.017621
0.017621
0.017621
0.017621
0.017621
0.017621
0.017621
0.013216
0.013216
0.013216
0.000000
0.000000
0.000000
0.000000
0.000000
0.000000
0.000000
0.000000
0.000000
0.000000
0.000000
0.000000
0.000000
0.000000
0.000000
0.000000
0.000000
0.000000
0.000000
0.000000
0.000000
0.000000
0.000000
0.000000
0.000000
0.000000
0.000000
0.000000
0.000000
0.000000
0.000000
0.000000
0.000000
0.000000
0.000000
