0.000000
0.000000
0.000000
0.000000
0.000000
0.000000
0.000000
0.000000
0.000000
0.000000
0.000000
0.000000
0.000000
0.000000
0.000000
0.000000
0.000000
0.000000
0.000000
0.000000
0.000000
0.000000
0.000000
0.000000
0.000000
0.000000
0.000000
0.000000
0.000000
0.000000
0.000000
0.000000
0.003922
0.019608
0.027451
0.027451
0.027451
0.027451
0.027451
0.027451
0.027451
0.027451
0.027451
0.027451
0.027451
0.027451
0.027451
0.027451
0.023529
0.015686
0.007843
0.000000
0.000000
0.000000
0.000000
0.000000
0.000000
0.000000
0.000000
0.000000
0.000000
0.000000
0.000000
0.000000
0.000000
0.000000
0.000000
0.000000
0.000000
0.000000
0.000000
0.000000
0.000000
0.000000
0.000000
0.000000
0.000000
0.000000
0.000000
0.000000
0.000000
0.000000
0.000000
0.000000
0.000000
0.000000
0.007843
0.000000
0.031373
0.223529
0.301961
0.329412
0.337255
0.317647
0.309804
0.341176
0.345098
0.345098
0.345098
0.337255
0.341176
0.333333
0.329412
0.329412
0.294118
0.188235
0.070588
0.003922
0.000000
0.003922
0.000000
0.000000
0.000000
0.000000
0.023529
0.000000
0.113725
0.803922
0.988235
1.000000
1.000000
1.000000
0.992157
1.000000
1.000000
1.000000
1.000000
1.000000
1.000000
1.000000
1.000000
1.000000
0.964706
0.686275
0.321569
0.031373
0.000000
0.007843
0.000000
0.000000
0.000000
0.000000
0.027451
0.000000
0.145098
0.956863
0.996078
0.984314
0.996078
0.980392
0.952941
0.992157
0.988235
0.988235
0.984314
0.972549
0.976471
0.968627
0.976471
0.996078
0.980392
0.839216
0.525490
0.062745
0.000000
0.015686
0.000000
0.000000
0.000000
0.000000
0.027451
0.000000
0.156863
1.000000
1.000000
0.894118
0.937255
0.992157
0.980392
0.996078
0.976471
0.976471
0.980392
0.976471
0.992157
0.992157
0.949020
0.968627
0.984314
0.882353
0.627451
0.086275
0.000000
0.019608
0.000000
0.000000
0.000000
0.000000
0.027451
0.000000
0.152941
0.996078
1.000000
0.945098
0.964706
1.000000
0.992157
0.980392
0.976471
0.984314
0.992157
0.992157
0.992157
0.996078
0.976471
0.984314
0.984314
0.898039
0.658823
0.090196
0.000000
0.019608
0.000000
0.000000
0.000000
0.000000
0.027451
0.000000
0.152941
0.996078
1.000000
0.992157
0.996078
1.000000
0.992157
0.976471
0.988235
0.988235
0.992157
1.000000
0.984314
0.996078
1.000000
1.000000
0.988235
0.909804
0.658823
0.090196
0.000000
0.019608
0.000000
0.000000
0.000000
0.000000
0.027451
0.000000
0.156863
1.000000
1.000000
0.972549
0.984314
1.000000
0.992157
0.984314
0.996078
0.984314
0.984314
0.996078
0.980392
0.996078
0.988235
0.996078
0.988235
0.901961
0.654902
0.090196
0.000000
0.019608
0.000000
0.000000
0.000000
0.000000
0.027451
0.000000
0.156863
1.000000
1.000000
0.972549
0.984314
0.996078
0.996078
0.988235
0.996078
0.988235
0.988235
0.992157
0.980392
0.992157
0.988235
0.996078
0.984314
0.894118
0.639216
0.086275
0.000000
0.019608
0.000000
0.000000
0.000000
0.000000
0.027451
0.000000
0.156863
1.000000
1.000000
0.972549
0.984314
1.000000
0.996078
0.988235
0.996078
0.996078
0.996078
0.992157
0.988235
0.996078
0.988235
0.992157
0.980392
0.886275
0.635294
0.086275
0.000000
0.019608
0.000000
0.000000
0.000000
0.000000
0.027451
0.000000
0.152941
0.996078
1.000000
0.976471
0.988235
1.000000
0.996078
0.988235
0.996078
1.000000
1.000000
0.992157
0.988235
0.996078
0.992157
0.996078
0.984314
0.898039
0.643137
0.086275
0.000000
0.019608
0.000000
0.000000
0.000000
0.000000
0.027451
0.000000
0.152941
0.988235
1.000000
0.980392
0.992157
1.000000
0.996078
0.988235
0.992157
0.988235
0.988235
0.992157
0.984314
0.996078
0.996078
0.996078
0.992157
0.917647
0.666667
0.090196
0.000000
0.019608
0.000000
0.000000
0.000000
0.000000
0.027451
0.000000
0.152941
0.992157
1.000000
0.980392
0.992157
1.000000
0.996078
0.984314
0.992157
0.980392
0.976471
0.992157
0.980392
0.996078
0.996078
0.996078
0.992157
0.921569
0.674510
0.090196
0.000000
0.019608
0.000000
0.000000
0.000000
0.000000
0.027451
0.000000
0.156863
1.000000
1.000000
0.980392
0.988235
1.000000
0.992157
0.980392
0.992157
0.988235
0.988235
0.992157
0.980392
0.996078
0.992157
1.000000
0.988235
0.901961
0.654902
0.090196
0.000000
0.019608
0.000000
0.000000
0.000000
0.000000
0.027451
0.000000
0.156863
1.000000
1.000000
0.976471
0.984314
0.996078
0.996078
0.980392
0.992157
1.000000
1.000000
0.992157
0.988235
0.996078
0.988235
0.988235
0.980392
0.882353
0.631373
0.086275
0.000000
0.015686
0.000000
0.000000
0.000000
0.000000
0.027451
0.000000
0.160784
1.000000
0.960784
0.952941
0.988235
0.976471
1.000000
1.000000
0.996078
1.000000
0.992157
0.980392
1.000000
1.000000
0.952941
0.941176
0.964706
0.909804
0.658823
0.086275
0.000000
0.019608
0.000000
0.000000
0.000000
0.000000
0.027451
0.000000
0.156863
1.000000
0.988235
0.980392
0.988235
0.960784
0.968627
0.960784
0.976471
0.996078
0.976471
0.952941
0.968627
0.992157
0.988235
0.980392
0.992157
0.901961
0.596078
0.074510
0.000000
0.015686
0.000000
0.000000
0.000000
0.000000
0.027451
0.000000
0.156863
0.996078
1.000000
0.964706
0.976471
0.968627
0.972549
0.972549
0.984314
1.000000
0.992157
0.972549
0.976471
0.992157
0.980392
0.984314
0.996078
0.894118
0.584314
0.074510
0.000000
0.015686
0.000000
0.000000
0.000000
0.000000
0.027451
0.000000
0.160784
1.000000
0.992157
0.937255
0.968627
0.988235
0.996078
0.992157
0.988235
0.984314
0.988235
1.000000
0.996078
0.980392
0.937255
0.956863
0.992157
0.929412
0.662745
0.090196
0.000000
0.015686
0.000000
0.000000
0.000000
0.000000
0.027451
0.000000
0.152941
0.992157
1.000000
0.980392
0.996078
1.000000
0.996078
0.972549
0.972549
0.968627
0.980392
1.000000
0.992157
0.980392
0.960784
0.988235
1.000000
0.901961
0.623529
0.082353
0.000000
0.019608
0.000000
0.000000
0.000000
0.000000
0.023529
0.000000
0.121569
0.847059
0.996078
0.992157
0.996078
0.992157
0.980392
0.972549
0.988235
0.992157
0.996078
1.000000
0.988235
0.996078
0.996078
1.000000
0.941176
0.705882
0.364706
0.039216
0.000000
0.011765
0.000000
0.000000
0.000000
0.000000
0.015686
0.000000
0.078431
0.576471
0.741176
0.800000
0.827451
0.835294
0.858824
0.882353
0.882353
0.847059
0.854902
0.890196
0.874510
0.882353
0.870588
0.831373
0.721569
0.482353
0.176471
0.011765
0.000000
0.003922
0.000000
0.000000
0.000000
0.000000
0.003922
0.000000
0.019608
0.137255
0.184314
0.211765
0.227451
0.231373
0.243137
0.258824
0.254902
0.235294
0.239216
0.254902
0.250980
0.250980
0.247059
0.227451
0.188235
0.121569
0.035294
0.000000
0.000000
0.000000
0.000000
0.000000
0.000000
0.000000
0.000000
0.000000
0.000000
0.000000
0.000000
0.000000
0.000000
0.000000
0.000000
0.000000
0.000000
0.000000
0.000000
0.000000
0.000000
0.000000
0.000000
0.000000
0.000000
0.000000
0.000000
0.000000
0.000000
0.000000
0.000000
0.000000
0.000000
0.000000
0.000000
0.000000
0.000000
0.015686
0.019608
0.019608
0.019608
0.019608
0.023529
0.023529
0.023529
0.019608
0.023529
0.023529
0.023529
0.023529
0.023529
0.019608
0.019608
0.011765
0.003922
0.000000
0.000000
0.000000
0.000000
0.000000
0.000000
0.000000
0.000000
0.000000
0.000000
0.000000
0.000000
0.000000
0.000000
0.000000
0.000000
0.000000
0.000000
0.000000
0.000000
0.000000
0.000000
0.000000
0.000000
0.000000
0.000000
0.000000
0.000000
0.000000
0.000000
0.000000
0.000000
0.000000
