0.000000
0.000000
0.000000
0.000000
0.000000
0.000000
0.000000
0.013043
0.013043
0.017391
0.017391
0.017391
0.017391
0.017391
0.017391
0.017391
0.017391
0.013043
0.008696
0.008696
0.004348
0.000000
0.000000
0.000000
0.000000
0.000000
0.000000
0.000000
0.000000
0.000000
0.000000
0.000000
0.000000
0.000000
0.000000
0.000000
0.000000
0.000000
0.000000
0.000000
0.000000
0.000000
0.000000
0.000000
0.000000
0.000000
0.000000
0.000000
0.000000
0.000000
0.000000
0.000000
0.000000
0.000000
0.000000
0.000000
0.000000
0.000000
0.000000
0.000000
0.004348
0.000000
0.078261
0.504348
0.552174
0.630435
0.673913
0.682609
0.678261
0.673913
0.682609
0.678261
0.617391
0.526087
0.421739
0.347826
0.113043
0.000000
0.008696
0.000000
0.000000
0.000000
0.000000
0.000000
0.000000
0.000000
0.000000
0.000000
0.004348
0.000000
0.113043
0.726087
0.786957
0.891304
0.947826
0.952174
0.952174
0.952174
0.986957
1.000000
0.943478
0.834783
0.686956
0.582609
0.191304
0.000000
0.008696
0.000000
0.000000
0.000000
0.000000
0.000000
0.000000
0.000000
0.000000
0.000000
0.004348
0.000000
0.100000
0.656522
0.704348
0.778261
0.813043
0.795652
0.791304
0.808696
0.860870
0.930435
0.926087
0.873913
0.756522
0.656522
0.217391
0.000000
0.008696
0.000000
0.000000
0.000000
0.000000
0.000000
0.000000
0.000000
0.000000
0.000000
0.004348
0.000000
0.095652
0.608696
0.643478
0.691304
0.704348
0.669565
0.669565
0.700000
0.773913
0.882609
0.926087
0.904348
0.804348
0.721739
0.239130
0.000000
0.013043
0.000000
0.000000
0.000000
0.000000
0.000000
0.000000
0.000000
0.000000
0.000000
0.004348
0.000000
0.082609
0.526087
0.534783
0.552174
0.547826
0.530435
0.547826
0.591304
0.695652
0.834783
0.908696
0.904348
0.813043
0.752174
0.256522
0.000000
0.013043
0.000000
0.000000
0.000000
0.000000
0.000000
0.000000
0.000000
0.000000
0.000000
0.004348
0.000000
0.069565
0.434783
0.417391
0.426087
0.408696
0.382609
0.408696
0.478261
0.604348
0.765217
0.865217
0.882609
0.808696
0.765217
0.265217
0.000000
0.013043
0.000000
0.000000
0.000000
0.000000
0.000000
0.000000
0.000000
0.000000
0.000000
0.004348
0.000000
0.056522
0.343478
0.326087
0.304348
0.286956
0.273913
0.321739
0.395652
0.526087
0.713043
0.826087
0.860870
0.813043
0.769565
0.265217
0.000000
0.013043
0.000000
0.000000
0.000000
0.000000
0.000000
0.000000
0.000000
0.000000
0.000000
0.000000
0.000000
0.043478
0.260870
0.243478
0.213043
0.195652
0.191304
0.247826
0.339130
0.482609
0.695652
0.821739
0.852174
0.804348
0.760870
0.260870
0.000000
0.013043
0.000000
0.000000
0.000000
0.000000
0.000000
0.000000
0.000000
0.000000
0.000000
0.000000
0.000000
0.034783
0.217391
0.186957
0.165217
0.156522
0.169565
0.243478
0.343478
0.491304
0.704348
0.834783
0.847826
0.795652
0.743478
0.252174
0.000000
0.013043
0.000000
0.000000
0.000000
0.000000
0.000000
0.000000
0.000000
0.000000
0.000000
0.000000
0.000000
0.034783
0.200000
0.173913
0.165217
0.169565
0.217391
0.304348
0.408696
0.552174
0.743478
0.843478
0.852174
0.791304
0.730435
0.243478
0.000000
0.013043
0.000000
0.000000
0.000000
0.000000
0.000000
0.000000
0.000000
0.000000
0.000000
0.000000
0.000000
0.026087
0.165217
0.152174
0.169565
0.204348
0.256522
0.352174
0.465217
0.604348
0.765217
0.834783
0.817391
0.747826
0.678261
0.226087
0.000000
0.013043
0.000000
0.000000
0.000000
0.000000
0.000000
0.000000
0.000000
0.000000
0.000000
0.000000
0.000000
0.026087
0.156522
0.156522
0.204348
0.247826
0.330435
0.439130
0.547826
0.669565
0.786957
0.826087
0.756522
0.669565
0.608696
0.200000
0.000000
0.008696
0.000000
0.000000
0.000000
0.000000
0.000000
0.000000
0.000000
0.000000
0.000000
0.000000
0.000000
0.021739
0.160870
0.178261
0.226087
0.304348
0.404348
0.521739
0.613043
0.704348
0.804348
0.800000
0.704348
0.595652
0.530435
0.173913
0.000000
0.008696
0.000000
0.000000
0.000000
0.000000
0.000000
0.000000
0.000000
0.000000
0.000000
0.000000
0.000000
0.030435
0.191304
0.221739
0.282609
0.382609
0.478261
0.591304
0.669565
0.730435
0.804348
0.765217
0.643478
0.521739
0.447826
0.147826
0.000000
0.008696
0.000000
0.000000
0.000000
0.000000
0.000000
0.000000
0.000000
0.000000
0.000000
0.000000
0.000000
0.034783
0.230435
0.273913
0.356522
0.460870
0.565217
0.669565
0.739130
0.769565
0.786957
0.708696
0.573913
0.447826
0.369565
0.121739
0.000000
0.004348
0.000000
0.000000
0.000000
0.000000
0.000000
0.000000
0.000000
0.000000
0.000000
0.004348
0.000000
0.047826
0.300000
0.343478
0.447826
0.543478
0.647826
0.734783
0.782609
0.791304
0.765217
0.665217
0.521739
0.395652
0.321739
0.108696
0.000000
0.004348
0.000000
0.000000
0.000000
0.000000
0.000000
0.000000
0.000000
0.000000
0.000000
0.004348
0.000000
0.060870
0.386956
0.439130
0.552174
0.634783
0.730435
0.800000
0.808696
0.786957
0.721739
0.617391
0.473913
0.356522
0.308696
0.104348
0.000000
0.004348
0.000000
0.000000
0.000000
0.000000
0.000000
0.000000
0.000000
0.000000
0.000000
0.004348
0.000000
0.078261
0.495652
0.560870
0.686956
0.769565
0.817391
0.830435
0.800000
0.739130
0.647826
0.526087
0.426087
0.343478
0.326087
0.117391
0.000000
0.004348
0.000000
0.000000
0.000000
0.000000
0.000000
0.000000
0.000000
0.000000
0.000000
0.004348
0.000000
0.095652
0.643478
0.713043
0.852174
0.917391
0.904348
0.856522
0.782609
0.678261
0.543478
0.439130
0.395652
0.360870
0.369565
0.139130
0.000000
0.008696
0.000000
0.000000
0.000000
0.000000
0.000000
0.000000
0.000000
0.000000
0.000000
0.004348
0.000000
0.113043
0.721739
0.795652
0.926087
0.973913
0.930435
0.860870
0.778261
0.665217
0.530435
0.452174
0.460870
0.447826
0.456522
0.169565
0.000000
0.008696
0.000000
0.000000
0.000000
0.000000
0.000000
0.000000
0.000000
0.000000
0.000000
0.004348
0.000000
0.117391
0.747826
0.804348
0.908696
0.947826
0.921739
0.878261
0.817391
0.730435
0.626087
0.578261
0.608696
0.586957
0.582609
0.208696
0.000000
0.008696
0.000000
0.000000
0.000000
0.000000
0.000000
0.000000
0.000000
0.000000
0.000000
0.004348
0.000000
0.113043
0.726087
0.765217
0.839130
0.865217
0.869565
0.847826
0.808696
0.743478
0.669565
0.660870
0.695652
0.673913
0.660870
0.230435
0.000000
0.013043
0.000000
0.000000
0.000000
0.000000
0.000000
0.000000
0.000000
0.000000
0.000000
0.004348
0.000000
0.113043
0.717391
0.739130
0.791304
0.830435
0.826087
0.804348
0.782609
0.730435
0.678261
0.704348
0.756522
0.734783
0.726087
0.252174
0.000000
0.013043
0.000000
0.000000
0.000000
0.000000
0.000000
0.000000
0.000000
0.000000
0.000000
0.004348
0.000000
0.069565
0.452174
0.456522
0.486956
0.517391
0.517391
0.504348
0.495652
0.465217
0.439130
0.465217
0.504348
0.486956
0.486956
0.173913
0.000000
0.008696
0.000000
0.000000
0.000000
0.000000
0.000000
0.000000
0.000000
0.000000
0.000000
0.000000
0.000000
0.000000
0.000000
0.000000
0.000000
0.000000
0.000000
0.000000
0.000000
0.000000
0.000000
0.000000
0.000000
0.000000
0.000000
0.000000
0.000000
0.000000
0.000000
0.000000
0.000000
0.000000
0.000000
0.000000
0.000000
0.000000
0.000000
0.000000
0.000000
0.000000
0.013043
0.013043
0.013043
0.013043
0.013043
0.013043
0.013043
0.013043
0.013043
0.013043
0.013043
0.013043
0.013043
0.004348
0.000000
0.000000
0.000000
0.000000
0.000000
0.000000
0.000000
