0.000000
0.000000
0.000000
0.000000
0.000000
0.000000
0.000000
0.000000
0.000000
0.000000
0.000000
0.000000
0.000000
0.000000
0.000000
0.000000
0.000000
0.000000
0.000000
0.000000
0.000000
0.000000
0.000000
0.000000
0.000000
0.000000
0.000000
0.000000
0.000000
0.000000
0.000000
0.000000
0.000000
0.003922
0.015686
0.023529
0.027451
0.027451
0.027451
0.027451
0.027451
0.027451
0.027451
0.027451
0.027451
0.027451
0.027451
0.027451
0.023529
0.019608
0.011765
0.000000
0.000000
0.000000
0.000000
0.000000
0.000000
0.000000
0.000000
0.000000
0.000000
0.000000
0.000000
0.000000
0.000000
0.000000
0.000000
0.000000
0.000000
0.000000
0.000000
0.000000
0.000000
0.000000
0.000000
0.000000
0.000000
0.000000
0.000000
0.000000
0.000000
0.000000
0.000000
0.000000
0.000000
0.000000
0.000000
0.000000
0.000000
0.011765
0.156863
0.294118
0.352941
0.349020
0.341176
0.333333
0.317647
0.321569
0.313725
0.301961
0.305882
0.337255
0.352941
0.337255
0.298039
0.219608
0.105882
0.011765
0.000000
0.003922
0.000000
0.000000
0.000000
0.000000
0.007843
0.000000
0.023529
0.266667
0.650980
0.972549
1.000000
1.000000
1.000000
1.000000
1.000000
1.000000
1.000000
0.988235
0.996078
1.000000
1.000000
1.000000
0.976471
0.796078
0.466667
0.054902
0.000000
0.015686
0.000000
0.000000
0.000000
0.000000
0.019608
0.000000
0.098039
0.717647
0.925490
0.996078
0.968627
0.949020
0.992157
0.996078
0.984314
0.988235
0.996078
0.992157
0.976471
0.976471
0.980392
0.980392
0.996078
0.960784
0.717647
0.098039
0.000000
0.019608
0.000000
0.000000
0.000000
0.000000
0.023529
0.000000
0.117647
0.827451
1.000000
1.000000
0.976471
0.968627
1.000000
1.000000
0.972549
0.984314
1.000000
0.980392
0.956863
0.980392
0.992157
0.988235
1.000000
1.000000
0.792157
0.113725
0.000000
0.023529
0.000000
0.000000
0.000000
0.000000
0.023529
0.000000
0.113725
0.796078
1.000000
0.992157
0.988235
0.988235
0.984314
1.000000
0.984314
0.984314
0.992157
0.980392
0.980392
0.988235
0.996078
0.992157
1.000000
1.000000
0.823529
0.117647
0.000000
0.023529
0.000000
0.000000
0.000000
0.000000
0.023529
0.000000
0.109804
0.776471
1.000000
0.992157
0.988235
0.992157
0.972549
1.000000
0.996078
0.988235
0.992157
0.992157
1.000000
0.988235
0.992157
0.988235
0.996078
0.996078
0.815686
0.117647
0.000000
0.023529
0.000000
0.000000
0.000000
0.000000
0.023529
0.000000
0.109804
0.784314
1.000000
0.992157
0.988235
0.992157
0.976471
1.000000
0.992157
0.988235
0.996078
1.000000
0.996078
0.988235
0.992157
0.976471
0.984314
0.988235
0.788235
0.113725
0.000000
0.023529
0.000000
0.000000
0.000000
0.000000
0.023529
0.000000
0.109804
0.784314
1.000000
0.992157
0.988235
0.992157
0.976471
1.000000
0.992157
0.988235
0.996078
1.000000
0.996078
0.992157
0.992157
0.980392
0.988235
0.988235
0.796078
0.113725
0.000000
0.023529
0.000000
0.000000
0.000000
0.000000
0.023529
0.000000
0.109804
0.784314
1.000000
0.992157
0.988235
0.992157
0.976471
1.000000
0.992157
0.988235
0.992157
0.988235
0.996078
0.992157
0.996078
0.992157
1.000000
1.000000
0.819608
0.117647
0.000000
0.023529
0.000000
0.000000
0.000000
0.000000
0.023529
0.000000
0.109804
0.784314
1.000000
0.992157
0.988235
0.992157
0.976471
1.000000
0.992157
0.992157
0.988235
0.984314
0.996078
0.992157
0.996078
0.996078
1.000000
1.000000
0.827451
0.117647
0.000000
0.023529
0.000000
0.000000
0.000000
0.000000
0.023529
0.000000
0.109804
0.784314
1.000000
0.992157
0.988235
0.992157
0.976471
1.000000
0.992157
0.992157
0.988235
0.984314
0.996078
0.992157
0.996078
0.996078
1.000000
1.000000
0.815686
0.113725
0.000000
0.023529
0.000000
0.000000
0.000000
0.000000
0.023529
0.000000
0.109804
0.784314
1.000000
0.992157
0.988235
0.992157
0.976471
1.000000
0.992157
0.992157
0.988235
0.984314
0.996078
0.992157
0.996078
0.988235
0.996078
0.996078
0.792157
0.109804
0.000000
0.023529
0.000000
0.000000
0.000000
0.000000
0.023529
0.000000
0.109804
0.784314
1.000000
0.992157
0.988235
0.992157
0.976471
1.000000
0.992157
0.988235
0.992157
0.988235
0.996078
0.992157
0.996078
0.984314
0.992157
0.988235
0.780392
0.109804
0.000000
0.023529
0.000000
0.000000
0.000000
0.000000
0.023529
0.000000
0.109804
0.784314
1.000000
0.992157
0.988235
0.992157
0.976471
1.000000
0.992157
0.988235
0.992157
0.988235
0.996078
0.992157
1.000000
0.988235
0.996078
0.992157
0.784314
0.109804
0.000000
0.023529
0.000000
0.000000
0.000000
0.000000
0.019608
0.000000
0.105882
0.760784
0.996078
1.000000
0.968627
0.964706
0.996078
0.988235
0.984314
0.996078
1.000000
0.988235
0.980392
1.000000
1.000000
0.976471
0.988235
1.000000
0.784314
0.109804
0.000000
0.023529
0.000000
0.000000
0.000000
0.000000
0.019608
0.000000
0.105882
0.764706
0.984314
0.996078
0.956863
0.964706
1.000000
0.988235
0.964706
0.988235
0.996078
0.976471
0.980392
1.000000
1.000000
0.980392
0.996078
1.000000
0.792157
0.109804
0.000000
0.023529
0.000000
0.000000
0.000000
0.000000
0.023529
0.000000
0.113725
0.796078
0.988235
0.984314
0.952941
0.972549
1.000000
0.984314
0.952941
0.964706
0.992157
0.992157
0.992157
1.000000
0.988235
0.964706
0.992157
0.988235
0.749020
0.101961
0.000000
0.019608
0.000000
0.000000
0.000000
0.000000
0.023529
0.000000
0.117647
0.811765
0.996078
0.988235
0.960784
0.976471
0.996078
0.972549
0.952941
0.960784
0.980392
0.992157
0.988235
0.992157
0.964706
0.952941
0.988235
0.984314
0.737255
0.101961
0.000000
0.019608
0.000000
0.000000
0.000000
0.000000
0.019608
0.000000
0.105882
0.760784
0.976471
1.000000
0.988235
0.980392
0.988235
0.972549
0.980392
0.988235
0.984314
0.980392
0.984314
0.980392
0.964706
0.980392
1.000000
0.992157
0.752941
0.105882
0.000000
0.019608
0.000000
0.000000
0.000000
0.000000
0.015686
0.000000
0.082353
0.631373
0.890196
0.988235
0.996078
0.972549
0.968627
0.980392
0.996078
0.996078
0.992157
0.996078
0.996078
0.984314
0.976471
0.984314
1.000000
0.937255
0.650980
0.086275
0.000000
0.019608
0.000000
0.000000
0.000000
0.000000
0.011765
0.000000
0.054902
0.443137
0.713725
0.862745
0.898039
0.886275
0.882353
0.894118
0.937255
0.905882
0.901961
0.945098
0.949020
0.937255
0.933333
0.949020
0.929412
0.792157
0.501961
0.062745
0.000000
0.015686
0.000000
0.000000
0.000000
0.000000
0.003922
0.000000
0.011765
0.109804
0.192157
0.247059
0.258824
0.258824
0.258824
0.258824
0.278431
0.262745
0.262745
0.282353
0.282353
0.278431
0.278431
0.286274
0.274510
0.219608
0.133333
0.015686
0.000000
0.003922
0.000000
0.000000
0.000000
0.000000
0.000000
0.000000
0.000000
0.000000
0.000000
0.000000
0.000000
0.000000
0.000000
0.000000
0.000000
0.000000
0.000000
0.000000
0.000000
0.000000
0.000000
0.000000
0.000000
0.000000
0.000000
0.000000
0.000000
0.000000
0.000000
0.000000
0.000000
0.000000
0.000000
0.000000
0.000000
0.011765
0.019608
0.023529
0.023529
0.023529
0.023529
0.023529
0.023529
0.023529
0.023529
0.023529
0.023529
0.023529
0.023529
0.023529
0.023529
0.019608
0.011765
0.000000
0.000000
0.000000
0.000000
0.000000
0.000000
0.000000
0.000000
0.000000
0.000000
0.000000
0.000000
0.000000
0.000000
0.000000
0.000000
0.000000
0.000000
0.000000
0.000000
0.000000
0.000000
0.000000
0.000000
0.000000
0.000000
0.000000
0.000000
0.000000
0.000000
0.000000
0.000000
0.000000
