0.000000
0.000000
0.000000
0.000000
0.000000
0.000000
0.000000
0.000000
0.000000
0.000000
0.000000
0.000000
0.000000
0.000000
0.000000
0.000000
0.000000
0.000000
0.000000
0.000000
0.000000
0.000000
0.000000
0.000000
0.000000
0.000000
0.000000
0.000000
0.000000
0.000000
0.000000
0.000000
0.000000
0.011765
0.019608
0.027451
0.027451
0.027451
0.027451
0.027451
0.027451
0.027451
0.027451
0.027451
0.027451
0.027451
0.027451
0.027451
0.027451
0.023529
0.015686
0.003922
0.000000
0.000000
0.000000
0.000000
0.000000
0.000000
0.000000
0.000000
0.000000
0.000000
0.000000
0.000000
0.000000
0.000000
0.000000
0.000000
0.000000
0.000000
0.000000
0.000000
0.000000
0.000000
0.000000
0.000000
0.000000
0.000000
0.000000
0.000000
0.000000
0.000000
0.000000
0.000000
0.000000
0.000000
0.003922
0.000000
0.007843
0.101961
0.203922
0.313725
0.352941
0.349020
0.356863
0.352941
0.352941
0.349020
0.349020
0.356863
0.352941
0.345098
0.349020
0.349020
0.325490
0.278431
0.184314
0.023529
0.000000
0.003922
0.000000
0.000000
0.000000
0.000000
0.015686
0.000000
0.050980
0.435294
0.749020
0.992157
1.000000
1.000000
1.000000
1.000000
1.000000
1.000000
1.000000
1.000000
1.000000
1.000000
1.000000
1.000000
1.000000
0.933333
0.682353
0.090196
0.000000
0.019608
0.000000
0.000000
0.000000
0.000000
0.019608
0.000000
0.086275
0.643137
0.905882
0.917647
0.886275
0.898039
0.909804
0.921569
0.925490
0.913725
0.909804
0.917647
0.933333
0.952941
0.952941
0.921569
0.933333
0.996078
0.862745
0.125490
0.000000
0.023529
0.000000
0.000000
0.000000
0.000000
0.019608
0.000000
0.101961
0.701961
0.878431
0.905882
0.898039
0.898039
0.909804
0.929412
0.945098
0.941176
0.941176
0.941176
0.956863
0.964706
0.937255
0.874510
0.901961
1.000000
0.984314
0.149020
0.000000
0.027451
0.000000
0.000000
0.000000
0.000000
0.019608
0.000000
0.098039
0.666667
0.862745
0.941176
0.952941
0.937255
0.949020
0.972549
0.992157
0.992157
0.992157
0.992157
0.996078
0.984314
0.972549
0.909804
0.917647
0.996078
0.909804
0.137255
0.000000
0.023529
0.000000
0.000000
0.000000
0.000000
0.015686
0.000000
0.082353
0.623529
0.901961
0.964706
0.949020
0.941176
0.949020
0.972549
0.988235
0.984314
0.980392
0.980392
0.984314
0.988235
1.000000
0.952941
0.941176
1.000000
0.878431
0.129412
0.000000
0.023529
0.000000
0.000000
0.000000
0.000000
0.015686
0.000000
0.078431
0.619608
0.909804
0.964706
0.941176
0.937255
0.945098
0.964706
0.972549
0.968627
0.960784
0.960784
0.972549
0.988235
0.996078
0.937255
0.913725
0.996078
0.929412
0.141176
0.000000
0.027451
0.000000
0.000000
0.000000
0.000000
0.019608
0.000000
0.094118
0.654902
0.874510
0.949020
0.960784
0.956863
0.964706
0.980392
0.984314
0.980392
0.972549
0.984314
0.992157
0.980392
0.992157
0.921569
0.886275
0.988235
0.921569
0.141176
0.000000
0.027451
0.000000
0.000000
0.000000
0.000000
0.019608
0.000000
0.101961
0.705882
0.866667
0.913725
0.929412
0.933333
0.949020
0.964706
0.968627
0.964706
0.960784
0.980392
0.988235
0.960784
0.992157
0.968627
0.937255
1.000000
0.898039
0.133333
0.000000
0.023529
0.000000
0.000000
0.000000
0.000000
0.019608
0.000000
0.090196
0.654902
0.862745
0.945098
0.933333
0.898039
0.933333
0.980392
0.988235
0.968627
0.960784
0.976471
0.980392
0.968627
0.988235
0.952941
0.929412
1.000000
0.917647
0.141176
0.000000
0.027451
0.000000
0.000000
0.000000
0.000000
0.015686
0.000000
0.082353
0.619608
0.854902
0.960784
0.941176
0.894118
0.929412
0.984314
0.992157
0.968627
0.960784
0.972549
0.980392
0.976471
0.992157
0.941176
0.917647
1.000000
0.925490
0.141176
0.000000
0.027451
0.000000
0.000000
0.000000
0.000000
0.015686
0.000000
0.082353
0.615686
0.870588
0.964706
0.945098
0.901961
0.937255
0.980392
0.980392
0.960784
0.956863
0.972549
0.976471
0.976471
0.992157
0.941176
0.917647
1.000000
0.917647
0.137255
0.000000
0.027451
0.000000
0.000000
0.000000
0.000000
0.015686
0.000000
0.082353
0.615686
0.898039
0.980392
0.945098
0.905882
0.937255
0.980392
0.968627
0.949020
0.952941
0.968627
0.968627
0.976471
0.988235
0.941176
0.917647
1.000000
0.917647
0.137255
0.000000
0.027451
0.000000
0.000000
0.000000
0.000000
0.015686
0.000000
0.082353
0.627451
0.909804
0.984314
0.945098
0.917647
0.941176
0.976471
0.968627
0.945098
0.952941
0.968627
0.968627
0.968627
0.980392
0.933333
0.917647
1.000000
0.917647
0.137255
0.000000
0.027451
0.000000
0.000000
0.000000
0.000000
0.015686
0.000000
0.082353
0.619608
0.890196
0.976471
0.956863
0.933333
0.960784
0.988235
0.976471
0.956863
0.964706
0.976471
0.976471
0.956863
0.968627
0.921569
0.913725
1.000000
0.925490
0.141176
0.000000
0.027451
0.000000
0.000000
0.000000
0.000000
0.015686
0.000000
0.086275
0.615686
0.854902
0.956863
0.960784
0.945098
0.976471
0.996078
0.980392
0.960784
0.968627
0.988235
0.976471
0.945098
0.952941
0.913725
0.909804
1.000000
0.925490
0.137255
0.000000
0.027451
0.000000
0.000000
0.000000
0.000000
0.015686
0.000000
0.090196
0.647059
0.862745
0.941176
0.945098
0.933333
0.968627
0.992157
0.972549
0.956863
0.960784
0.972549
0.964706
0.941176
0.945098
0.905882
0.909804
1.000000
0.913725
0.137255
0.000000
0.023529
0.000000
0.000000
0.000000
0.000000
0.023529
0.000000
0.109804
0.780392
0.960784
0.921569
0.874510
0.890196
0.929412
0.956863
0.933333
0.913725
0.921569
0.925490
0.917647
0.925490
0.933333
0.882353
0.882353
0.992157
0.909804
0.137255
0.000000
0.023529
0.000000
0.000000
0.000000
0.000000
0.023529
0.000000
0.109804
0.780392
0.988235
0.941176
0.890196
0.917647
0.952941
0.968627
0.949020
0.929412
0.941176
0.941176
0.929412
0.949020
0.960784
0.917647
0.921569
1.000000
0.901961
0.137255
0.000000
0.023529
0.000000
0.000000
0.000000
0.000000
0.011765
0.000000
0.047059
0.431373
0.749020
0.956863
1.000000
0.996078
1.000000
1.000000
1.000000
0.996078
1.000000
1.000000
0.996078
0.976471
0.976471
0.984314
1.000000
1.000000
0.784314
0.109804
0.000000
0.023529
0.000000
0.000000
0.000000
0.000000
0.003922
0.000000
0.019608
0.203922
0.427451
0.596078
0.643137
0.635294
0.643137
0.650980
0.658823
0.662745
0.662745
0.658823
0.662745
0.686275
0.694118
0.690196
0.670588
0.611765
0.458824
0.062745
0.000000
0.015686
0.000000
0.000000
0.000000
0.000000
0.000000
0.000000
0.003922
0.043137
0.090196
0.125490
0.133333
0.133333
0.137255
0.141176
0.141176
0.145098
0.145098
0.145098
0.145098
0.160784
0.164706
0.160784
0.149020
0.125490
0.090196
0.011765
0.000000
0.003922
0.000000
0.000000
0.000000
0.000000
0.000000
0.000000
0.000000
0.000000
0.000000
0.000000
0.000000
0.000000
0.000000
0.000000
0.000000
0.000000
0.000000
0.000000
0.000000
0.000000
0.000000
0.000000
0.000000
0.000000
0.000000
0.000000
0.000000
0.000000
0.000000
0.000000
0.000000
0.000000
0.000000
0.000000
0.000000
0.003922
0.011765
0.015686
0.015686
0.015686
0.015686
0.015686
0.015686
0.015686
0.015686
0.015686
0.015686
0.015686
0.015686
0.015686
0.015686
0.015686
0.011765
0.000000
0.000000
0.000000
0.000000
0.000000
0.000000
0.000000
0.000000
0.000000
0.000000
0.000000
0.000000
0.000000
0.000000
0.000000
0.000000
0.000000
0.000000
0.000000
0.000000
0.000000
0.000000
0.000000
0.000000
0.000000
0.000000
0.000000
0.000000
0.000000
0.000000
0.000000
0.000000
0.000000
