0.000000
0.000000
0.000000
0.000000
0.000000
0.000000
0.000000
0.000000
0.000000
0.000000
0.000000
0.000000
0.000000
0.000000
0.000000
0.000000
0.000000
0.000000
0.000000
0.000000
0.000000
0.000000
0.000000
0.000000
0.000000
0.000000
0.000000
0.000000
0.000000
0.000000
0.000000
0.000000
0.000000
0.008097
0.004049
0.004049
0.004049
0.004049
0.004049
0.004049
0.004049
0.008097
0.012146
0.012146
0.012146
0.012146
0.012146
0.016194
0.016194
0.016194
0.012146
0.000000
0.000000
0.000000
0.000000
0.000000
0.000000
0.000000
0.000000
0.000000
0.000000
0.000000
0.000000
0.000000
0.000000
0.000000
0.000000
0.000000
0.000000
0.000000
0.000000
0.000000
0.000000
0.000000
0.000000
0.000000
0.000000
0.000000
0.000000
0.000000
0.000000
0.000000
0.000000
0.000000
0.000000
0.000000
0.004049
0.000000
0.020243
0.105263
0.072874
0.048583
0.048583
0.052632
0.048583
0.040486
0.048583
0.080972
0.109312
0.125506
0.129555
0.125506
0.133603
0.161943
0.190283
0.190283
0.141700
0.020243
0.000000
0.004049
0.000000
0.000000
0.000000
0.000000
0.008097
0.000000
0.052632
0.295547
0.226721
0.165992
0.178138
0.194332
0.194332
0.178138
0.218623
0.336032
0.441296
0.518219
0.566802
0.530364
0.538462
0.627530
0.712551
0.696356
0.518219
0.068826
0.000000
0.012146
0.000000
0.000000
0.000000
0.000000
0.004049
0.000000
0.032389
0.198381
0.214575
0.210526
0.259109
0.327935
0.364372
0.372470
0.421053
0.542510
0.647773
0.753036
0.858300
0.785425
0.757085
0.817814
0.874494
0.821862
0.599190
0.080972
0.000000
0.016194
0.000000
0.000000
0.000000
0.000000
0.004049
0.000000
0.020243
0.157895
0.234818
0.311741
0.469636
0.668016
0.748988
0.716599
0.704453
0.765182
0.825911
0.858300
0.898785
0.874494
0.858300
0.870445
0.850202
0.753036
0.546559
0.072874
0.000000
0.016194
0.000000
0.000000
0.000000
0.000000
0.008097
0.000000
0.028340
0.210526
0.275304
0.400810
0.635628
0.850202
0.902834
0.817814
0.740891
0.748988
0.793522
0.829960
0.874494
0.890688
0.886640
0.862348
0.809717
0.757085
0.615385
0.085020
0.000000
0.020243
0.000000
0.000000
0.000000
0.000000
0.012146
0.000000
0.060729
0.404858
0.449393
0.554656
0.761134
0.923077
0.943320
0.842105
0.716599
0.684211
0.744939
0.834008
0.886640
0.906883
0.906883
0.870445
0.838057
0.829960
0.724696
0.109312
0.000000
0.020243
0.000000
0.000000
0.000000
0.000000
0.016194
0.000000
0.097166
0.647773
0.708502
0.736842
0.821862
0.914980
0.967611
0.919028
0.793522
0.720648
0.797571
0.910931
0.923077
0.910931
0.906883
0.919028
0.923077
0.890688
0.724696
0.105263
0.000000
0.020243
0.000000
0.000000
0.000000
0.000000
0.020243
0.000000
0.113360
0.761134
0.862348
0.825911
0.789474
0.801619
0.870445
0.923077
0.870445
0.797571
0.834008
0.923077
0.927126
0.874494
0.866397
0.951417
0.995951
0.906883
0.647773
0.085020
0.000000
0.020243
0.000000
0.000000
0.000000
0.000000
0.020243
0.000000
0.101215
0.712551
0.850202
0.842105
0.773279
0.692308
0.704453
0.817814
0.886640
0.870445
0.829960
0.838057
0.850202
0.801619
0.821862
0.923077
0.971660
0.854251
0.570850
0.072874
0.000000
0.016194
0.000000
0.000000
0.000000
0.000000
0.016194
0.000000
0.089069
0.631579
0.809717
0.870445
0.825911
0.663968
0.558704
0.647773
0.834008
0.919028
0.866397
0.769231
0.712551
0.716599
0.769231
0.854251
0.878543
0.777328
0.538462
0.072874
0.000000
0.016194
0.000000
0.000000
0.000000
0.000000
0.016194
0.000000
0.085020
0.611336
0.813765
0.886640
0.866397
0.724696
0.578947
0.615385
0.809717
0.939271
0.919028
0.773279
0.615385
0.647773
0.720648
0.805668
0.829960
0.748988
0.534413
0.072874
0.000000
0.016194
0.000000
0.000000
0.000000
0.000000
0.016194
0.000000
0.085020
0.619433
0.821862
0.825911
0.825911
0.842105
0.821862
0.813765
0.866397
0.906883
0.898785
0.781377
0.607287
0.595142
0.668016
0.805668
0.874494
0.781377
0.518219
0.064777
0.000000
0.016194
0.000000
0.000000
0.000000
0.000000
0.016194
0.000000
0.093117
0.627530
0.781377
0.740891
0.765182
0.894737
0.983806
0.975708
0.943320
0.906883
0.874494
0.777328
0.631579
0.587045
0.647773
0.834008
0.955466
0.838057
0.506073
0.060729
0.000000
0.012146
0.000000
0.000000
0.000000
0.000000
0.020243
0.000000
0.097166
0.655870
0.773279
0.744939
0.769231
0.842105
0.886640
0.910931
0.963563
0.987854
0.931174
0.809717
0.696356
0.655870
0.700405
0.866397
0.995951
0.882591
0.534413
0.064777
0.000000
0.016194
0.000000
0.000000
0.000000
0.000000
0.020243
0.000000
0.093117
0.676113
0.906883
0.858300
0.797571
0.834008
0.870445
0.894737
0.943320
0.983806
0.955466
0.902834
0.862348
0.793522
0.777328
0.882591
0.975708
0.878543
0.562753
0.068826
0.000000
0.016194
0.000000
0.000000
0.000000
0.000000
0.020243
0.000000
0.101215
0.728745
0.975708
0.910931
0.813765
0.842105
0.894737
0.931174
0.951417
0.975708
0.963563
0.955466
0.967611
0.902834
0.874494
0.923077
0.959514
0.846154
0.546559
0.068826
0.000000
0.016194
0.000000
0.000000
0.000000
0.000000
0.016194
0.000000
0.097166
0.696356
0.943320
0.898785
0.825911
0.858300
0.914980
0.951417
0.963563
0.967611
0.951417
0.943320
0.939271
0.890688
0.870445
0.931174
0.971660
0.858300
0.550607
0.068826
0.000000
0.016194
0.000000
0.000000
0.000000
0.000000
0.016194
0.000000
0.085020
0.643725
0.923077
0.931174
0.886640
0.890688
0.902834
0.927126
0.955466
0.963563
0.959514
0.939271
0.898785
0.817814
0.789474
0.886640
1.000000
0.927126
0.611336
0.076923
0.000000
0.016194
0.000000
0.000000
0.000000
0.000000
0.016194
0.000000
0.080972
0.619433
0.890688
0.955466
0.947368
0.914980
0.882591
0.898785
0.947368
0.975708
0.975708
0.959514
0.910931
0.801619
0.757085
0.854251
0.979757
0.910931
0.599190
0.072874
0.000000
0.016194
0.000000
0.000000
0.000000
0.000000
0.012146
0.000000
0.064777
0.497976
0.708502
0.817814
0.870445
0.854251
0.821862
0.850202
0.898785
0.914980
0.898785
0.882591
0.846154
0.793522
0.777328
0.825911
0.842105
0.700405
0.404858
0.044534
0.000000
0.012146
0.000000
0.000000
0.000000
0.000000
0.004049
0.000000
0.028340
0.246964
0.412955
0.542510
0.607287
0.615385
0.615385
0.668016
0.692308
0.668016
0.647773
0.635628
0.603239
0.643725
0.663968
0.647773
0.570850
0.404858
0.194332
0.020243
0.000000
0.004049
0.000000
0.000000
0.000000
0.000000
0.000000
0.000000
0.004049
0.040486
0.089069
0.129555
0.145749
0.153846
0.157895
0.178138
0.182186
0.165992
0.161943
0.157895
0.149798
0.174089
0.182186
0.170040
0.137652
0.085020
0.036437
0.004049
0.000000
0.000000
0.000000
0.000000
0.000000
0.000000
0.000000
0.000000
0.000000
0.000000
0.000000
0.000000
0.000000
0.000000
0.000000
0.000000
0.000000
0.000000
0.000000
0.000000
0.000000
0.000000
0.000000
0.000000
0.000000
0.000000
0.000000
0.000000
0.000000
0.000000
0.000000
0.000000
0.000000
0.000000
0.000000
0.000000
0.000000
0.004049
0.008097
0.012146
0.016194
0.016194
0.016194
0.016194
0.016194
0.016194
0.016194
0.016194
0.016194
0.016194
0.016194
0.016194
0.012146
0.008097
0.004049
0.000000
0.000000
0.000000
0.000000
0.000000
0.000000
0.000000
0.000000
0.000000
0.000000
0.000000
0.000000
0.000000
0.000000
0.000000
0.000000
0.000000
0.000000
0.000000
0.000000
0.000000
0.000000
0.000000
0.000000
0.000000
0.000000
0.000000
0.000000
0.000000
0.000000
0.000000
0.000000
0.000000
