0.000000
0.000000
0.000000
0.000000
0.000000
0.000000
0.000000
0.000000
0.000000
0.000000
0.000000
0.000000
0.000000
0.000000
0.000000
0.000000
0.000000
0.000000
0.000000
0.000000
0.000000
0.000000
0.000000
0.000000
0.000000
0.000000
0.000000
0.000000
0.000000
0.000000
0.000000
0.000000
0.000000
0.011765
0.019608
0.023529
0.027451
0.027451
0.027451
0.027451
0.027451
0.027451
0.027451
0.027451
0.027451
0.027451
0.027451
0.027451
0.027451
0.023529
0.019608
0.003922
0.000000
0.000000
0.000000
0.000000
0.000000
0.000000
0.000000
0.000000
0.000000
0.000000
0.000000
0.000000
0.000000
0.000000
0.000000
0.000000
0.000000
0.000000
0.000000
0.000000
0.000000
0.000000
0.000000
0.000000
0.000000
0.000000
0.000000
0.000000
0.000000
0.000000
0.000000
0.000000
0.000000
0.000000
0.003922
0.000000
0.011765
0.101961
0.200000
0.290196
0.325490
0.321569
0.313725
0.305882
0.301961
0.301961
0.309804
0.321569
0.333333
0.341176
0.333333
0.333333
0.321569
0.274510
0.196078
0.027451
0.000000
0.007843
0.000000
0.000000
0.000000
0.000000
0.015686
0.000000
0.054902
0.447059
0.745098
0.960784
1.000000
1.000000
1.000000
0.996078
0.984314
0.984314
1.000000
1.000000
1.000000
1.000000
1.000000
1.000000
1.000000
0.933333
0.745098
0.105882
0.000000
0.023529
0.000000
0.000000
0.000000
0.000000
0.019608
0.000000
0.094118
0.694118
0.925490
0.992157
0.996078
0.988235
0.988235
0.980392
0.976471
0.976471
0.984314
0.988235
0.992157
0.992157
0.980392
0.980392
0.988235
1.000000
0.952941
0.145098
0.000000
0.027451
0.000000
0.000000
0.000000
0.000000
0.019608
0.000000
0.109804
0.776471
0.984314
0.992157
0.972549
0.972549
0.976471
0.984314
0.988235
0.988235
0.988235
0.984314
0.976471
0.976471
0.949020
0.960784
0.972549
1.000000
1.000000
0.156863
0.000000
0.027451
0.000000
0.000000
0.000000
0.000000
0.019608
0.000000
0.101961
0.737255
0.960784
1.000000
0.988235
0.984314
0.988235
0.992157
0.996078
0.996078
0.996078
0.992157
0.984314
0.984314
0.980392
0.992157
0.960784
0.976471
0.976471
0.152941
0.000000
0.027451
0.000000
0.000000
0.000000
0.000000
0.019608
0.000000
0.105882
0.741176
0.937255
0.988235
0.996078
0.996078
0.996078
0.992157
0.988235
0.988235
0.992157
0.992157
0.996078
1.000000
0.964706
0.984314
0.972549
0.984314
0.972549
0.152941
0.000000
0.027451
0.000000
0.000000
0.000000
0.000000
0.019608
0.000000
0.105882
0.752941
0.949020
0.980392
0.988235
0.992157
0.988235
0.984314
0.980392
0.980392
0.984314
0.988235
0.992157
1.000000
0.949020
0.968627
0.980392
1.000000
0.984314
0.152941
0.000000
0.027451
0.000000
0.000000
0.000000
0.000000
0.019608
0.000000
0.098039
0.705882
0.972549
1.000000
0.988235
0.992157
0.992157
0.992157
0.992157
0.992157
0.992157
0.992157
0.992157
0.992157
1.000000
0.996078
0.968627
1.000000
0.972549
0.149020
0.000000
0.027451
0.000000
0.000000
0.000000
0.000000
0.019608
0.000000
0.098039
0.713725
0.968627
0.996078
0.984314
0.992157
0.992157
0.992157
0.992157
0.992157
0.992157
0.992157
0.992157
0.992157
0.988235
0.980392
0.960784
1.000000
0.980392
0.152941
0.000000
0.027451
0.000000
0.000000
0.000000
0.000000
0.019608
0.000000
0.090196
0.674510
0.937255
0.996078
0.988235
0.988235
0.992157
0.992157
0.992157
0.992157
0.992157
0.992157
0.992157
0.992157
0.988235
0.984314
0.968627
1.000000
0.996078
0.156863
0.000000
0.027451
0.000000
0.000000
0.000000
0.000000
0.015686
0.000000
0.082353
0.623529
0.898039
0.992157
0.996078
0.988235
0.992157
0.992157
0.992157
0.992157
0.992157
0.992157
0.992157
0.992157
0.992157
0.992157
0.976471
1.000000
1.000000
0.156863
0.000000
0.027451
0.000000
0.000000
0.000000
0.000000
0.015686
0.000000
0.086275
0.635294
0.901961
0.988235
0.996078
0.988235
0.992157
0.992157
0.992157
0.992157
0.992157
0.992157
0.992157
0.992157
0.996078
0.996078
0.972549
1.000000
0.992157
0.156863
0.000000
0.027451
0.000000
0.000000
0.000000
0.000000
0.019608
0.000000
0.090196
0.686275
0.933333
0.992157
0.992157
0.988235
0.992157
0.992157
0.992157
0.992157
0.992157
0.992157
0.992157
0.992157
0.996078
0.996078
0.968627
1.000000
0.976471
0.152941
0.000000
0.027451
0.000000
0.000000
0.000000
0.000000
0.019608
0.000000
0.094118
0.694118
0.941176
0.996078
0.992157
0.992157
0.992157
0.992157
0.992157
0.992157
0.992157
0.992157
0.992157
0.992157
0.996078
0.996078
0.976471
1.000000
0.972549
0.149020
0.000000
0.027451
0.000000
0.000000
0.000000
0.000000
0.019608
0.000000
0.094118
0.686275
0.937255
0.996078
0.992157
0.992157
0.992157
0.992157
0.992157
0.992157
0.992157
0.992157
0.992157
0.992157
0.996078
0.996078
0.984314
1.000000
0.992157
0.152941
0.000000
0.027451
0.000000
0.000000
0.000000
0.000000
0.019608
0.000000
0.094118
0.694118
0.945098
0.988235
0.980392
0.992157
0.992157
0.992157
0.992157
0.992157
0.992157
0.992157
0.992157
0.992157
0.980392
0.984314
0.984314
1.000000
1.000000
0.152941
0.000000
0.027451
0.000000
0.000000
0.000000
0.000000
0.019608
0.000000
0.105882
0.749020
0.964706
0.984314
0.988235
1.000000
0.996078
0.992157
0.992157
0.992157
0.992157
0.992157
0.988235
0.984314
0.988235
0.988235
0.980392
1.000000
0.984314
0.152941
0.000000
0.027451
0.000000
0.000000
0.000000
0.000000
0.019608
0.000000
0.109804
0.760784
0.952941
0.984314
0.984314
0.980392
0.980392
0.976471
0.976471
0.976471
0.976471
0.976471
0.968627
0.964706
0.984314
0.972549
0.960784
0.996078
1.000000
0.156863
0.000000
0.027451
0.000000
0.000000
0.000000
0.000000
0.019608
0.000000
0.090196
0.678431
0.937255
1.000000
0.984314
0.968627
0.972549
0.972549
0.972549
0.972549
0.972549
0.972549
0.972549
0.976471
0.972549
0.964706
0.968627
1.000000
0.992157
0.152941
0.000000
0.027451
0.000000
0.000000
0.000000
0.000000
0.015686
0.000000
0.066667
0.560784
0.905882
1.000000
0.996078
0.992157
0.996078
0.996078
0.996078
0.996078
0.988235
0.984314
0.992157
0.996078
1.000000
0.996078
1.000000
0.992157
0.803922
0.113725
0.000000
0.023529
0.000000
0.000000
0.000000
0.000000
0.007843
0.000000
0.031373
0.325490
0.705882
0.847059
0.870588
0.898039
0.905882
0.909804
0.901961
0.878431
0.854902
0.847059
0.850980
0.858824
0.882353
0.917647
0.917647
0.768627
0.435294
0.047059
0.000000
0.011765
0.000000
0.000000
0.000000
0.000000
0.003922
0.000000
0.003922
0.066667
0.184314
0.235294
0.247059
0.258824
0.262745
0.266667
0.258824
0.250980
0.239216
0.235294
0.239216
0.239216
0.250980
0.266667
0.266667
0.200000
0.082353
0.007843
0.000000
0.000000
0.000000
0.000000
0.000000
0.000000
0.000000
0.000000
0.000000
0.000000
0.000000
0.000000
0.000000
0.000000
0.000000
0.000000
0.000000
0.000000
0.000000
0.000000
0.000000
0.000000
0.000000
0.000000
0.000000
0.000000
0.000000
0.000000
0.000000
0.000000
0.000000
0.000000
0.000000
0.000000
0.000000
0.000000
0.000000
0.007843
0.015686
0.019608
0.023529
0.023529
0.023529
0.023529
0.023529
0.023529
0.023529
0.019608
0.019608
0.023529
0.023529
0.023529
0.023529
0.019608
0.011765
0.000000
0.000000
0.000000
0.000000
0.000000
0.000000
0.000000
0.000000
0.000000
0.000000
0.000000
0.000000
0.000000
0.000000
0.000000
0.000000
0.000000
0.000000
0.000000
0.000000
0.000000
0.000000
0.000000
0.000000
0.000000
0.000000
0.000000
0.000000
0.000000
0.000000
0.000000
0.000000
0.000000
