0.000000
0.000000
0.000000
0.000000
0.000000
0.000000
0.000000
0.000000
0.000000
0.000000
0.000000
0.000000
0.000000
0.000000
0.000000
0.000000
0.000000
0.000000
0.000000
0.000000
0.000000
0.000000
0.000000
0.000000
0.000000
0.000000
0.000000
0.000000
0.000000
0.000000
0.000000
0.000000
0.000000
0.007843
0.011765
0.015686
0.015686
0.015686
0.015686
0.015686
0.015686
0.015686
0.015686
0.015686
0.015686
0.015686
0.019608
0.015686
0.015686
0.011765
0.007843
0.000000
0.000000
0.000000
0.000000
0.000000
0.000000
0.000000
0.000000
0.000000
0.000000
0.000000
0.000000
0.000000
0.000000
0.000000
0.000000
0.000000
0.000000
0.000000
0.000000
0.000000
0.000000
0.000000
0.000000
0.000000
0.000000
0.000000
0.000000
0.000000
0.000000
0.000000
0.000000
0.000000
0.000000
0.000000
0.003922
0.000000
0.007843
0.058824
0.125490
0.164706
0.164706
0.156863
0.156863
0.152941
0.149020
0.160784
0.172549
0.164706
0.149020
0.164706
0.188235
0.176471
0.137255
0.094118
0.047059
0.003922
0.000000
0.000000
0.000000
0.000000
0.000000
0.000000
0.007843
0.000000
0.035294
0.305882
0.541176
0.686275
0.686275
0.647059
0.654902
0.650980
0.643137
0.682353
0.701961
0.658823
0.639216
0.690196
0.749020
0.713725
0.607843
0.474510
0.274510
0.031373
0.000000
0.003922
0.000000
0.000000
0.000000
0.000000
0.015686
0.000000
0.070588
0.556863
0.831373
0.980392
0.976471
0.925490
0.937255
0.952941
0.949020
0.984314
0.972549
0.921569
0.941176
0.992157
1.000000
0.968627
0.929412
0.831373
0.560784
0.070588
0.000000
0.015686
0.000000
0.000000
0.000000
0.000000
0.019608
0.000000
0.094118
0.690196
0.960784
1.000000
0.980392
0.945098
0.976471
1.000000
0.988235
0.980392
0.980392
0.988235
0.996078
1.000000
0.972549
0.949020
0.984314
0.996078
0.788235
0.109804
0.000000
0.023529
0.000000
0.000000
0.000000
0.000000
0.019608
0.000000
0.098039
0.733333
0.996078
0.984314
0.941176
0.945098
0.960784
0.984314
0.988235
0.972549
0.968627
0.976471
0.980392
0.988235
0.980392
0.956863
0.980392
1.000000
0.835294
0.121569
0.000000
0.023529
0.000000
0.000000
0.000000
0.000000
0.019608
0.000000
0.098039
0.733333
0.992157
0.976471
0.941176
0.960784
0.960784
0.984314
0.996078
0.992157
0.980392
0.976471
0.976471
0.984314
1.000000
0.976471
0.976471
0.992157
0.807843
0.113725
0.000000
0.023529
0.000000
0.000000
0.000000
0.000000
0.019608
0.000000
0.098039
0.725490
0.992157
0.984314
0.952941
0.968627
0.968627
0.992157
0.996078
0.984314
0.980392
0.988235
0.980392
0.984314
0.988235
0.960784
0.972549
0.996078
0.803922
0.113725
0.000000
0.023529
0.000000
0.000000
0.000000
0.000000
0.019608
0.000000
0.098039
0.717647
0.992157
0.988235
0.960784
0.976471
0.976471
0.996078
1.000000
0.980392
0.980392
0.988235
0.980392
0.980392
0.988235
0.964706
0.972549
1.000000
0.815686
0.117647
0.000000
0.023529
0.000000
0.000000
0.000000
0.000000
0.019608
0.000000
0.094118
0.709804
0.992157
0.996078
0.976471
0.992157
0.984314
0.996078
1.000000
0.980392
0.980392
0.988235
0.980392
0.980392
0.988235
0.972549
0.980392
1.000000
0.835294
0.121569
0.000000
0.023529
0.000000
0.000000
0.000000
0.000000
0.019608
0.000000
0.094118
0.701961
0.984314
1.000000
0.980392
0.996078
0.988235
0.996078
1.000000
0.984314
0.980392
0.988235
0.980392
0.976471
0.984314
0.976471
0.984314
1.000000
0.831373
0.117647
0.000000
0.023529
0.000000
0.000000
0.000000
0.000000
0.019608
0.000000
0.090196
0.694118
0.984314
1.000000
0.976471
0.996078
0.988235
0.992157
1.000000
0.984314
0.984314
0.992157
0.984314
0.976471
0.980392
0.972549
0.984314
1.000000
0.807843
0.113725
0.000000
0.023529
0.000000
0.000000
0.000000
0.000000
0.019608
0.000000
0.090196
0.686275
0.984314
1.000000
0.976471
0.988235
0.980392
0.992157
0.992157
0.980392
0.984314
0.996078
0.984314
0.976471
0.980392
0.964706
0.980392
0.992157
0.784314
0.109804
0.000000
0.023529
0.000000
0.000000
0.000000
0.000000
0.019608
0.000000
0.090196
0.678431
0.984314
1.000000
0.976471
0.988235
0.972549
0.988235
0.988235
0.980392
0.984314
0.992157
0.980392
0.976471
0.984314
0.972549
0.980392
0.992157
0.780392
0.109804
0.000000
0.023529
0.000000
0.000000
0.000000
0.000000
0.019608
0.000000
0.090196
0.686275
0.984314
0.996078
0.972549
0.984314
0.972549
0.984314
0.988235
0.984314
0.988235
0.988235
0.976471
0.976471
0.988235
0.980392
0.988235
0.996078
0.792157
0.113725
0.000000
0.023529
0.000000
0.000000
0.000000
0.000000
0.019608
0.000000
0.105882
0.749020
0.992157
1.000000
0.960784
0.960784
0.996078
0.996078
0.980392
0.980392
0.992157
0.992157
0.984314
0.988235
0.992157
0.976471
0.984314
1.000000
0.796078
0.113725
0.000000
0.023529
0.000000
0.000000
0.000000
0.000000
0.019608
0.000000
0.098039
0.721569
0.972549
1.000000
0.964706
0.952941
1.000000
0.984314
0.972549
0.980392
0.980392
0.960784
0.964706
0.976471
0.988235
0.980392
0.988235
1.000000
0.819608
0.117647
0.000000
0.023529
0.000000
0.000000
0.000000
0.000000
0.019608
0.000000
0.094118
0.713725
0.976471
1.000000
0.964706
0.956863
0.992157
0.984314
0.984314
0.988235
0.988235
0.976471
0.980392
0.976471
0.976471
0.960784
0.968627
0.980392
0.780392
0.109804
0.000000
0.019608
0.000000
0.000000
0.000000
0.000000
0.019608
0.000000
0.105882
0.749020
0.992157
1.000000
0.956863
0.941176
0.980392
0.992157
1.000000
0.980392
0.976471
1.000000
0.992157
0.972549
0.956863
0.952941
0.972549
0.976471
0.764706
0.105882
0.000000
0.019608
0.000000
0.000000
0.000000
0.000000
0.019608
0.000000
0.105882
0.745098
0.972549
1.000000
0.964706
0.941176
0.976471
0.996078
1.000000
0.976471
0.956863
0.972549
0.980392
0.956863
0.960784
0.984314
1.000000
1.000000
0.784314
0.109804
0.000000
0.023529
0.000000
0.000000
0.000000
0.000000
0.019608
0.000000
0.090196
0.662745
0.905882
0.988235
0.992157
0.984314
0.980392
0.980392
0.992157
0.988235
0.964706
0.960784
0.984314
0.968627
0.984314
0.996078
1.000000
0.949020
0.690196
0.094118
0.000000
0.019608
0.000000
0.000000
0.000000
0.000000
0.015686
0.000000
0.066667
0.525490
0.788235
0.952941
1.000000
0.996078
0.941176
0.905882
0.949020
0.988235
0.972549
0.960784
0.988235
0.980392
1.000000
1.000000
0.949020
0.807843
0.541176
0.070588
0.000000
0.015686
0.000000
0.000000
0.000000
0.000000
0.003922
0.000000
0.019608
0.141176
0.227451
0.286274
0.309804
0.305882
0.282353
0.266667
0.286274
0.301961
0.298039
0.294118
0.301961
0.301961
0.309804
0.309804
0.282353
0.227451
0.145098
0.015686
0.000000
0.003922
0.000000
0.000000
0.000000
0.000000
0.000000
0.000000
0.000000
0.000000
0.000000
0.000000
0.000000
0.000000
0.000000
0.000000
0.000000
0.000000
0.000000
0.000000
0.000000
0.000000
0.000000
0.000000
0.000000
0.000000
0.000000
0.000000
0.000000
0.000000
0.000000
0.000000
0.000000
0.000000
0.000000
0.000000
0.000000
0.011765
0.019608
0.023529
0.027451
0.027451
0.023529
0.023529
0.023529
0.027451
0.023529
0.023529
0.027451
0.027451
0.027451
0.027451
0.023529
0.019608
0.011765
0.000000
0.000000
0.000000
0.000000
0.000000
0.000000
0.000000
0.000000
0.000000
0.000000
0.000000
0.000000
0.000000
0.000000
0.000000
0.000000
0.000000
0.000000
0.000000
0.000000
0.000000
0.000000
0.000000
0.000000
0.000000
0.000000
0.000000
0.000000
0.000000
0.000000
0.000000
0.000000
0.000000
