0.000000
0.000000
0.000000
0.000000
0.000000
0.000000
0.000000
0.000000
0.000000
0.000000
0.000000
0.000000
0.000000
0.000000
0.000000
0.000000
0.000000
0.000000
0.000000
0.000000
0.000000
0.000000
0.000000
0.000000
0.000000
0.000000
0.000000
0.000000
0.000000
0.000000
0.000000
0.000000
0.000000
0.000000
0.011765
0.015686
0.015686
0.015686
0.015686
0.015686
0.015686
0.015686
0.015686
0.015686
0.015686
0.015686
0.015686
0.015686
0.007843
0.000000
0.000000
0.000000
0.000000
0.000000
0.000000
0.000000
0.000000
0.000000
0.000000
0.000000
0.000000
0.000000
0.000000
0.000000
0.000000
0.000000
0.000000
0.000000
0.000000
0.000000
0.000000
0.000000
0.000000
0.000000
0.000000
0.000000
0.000000
0.000000
0.000000
0.000000
0.000000
0.000000
0.000000
0.000000
0.000000
0.000000
0.000000
0.003922
0.000000
0.000000
0.129412
0.188235
0.184314
0.176471
0.176471
0.180392
0.180392
0.184314
0.192157
0.192157
0.188235
0.180392
0.168627
0.172549
0.098039
0.000000
0.000000
0.000000
0.000000
0.000000
0.000000
0.000000
0.000000
0.000000
0.000000
0.007843
0.000000
0.003922
0.478431
0.686275
0.670588
0.654902
0.658823
0.658823
0.662745
0.682353
0.698039
0.701961
0.682353
0.658823
0.619608
0.623529
0.352941
0.000000
0.000000
0.003922
0.000000
0.000000
0.000000
0.000000
0.000000
0.000000
0.000000
0.011765
0.000000
0.007843
0.596078
0.858824
0.854902
0.847059
0.839216
0.835294
0.847059
0.862745
0.874510
0.862745
0.847059
0.831373
0.796078
0.792157
0.439216
0.000000
0.000000
0.003922
0.000000
0.000000
0.000000
0.000000
0.000000
0.000000
0.000000
0.011765
0.000000
0.007843
0.682353
0.984314
0.984314
0.976471
0.956863
0.941176
0.949020
0.972549
0.980392
0.972549
0.964706
0.960784
0.949020
0.941176
0.513726
0.000000
0.000000
0.003922
0.000000
0.000000
0.000000
0.000000
0.000000
0.000000
0.000000
0.011765
0.000000
0.007843
0.698039
1.000000
1.000000
1.000000
0.960784
0.925490
0.929412
0.956863
0.968627
0.964706
0.972549
0.988235
0.996078
0.996078
0.541176
0.000000
0.000000
0.003922
0.000000
0.000000
0.000000
0.000000
0.000000
0.000000
0.000000
0.011765
0.000000
0.007843
0.678431
0.988235
0.992157
0.960784
0.890196
0.835294
0.843137
0.870588
0.882353
0.890196
0.913725
0.949020
0.988235
0.996078
0.537255
0.000000
0.000000
0.003922
0.000000
0.000000
0.000000
0.000000
0.000000
0.000000
0.000000
0.011765
0.000000
0.007843
0.666667
0.968627
0.984314
0.929412
0.827451
0.760784
0.768627
0.796078
0.807843
0.815686
0.850980
0.894118
0.972549
0.996078
0.525490
0.000000
0.000000
0.003922
0.000000
0.000000
0.000000
0.000000
0.000000
0.000000
0.000000
0.011765
0.000000
0.007843
0.662745
0.964706
0.976471
0.925490
0.811765
0.733333
0.737255
0.768627
0.776471
0.780392
0.815686
0.866667
0.968627
0.996078
0.525490
0.000000
0.000000
0.003922
0.000000
0.000000
0.000000
0.000000
0.000000
0.000000
0.000000
0.011765
0.000000
0.007843
0.670588
0.964706
0.984314
0.941176
0.815686
0.737255
0.741176
0.772549
0.776471
0.772549
0.807843
0.858824
0.972549
1.000000
0.533333
0.000000
0.000000
0.003922
0.000000
0.000000
0.000000
0.000000
0.000000
0.000000
0.000000
0.011765
0.000000
0.007843
0.650980
0.960784
0.980392
0.929412
0.811765
0.741176
0.752941
0.788235
0.792157
0.780392
0.792157
0.823529
0.913725
0.980392
0.541176
0.000000
0.000000
0.003922
0.000000
0.000000
0.000000
0.000000
0.000000
0.000000
0.000000
0.011765
0.000000
0.007843
0.643137
0.960784
0.984314
0.929412
0.815686
0.745098
0.756863
0.792157
0.792157
0.780392
0.788235
0.811765
0.901961
0.984314
0.545098
0.000000
0.000000
0.003922
0.000000
0.000000
0.000000
0.000000
0.000000
0.000000
0.000000
0.011765
0.000000
0.007843
0.647059
0.964706
0.992157
0.945098
0.831373
0.756863
0.752941
0.784314
0.784314
0.776471
0.796078
0.823529
0.925490
0.996078
0.552941
0.000000
0.000000
0.003922
0.000000
0.000000
0.000000
0.000000
0.000000
0.000000
0.000000
0.011765
0.000000
0.007843
0.654902
0.976471
1.000000
0.960784
0.850980
0.768627
0.752941
0.772549
0.776471
0.776471
0.803922
0.843137
0.941176
1.000000
0.564706
0.000000
0.000000
0.003922
0.000000
0.000000
0.000000
0.000000
0.000000
0.000000
0.000000
0.011765
0.000000
0.007843
0.658823
0.984314
1.000000
0.964706
0.866667
0.776471
0.749020
0.760784
0.768627
0.780392
0.819608
0.862745
0.956863
1.000000
0.568627
0.000000
0.000000
0.003922
0.000000
0.000000
0.000000
0.000000
0.000000
0.000000
0.000000
0.011765
0.000000
0.007843
0.658823
0.980392
1.000000
0.968627
0.874510
0.788235
0.752941
0.756863
0.764706
0.788235
0.835294
0.882353
0.964706
1.000000
0.572549
0.000000
0.000000
0.003922
0.000000
0.000000
0.000000
0.000000
0.000000
0.000000
0.000000
0.011765
0.000000
0.007843
0.650980
0.964706
0.992157
0.972549
0.890196
0.819608
0.784314
0.784314
0.792157
0.815686
0.862745
0.901961
0.964706
1.000000
0.576471
0.000000
0.000000
0.003922
0.000000
0.000000
0.000000
0.000000
0.000000
0.000000
0.000000
0.011765
0.000000
0.007843
0.654902
0.972549
0.996078
0.972549
0.917647
0.870588
0.854902
0.862745
0.866667
0.878431
0.901961
0.937255
0.968627
1.000000
0.576471
0.000000
0.000000
0.003922
0.000000
0.000000
0.000000
0.000000
0.000000
0.000000
0.000000
0.011765
0.000000
0.007843
0.678431
0.996078
1.000000
0.976471
0.956863
0.941176
0.945098
0.949020
0.949020
0.949020
0.956863
0.972549
0.976471
1.000000
0.584314
0.000000
0.000000
0.003922
0.000000
0.000000
0.000000
0.000000
0.000000
0.000000
0.000000
0.011765
0.000000
0.007843
0.698039
1.000000
1.000000
1.000000
1.000000
1.000000
1.000000
1.000000
1.000000
1.000000
1.000000
1.000000
0.988235
1.000000
0.584314
0.000000
0.000000
0.003922
0.000000
0.000000
0.000000
0.000000
0.000000
0.000000
0.000000
0.011765
0.000000
0.007843
0.666667
0.945098
0.952941
0.976471
0.972549
0.968627
0.972549
0.976471
0.980392
0.980392
0.976471
0.968627
0.960784
0.968627
0.533333
0.000000
0.000000
0.003922
0.000000
0.000000
0.000000
0.000000
0.000000
0.000000
0.000000
0.007843
0.000000
0.007843
0.545098
0.780392
0.725490
0.690196
0.690196
0.682353
0.686275
0.694118
0.701961
0.701961
0.701961
0.690196
0.725490
0.752941
0.415686
0.000000
0.000000
0.003922
0.000000
0.000000
0.000000
0.000000
0.000000
0.000000
0.000000
0.003922
0.000000
0.003922
0.149020
0.215686
0.188235
0.164706
0.168627
0.164706
0.164706
0.168627
0.172549
0.172549
0.172549
0.168627
0.184314
0.196078
0.109804
0.000000
0.000000
0.000000
0.000000
0.000000
0.000000
0.000000
0.000000
0.000000
0.000000
0.000000
0.000000
0.000000
0.000000
0.000000
0.000000
0.000000
0.000000
0.000000
0.000000
0.000000
0.000000
0.000000
0.000000
0.000000
0.000000
0.000000
0.000000
0.000000
0.000000
0.000000
0.000000
0.000000
0.000000
0.000000
0.000000
0.000000
0.000000
0.000000
0.000000
0.000000
0.011765
0.019608
0.019608
0.015686
0.015686
0.015686
0.015686
0.015686
0.015686
0.015686
0.015686
0.015686
0.019608
0.019608
0.011765
0.000000
0.000000
0.000000
0.000000
0.000000
0.000000
0.000000
0.000000
0.000000
0.000000
0.000000
0.000000
0.000000
0.000000
0.000000
0.000000
0.000000
0.000000
0.000000
0.000000
0.000000
0.000000
0.000000
0.000000
0.000000
0.000000
0.000000
0.000000
0.000000
0.000000
0.000000
0.000000
0.000000
0.000000
0.000000
