0.000000
0.000000
0.000000
0.000000
0.000000
0.000000
0.000000
0.000000
0.000000
0.000000
0.000000
0.000000
0.000000
0.000000
0.000000
0.000000
0.000000
0.000000
0.000000
0.000000
0.000000
0.000000
0.000000
0.000000
0.000000
0.000000
0.000000
0.000000
0.000000
0.000000
0.000000
0.000000
0.000000
0.007843
0.015686
0.023529
0.023529
0.023529
0.023529
0.023529
0.023529
0.023529
0.023529
0.023529
0.023529
0.023529
0.023529
0.023529
0.023529
0.023529
0.015686
0.000000
0.000000
0.000000
0.000000
0.000000
0.000000
0.000000
0.000000
0.000000
0.000000
0.000000
0.000000
0.000000
0.000000
0.000000
0.000000
0.000000
0.000000
0.000000
0.000000
0.000000
0.000000
0.000000
0.000000
0.000000
0.000000
0.000000
0.000000
0.000000
0.000000
0.000000
0.000000
0.000000
0.000000
0.000000
0.003922
0.000000
0.003922
0.074510
0.172549
0.258824
0.290196
0.262745
0.250980
0.282353
0.290196
0.294118
0.294118
0.286274
0.274510
0.278431
0.290196
0.286274
0.274510
0.243137
0.145098
0.015686
0.000000
0.003922
0.000000
0.000000
0.000000
0.000000
0.007843
0.000000
0.035294
0.356863
0.674510
0.898039
0.964706
0.898039
0.862745
0.945098
0.956863
0.960784
0.972549
0.949020
0.921569
0.929412
0.956863
0.949020
0.921569
0.854902
0.592157
0.078431
0.000000
0.019608
0.000000
0.000000
0.000000
0.000000
0.015686
0.000000
0.078431
0.607843
0.909804
1.000000
1.000000
0.976471
0.956863
0.988235
0.984314
0.984314
0.992157
0.988235
0.980392
0.984314
0.992157
0.992157
0.972549
0.976471
0.854902
0.125490
0.000000
0.023529
0.000000
0.000000
0.000000
0.000000
0.019608
0.000000
0.101961
0.729412
0.976471
1.000000
0.972549
0.972549
0.988235
0.968627
0.996078
1.000000
1.000000
1.000000
1.000000
1.000000
1.000000
1.000000
0.996078
1.000000
0.941176
0.141176
0.000000
0.027451
0.000000
0.000000
0.000000
0.000000
0.019608
0.000000
0.098039
0.725490
0.984314
1.000000
0.929412
0.921569
0.996078
0.992157
0.980392
0.972549
0.968627
0.980392
0.988235
0.988235
0.972549
0.964706
0.976471
1.000000
0.917647
0.137255
0.000000
0.023529
0.000000
0.000000
0.000000
0.000000
0.019608
0.000000
0.098039
0.725490
0.960784
0.984314
0.901961
0.890196
0.984314
0.976471
0.984314
0.976471
0.972549
0.984314
0.992157
0.992157
0.972549
0.964706
0.976471
1.000000
0.901961
0.137255
0.000000
0.023529
0.000000
0.000000
0.000000
0.000000
0.019608
0.000000
0.109804
0.760784
0.925490
0.964706
0.929412
0.929412
0.984314
0.945098
0.988235
1.000000
0.996078
1.000000
1.000000
1.000000
0.996078
0.992157
0.988235
1.000000
0.917647
0.137255
0.000000
0.023529
0.000000
0.000000
0.000000
0.000000
0.019608
0.000000
0.109804
0.756863
0.909804
0.980392
0.972549
0.952941
0.996078
0.976471
0.984314
0.996078
0.996078
0.996078
0.984314
0.988235
0.992157
0.996078
0.988235
1.000000
0.913725
0.137255
0.000000
0.027451
0.000000
0.000000
0.000000
0.000000
0.019608
0.000000
0.094118
0.690196
0.917647
1.000000
0.929412
0.858824
0.941176
1.000000
1.000000
0.996078
1.000000
0.996078
0.980392
0.988235
1.000000
1.000000
0.996078
1.000000
0.890196
0.133333
0.000000
0.023529
0.000000
0.000000
0.000000
0.000000
0.019608
0.000000
0.086275
0.654902
0.905882
0.992157
0.960784
0.933333
0.984314
1.000000
1.000000
1.000000
1.000000
1.000000
0.992157
0.996078
0.996078
0.996078
0.996078
1.000000
0.905882
0.137255
0.000000
0.023529
0.000000
0.000000
0.000000
0.000000
0.019608
0.000000
0.090196
0.670588
0.913725
0.984314
0.960784
0.952941
0.988235
0.984314
0.996078
0.996078
0.996078
0.996078
0.996078
0.992157
0.992157
0.992157
0.992157
1.000000
0.913725
0.137255
0.000000
0.023529
0.000000
0.000000
0.000000
0.000000
0.019608
0.000000
0.094118
0.694118
0.925490
0.984314
0.941176
0.929412
0.980392
0.988235
0.992157
0.996078
0.996078
0.992157
0.992157
0.992157
0.996078
0.996078
0.992157
1.000000
0.917647
0.137255
0.000000
0.023529
0.000000
0.000000
0.000000
0.000000
0.019608
0.000000
0.094118
0.690196
0.925490
0.984314
0.949020
0.941176
1.000000
1.000000
0.996078
1.000000
1.000000
0.996078
0.996078
0.996078
1.000000
1.000000
0.996078
1.000000
0.921569
0.137255
0.000000
0.027451
0.000000
0.000000
0.000000
0.000000
0.019608
0.000000
0.094118
0.682353
0.921569
0.988235
0.956863
0.949020
1.000000
1.000000
0.996078
0.992157
0.992157
0.992157
0.992157
0.992157
0.996078
0.996078
0.996078
1.000000
0.925490
0.137255
0.000000
0.027451
0.000000
0.000000
0.000000
0.000000
0.019608
0.000000
0.094118
0.678431
0.913725
0.984314
0.960784
0.949020
0.984314
0.980392
0.988235
0.988235
0.988235
0.988235
0.988235
0.988235
0.992157
0.992157
0.992157
1.000000
0.921569
0.137255
0.000000
0.027451
0.000000
0.000000
0.000000
0.000000
0.019608
0.000000
0.090196
0.666667
0.905882
0.984314
0.964706
0.952941
0.992157
0.988235
0.992157
0.996078
0.996078
0.996078
0.996078
0.996078
0.996078
0.992157
0.992157
1.000000
0.913725
0.137255
0.000000
0.023529
0.000000
0.000000
0.000000
0.000000
0.019608
0.000000
0.090196
0.662745
0.909804
0.980392
0.956863
0.949020
1.000000
1.000000
1.000000
1.000000
1.000000
0.996078
1.000000
1.000000
1.000000
1.000000
1.000000
1.000000
0.905882
0.137255
0.000000
0.023529
0.000000
0.000000
0.000000
0.000000
0.019608
0.000000
0.098039
0.705882
0.929412
0.972549
0.917647
0.898039
0.956863
0.984314
0.968627
0.960784
0.960784
0.960784
0.964706
0.968627
0.972549
0.972549
0.976471
0.988235
0.882353
0.129412
0.000000
0.023529
0.000000
0.000000
0.000000
0.000000
0.019608
0.000000
0.101961
0.741176
0.960784
0.968627
0.882353
0.850980
0.909804
0.941176
0.921569
0.917647
0.921569
0.921569
0.925490
0.925490
0.929412
0.933333
0.933333
0.972549
0.909804
0.137255
0.000000
0.023529
0.000000
0.000000
0.000000
0.000000
0.019608
0.000000
0.086275
0.666667
0.937255
0.956863
0.894118
0.898039
0.941176
0.929412
0.909804
0.917647
0.937255
0.937255
0.925490
0.917647
0.929412
0.949020
0.952941
0.996078
0.968627
0.149020
0.000000
0.027451
0.000000
0.000000
0.000000
0.000000
0.015686
0.000000
0.054902
0.458824
0.760784
0.905882
0.972549
1.000000
1.000000
0.949020
0.949020
0.968627
0.988235
0.988235
0.980392
0.980392
0.996078
1.000000
1.000000
1.000000
0.749020
0.101961
0.000000
0.019608
0.000000
0.000000
0.000000
0.000000
0.003922
0.000000
0.011765
0.109804
0.203922
0.270588
0.309804
0.333333
0.325490
0.294118
0.298039
0.305882
0.309804
0.309804
0.309804
0.313725
0.317647
0.313725
0.325490
0.305882
0.192157
0.023529
0.000000
0.003922
0.000000
0.000000
0.000000
0.000000
0.000000
0.000000
0.000000
0.000000
0.000000
0.000000
0.000000
0.000000
0.000000
0.000000
0.000000
0.000000
0.000000
0.000000
0.000000
0.000000
0.000000
0.000000
0.000000
0.000000
0.000000
0.000000
0.000000
0.000000
0.000000
0.000000
0.000000
0.000000
0.000000
0.000000
0.000000
0.011765
0.019608
0.023529
0.027451
0.027451
0.027451
0.023529
0.023529
0.023529
0.027451
0.027451
0.027451
0.027451
0.027451
0.027451
0.027451
0.027451
0.019608
0.003922
0.000000
0.000000
0.000000
0.000000
0.000000
0.000000
0.000000
0.000000
0.000000
0.000000
0.000000
0.000000
0.000000
0.000000
0.000000
0.000000
0.000000
0.000000
0.000000
0.000000
0.000000
0.000000
0.000000
0.000000
0.000000
0.000000
0.000000
0.000000
0.000000
0.000000
0.000000
0.000000
