0.000000
0.000000
0.000000
0.000000
0.000000
0.000000
0.000000
0.000000
0.000000
0.000000
0.000000
0.000000
0.000000
0.000000
0.000000
0.000000
0.000000
0.000000
0.000000
0.000000
0.000000
0.000000
0.000000
0.000000
0.000000
0.000000
0.000000
0.000000
0.000000
0.000000
0.000000
0.000000
0.000000
0.003937
0.015748
0.019685
0.019685
0.019685
0.019685
0.019685
0.019685
0.019685
0.019685
0.019685
0.019685
0.019685
0.019685
0.019685
0.019685
0.019685
0.003937
0.000000
0.000000
0.000000
0.000000
0.000000
0.000000
0.000000
0.000000
0.000000
0.000000
0.000000
0.000000
0.000000
0.000000
0.000000
0.000000
0.000000
0.000000
0.000000
0.000000
0.000000
0.000000
0.000000
0.000000
0.000000
0.000000
0.000000
0.000000
0.000000
0.000000
0.000000
0.000000
0.000000
0.000000
0.000000
0.000000
0.011811
0.000000
0.141732
0.472441
0.523622
0.539370
0.574803
0.555118
0.551181
0.547244
0.547244
0.547244
0.547244
0.551181
0.562992
0.566929
0.539370
0.543307
0.507874
0.153543
0.000000
0.011811
0.000000
0.000000
0.000000
0.000000
0.000000
0.000000
0.023622
0.000000
0.255906
0.858268
0.944882
0.940945
0.964567
0.968504
0.960630
0.948819
0.948819
0.956693
0.976378
0.980315
0.984252
0.976378
0.956693
0.960630
0.917323
0.287402
0.000000
0.023622
0.000000
0.000000
0.000000
0.000000
0.000000
0.000000
0.019685
0.000000
0.232283
0.748031
0.787402
0.803150
0.842520
0.885827
0.874016
0.854331
0.854331
0.874016
0.889764
0.870079
0.826772
0.783465
0.814961
0.850394
0.870079
0.283465
0.000000
0.023622
0.000000
0.000000
0.000000
0.000000
0.000000
0.000000
0.019685
0.000000
0.255906
0.799213
0.822835
0.862205
0.921260
0.921260
0.889764
0.858268
0.846457
0.862205
0.874016
0.870079
0.838583
0.811024
0.838583
0.885827
0.917323
0.303150
0.000000
0.023622
0.000000
0.000000
0.000000
0.000000
0.000000
0.000000
0.023622
0.000000
0.295276
0.948819
1.000000
0.984252
0.972441
0.905512
0.866142
0.826772
0.799213
0.811024
0.850394
0.905512
0.948819
0.972441
0.956693
0.952756
0.921260
0.295276
0.000000
0.023622
0.000000
0.000000
0.000000
0.000000
0.000000
0.000000
0.023622
0.000000
0.275591
0.866142
0.897638
0.893701
0.909449
0.905512
0.897638
0.893701
0.889764
0.889764
0.897638
0.921260
0.944882
0.964567
0.944882
0.909449
0.846457
0.259843
0.000000
0.023622
0.000000
0.000000
0.000000
0.000000
0.000000
0.000000
0.019685
0.000000
0.244094
0.763780
0.771654
0.787402
0.826772
0.913386
0.944882
0.968504
0.980315
0.960630
0.929134
0.909449
0.901575
0.905512
0.897638
0.858268
0.795276
0.248031
0.000000
0.019685
0.000000
0.000000
0.000000
0.000000
0.000000
0.000000
0.023622
0.000000
0.263780
0.834646
0.858268
0.846457
0.846457
0.901575
0.925197
0.940945
0.940945
0.917323
0.893701
0.893701
0.909449
0.929134
0.917323
0.881890
0.842520
0.267717
0.000000
0.023622
0.000000
0.000000
0.000000
0.000000
0.000000
0.000000
0.023622
0.000000
0.279528
0.897638
0.940945
0.917323
0.889764
0.870079
0.877953
0.893701
0.897638
0.885827
0.881890
0.897638
0.921260
0.944882
0.929134
0.909449
0.897638
0.291339
0.000000
0.023622
0.000000
0.000000
0.000000
0.000000
0.000000
0.000000
0.023622
0.000000
0.275591
0.870079
0.893701
0.897638
0.901575
0.858268
0.862205
0.889764
0.909449
0.913386
0.913386
0.909449
0.905512
0.901575
0.897638
0.877953
0.881890
0.287402
0.000000
0.023622
0.000000
0.000000
0.000000
0.000000
0.000000
0.000000
0.023622
0.000000
0.271654
0.854331
0.881890
0.893701
0.917323
0.893701
0.885827
0.889764
0.897638
0.905512
0.913386
0.909449
0.893701
0.877953
0.866142
0.846457
0.850394
0.275591
0.000000
0.023622
0.000000
0.000000
0.000000
0.000000
0.000000
0.000000
0.023622
0.000000
0.275591
0.870079
0.901575
0.913386
0.917323
0.909449
0.893701
0.877953
0.877953
0.885827
0.889764
0.893701
0.889764
0.889764
0.870079
0.830709
0.818898
0.263780
0.000000
0.023622
0.000000
0.000000
0.000000
0.000000
0.000000
0.000000
0.023622
0.000000
0.271654
0.854331
0.874016
0.893701
0.893701
0.901575
0.889764
0.885827
0.889764
0.901575
0.893701
0.885827
0.889764
0.905512
0.901575
0.846457
0.803150
0.259843
0.000000
0.019685
0.000000
0.000000
0.000000
0.000000
0.000000
0.000000
0.023622
0.000000
0.267717
0.826772
0.846457
0.870079
0.877953
0.909449
0.905512
0.897638
0.913386
0.921260
0.913386
0.897638
0.901575
0.913386
0.940945
0.885827
0.826772
0.259843
0.000000
0.019685
0.000000
0.000000
0.000000
0.000000
0.000000
0.000000
0.019685
0.000000
0.263780
0.818898
0.834646
0.866142
0.889764
0.917323
0.913386
0.921260
0.929134
0.933071
0.917323
0.905512
0.909449
0.929134
0.937008
0.881890
0.846457
0.267717
0.000000
0.023622
0.000000
0.000000
0.000000
0.000000
0.000000
0.000000
0.023622
0.000000
0.271654
0.842520
0.854331
0.889764
0.917323
0.929134
0.929134
0.929134
0.937008
0.933071
0.913386
0.905512
0.921260
0.944882
0.921260
0.874016
0.870079
0.283465
0.000000
0.023622
0.000000
0.000000
0.000000
0.000000
0.000000
0.000000
0.023622
0.000000
0.287402
0.877953
0.885827
0.921260
0.948819
0.940945
0.933071
0.937008
0.937008
0.921260
0.897638
0.889764
0.925197
0.960630
0.940945
0.893701
0.897638
0.295276
0.000000
0.023622
0.000000
0.000000
0.000000
0.000000
0.000000
0.000000
0.023622
0.000000
0.287402
0.877953
0.889764
0.921260
0.944882
0.933071
0.933071
0.940945
0.937008
0.917323
0.885827
0.881890
0.917323
0.960630
0.988189
0.925197
0.905512
0.295276
0.000000
0.023622
0.000000
0.000000
0.000000
0.000000
0.000000
0.000000
0.019685
0.000000
0.259843
0.803150
0.830709
0.877953
0.905512
0.909449
0.921260
0.937008
0.937008
0.913386
0.877953
0.870079
0.901575
0.944882
0.984252
0.905512
0.854331
0.275591
0.000000
0.023622
0.000000
0.000000
0.000000
0.000000
0.000000
0.000000
0.019685
0.000000
0.236220
0.751969
0.803150
0.858268
0.897638
0.925197
0.948819
0.976378
0.988189
0.960630
0.913386
0.893701
0.921260
0.956693
0.952756
0.870079
0.822835
0.263780
0.000000
0.023622
0.000000
0.000000
0.000000
0.000000
0.000000
0.000000
0.015748
0.000000
0.173228
0.566929
0.665354
0.748031
0.787402
0.787402
0.807087
0.846457
0.881890
0.877953
0.838583
0.811024
0.834646
0.866142
0.826772
0.736220
0.673228
0.208661
0.000000
0.015748
0.000000
0.000000
0.000000
0.000000
0.000000
0.000000
0.003937
0.000000
0.059055
0.200787
0.263780
0.322835
0.338583
0.318898
0.322835
0.342520
0.370079
0.381890
0.370079
0.358268
0.366142
0.381890
0.358268
0.314961
0.263780
0.078740
0.000000
0.007874
0.000000
0.000000
0.000000
0.000000
0.000000
0.000000
0.000000
0.000000
0.000000
0.000000
0.000000
0.000000
0.000000
0.000000
0.000000
0.000000
0.000000
0.000000
0.000000
0.000000
0.000000
0.000000
0.000000
0.000000
0.000000
0.000000
0.000000
0.000000
0.000000
0.000000
0.000000
0.000000
0.000000
0.000000
0.000000
0.000000
0.003937
0.007874
0.011811
0.011811
0.011811
0.011811
0.011811
0.015748
0.015748
0.015748
0.015748
0.015748
0.015748
0.015748
0.015748
0.011811
0.011811
0.003937
0.000000
0.000000
0.000000
0.000000
0.000000
0.000000
0.000000
0.000000
0.000000
0.000000
0.000000
0.000000
0.000000
0.000000
0.000000
0.000000
0.000000
0.000000
0.000000
0.000000
0.000000
0.000000
0.000000
0.000000
0.000000
0.000000
0.000000
0.000000
0.000000
0.000000
0.000000
0.000000
0.000000
