0.000000
0.000000
0.000000
0.000000
0.000000
0.000000
0.000000
0.000000
0.000000
0.000000
0.000000
0.000000
0.000000
0.000000
0.000000
0.000000
0.000000
0.000000
0.000000
0.000000
0.000000
0.000000
0.000000
0.000000
0.000000
0.000000
0.000000
0.000000
0.000000
0.000000
0.000000
0.000000
0.000000
0.007843
0.011765
0.015686
0.019608
0.019608
0.019608
0.015686
0.015686
0.019608
0.019608
0.019608
0.019608
0.019608
0.019608
0.019608
0.015686
0.015686
0.007843
0.000000
0.000000
0.000000
0.000000
0.000000
0.000000
0.000000
0.000000
0.000000
0.000000
0.000000
0.000000
0.000000
0.000000
0.000000
0.000000
0.000000
0.000000
0.000000
0.000000
0.000000
0.000000
0.000000
0.000000
0.000000
0.000000
0.000000
0.000000
0.000000
0.000000
0.000000
0.000000
0.000000
0.000000
0.000000
0.000000
0.000000
0.000000
0.047059
0.074510
0.094118
0.109804
0.113725
0.109804
0.105882
0.105882
0.113725
0.113725
0.113725
0.121569
0.129412
0.133333
0.129412
0.109804
0.090196
0.054902
0.000000
0.000000
0.000000
0.000000
0.000000
0.000000
0.000000
0.007843
0.000000
0.007843
0.262745
0.435294
0.545098
0.635294
0.650980
0.639216
0.623529
0.627451
0.647059
0.654902
0.654902
0.674510
0.713725
0.729412
0.717647
0.600000
0.498039
0.321569
0.007843
0.000000
0.007843
0.000000
0.000000
0.000000
0.000000
0.011765
0.000000
0.007843
0.368627
0.639216
0.803922
0.909804
0.917647
0.937255
0.933333
0.925490
0.937255
0.937255
0.921569
0.937255
0.972549
0.980392
0.964706
0.796078
0.662745
0.447059
0.011765
0.000000
0.011765
0.000000
0.000000
0.000000
0.000000
0.011765
0.000000
0.011765
0.415686
0.725490
0.905882
1.000000
0.996078
1.000000
1.000000
1.000000
1.000000
1.000000
0.996078
1.000000
1.000000
1.000000
0.996078
0.835294
0.713725
0.482353
0.011765
0.000000
0.011765
0.000000
0.000000
0.000000
0.000000
0.011765
0.000000
0.011765
0.427451
0.713725
0.870588
0.980392
0.992157
0.988235
0.976471
0.976471
0.984314
0.984314
0.976471
0.984314
0.992157
0.992157
0.984314
0.819608
0.678431
0.458824
0.011765
0.000000
0.011765
0.000000
0.000000
0.000000
0.000000
0.011765
0.000000
0.011765
0.443137
0.674510
0.780392
0.929412
0.992157
0.972549
0.937255
0.933333
0.925490
0.925490
0.913725
0.937255
0.980392
1.000000
1.000000
0.807843
0.639216
0.439216
0.011765
0.000000
0.011765
0.000000
0.000000
0.000000
0.000000
0.011765
0.000000
0.011765
0.470588
0.666667
0.737255
0.905882
1.000000
0.937255
0.882353
0.862745
0.839216
0.827451
0.823529
0.862745
0.933333
0.996078
1.000000
0.819608
0.658823
0.450980
0.011765
0.000000
0.011765
0.000000
0.000000
0.000000
0.000000
0.011765
0.000000
0.011765
0.474510
0.698039
0.772549
0.921569
0.992157
0.886275
0.800000
0.780392
0.772549
0.768627
0.764706
0.815686
0.917647
1.000000
1.000000
0.827451
0.674510
0.454902
0.011765
0.000000
0.011765
0.000000
0.000000
0.000000
0.000000
0.011765
0.000000
0.011765
0.466667
0.701961
0.796078
0.933333
0.992157
0.854902
0.745098
0.729412
0.729412
0.737255
0.741176
0.796078
0.913725
1.000000
1.000000
0.827451
0.678431
0.454902
0.011765
0.000000
0.011765
0.000000
0.000000
0.000000
0.000000
0.011765
0.000000
0.011765
0.454902
0.682353
0.780392
0.933333
0.996078
0.843137
0.717647
0.701961
0.698039
0.709804
0.721569
0.792157
0.909804
0.996078
1.000000
0.823529
0.670588
0.447059
0.011765
0.000000
0.011765
0.000000
0.000000
0.000000
0.000000
0.011765
0.000000
0.011765
0.443137
0.670588
0.772549
0.937255
1.000000
0.835294
0.705882
0.682353
0.674510
0.694118
0.709804
0.788235
0.909804
0.996078
1.000000
0.819608
0.662745
0.435294
0.011765
0.000000
0.011765
0.000000
0.000000
0.000000
0.000000
0.011765
0.000000
0.011765
0.427451
0.658823
0.768627
0.929412
1.000000
0.847059
0.721569
0.686275
0.670588
0.690196
0.717647
0.796078
0.917647
1.000000
1.000000
0.815686
0.647059
0.419608
0.011765
0.000000
0.011765
0.000000
0.000000
0.000000
0.000000
0.011765
0.000000
0.011765
0.427451
0.654902
0.768627
0.925490
0.996078
0.850980
0.725490
0.690196
0.678431
0.698039
0.725490
0.807843
0.925490
1.000000
1.000000
0.811765
0.643137
0.415686
0.011765
0.000000
0.011765
0.000000
0.000000
0.000000
0.000000
0.011765
0.000000
0.011765
0.443137
0.670588
0.772549
0.925490
0.992157
0.850980
0.729412
0.701961
0.701961
0.721569
0.741176
0.819608
0.933333
1.000000
1.000000
0.807843
0.635294
0.407843
0.011765
0.000000
0.011765
0.000000
0.000000
0.000000
0.000000
0.011765
0.000000
0.011765
0.466667
0.698039
0.784314
0.929412
0.992157
0.870588
0.768627
0.749020
0.752941
0.772549
0.780392
0.843137
0.941176
1.000000
1.000000
0.807843
0.631373
0.403922
0.007843
0.000000
0.011765
0.000000
0.000000
0.000000
0.000000
0.011765
0.000000
0.011765
0.498039
0.729412
0.803922
0.937255
0.992157
0.929412
0.850980
0.831373
0.839216
0.847059
0.843137
0.882353
0.960784
1.000000
1.000000
0.807843
0.631373
0.400000
0.007843
0.000000
0.011765
0.000000
0.000000
0.000000
0.000000
0.015686
0.000000
0.011765
0.525490
0.756863
0.819608
0.945098
1.000000
0.992157
0.941176
0.909804
0.917647
0.917647
0.886275
0.913725
0.976471
1.000000
1.000000
0.807843
0.623529
0.392157
0.007843
0.000000
0.011765
0.000000
0.000000
0.000000
0.000000
0.011765
0.000000
0.011765
0.517647
0.768627
0.843137
0.941176
0.968627
0.988235
0.980392
0.968627
0.976471
0.976471
0.960784
0.964706
0.976471
0.988235
0.992157
0.827451
0.674510
0.447059
0.011765
0.000000
0.011765
0.000000
0.000000
0.000000
0.000000
0.011765
0.000000
0.011765
0.490196
0.764706
0.874510
0.968627
0.980392
0.992157
1.000000
1.000000
1.000000
1.000000
1.000000
1.000000
1.000000
1.000000
1.000000
0.854902
0.729412
0.505882
0.011765
0.000000
0.011765
0.000000
0.000000
0.000000
0.000000
0.011765
0.000000
0.011765
0.450980
0.725490
0.862745
0.988235
1.000000
0.992157
0.980392
0.984314
0.980392
0.988235
0.992157
0.996078
1.000000
1.000000
1.000000
0.858824
0.752941
0.529412
0.011765
0.000000
0.015686
0.000000
0.000000
0.000000
0.000000
0.007843
0.000000
0.007843
0.341176
0.564706
0.690196
0.803922
0.839216
0.772549
0.741176
0.745098
0.737255
0.752941
0.764706
0.780392
0.788235
0.792157
0.796078
0.709804
0.658823
0.458824
0.011765
0.000000
0.011765
0.000000
0.000000
0.000000
0.000000
0.000000
0.000000
0.000000
0.062745
0.105882
0.129412
0.152941
0.160784
0.145098
0.137255
0.137255
0.133333
0.137255
0.141176
0.145098
0.145098
0.149020
0.149020
0.137255
0.129412
0.090196
0.003922
0.000000
0.003922
0.000000
0.000000
0.000000
0.000000
0.000000
0.000000
0.000000
0.000000
0.000000
0.000000
0.000000
0.000000
0.000000
0.000000
0.000000
0.000000
0.000000
0.000000
0.000000
0.000000
0.000000
0.000000
0.000000
0.000000
0.000000
0.000000
0.000000
0.000000
0.000000
0.000000
0.000000
0.000000
0.000000
0.000000
0.000000
0.007843
0.015686
0.019608
0.023529
0.023529
0.023529
0.019608
0.019608
0.019608
0.019608
0.019608
0.023529
0.023529
0.023529
0.023529
0.019608
0.019608
0.011765
0.000000
0.000000
0.000000
0.000000
0.000000
0.000000
0.000000
0.000000
0.000000
0.000000
0.000000
0.000000
0.000000
0.000000
0.000000
0.000000
0.000000
0.000000
0.000000
0.000000
0.000000
0.000000
0.000000
0.000000
0.000000
0.000000
0.000000
0.000000
0.000000
0.000000
0.000000
0.000000
0.000000
