0.000000
0.000000
0.000000
0.000000
0.000000
0.000000
0.000000
0.000000
0.000000
0.000000
0.000000
0.000000
0.000000
0.000000
0.000000
0.000000
0.000000
0.000000
0.000000
0.000000
0.000000
0.000000
0.000000
0.000000
0.000000
0.000000
0.000000
0.000000
0.000000
0.000000
0.000000
0.000000
0.004219
0.008439
0.008439
0.004219
0.004219
0.004219
0.008439
0.008439
0.008439
0.008439
0.008439
0.012658
0.012658
0.016878
0.021097
0.025316
0.025316
0.021097
0.012658
0.000000
0.000000
0.000000
0.000000
0.000000
0.000000
0.000000
0.000000
0.000000
0.000000
0.000000
0.000000
0.000000
0.000000
0.000000
0.000000
0.000000
0.000000
0.000000
0.000000
0.000000
0.000000
0.000000
0.000000
0.000000
0.000000
0.000000
0.000000
0.000000
0.000000
0.000000
0.000000
0.000000
0.000000
0.000000
0.000000
0.008439
0.046413
0.046413
0.042194
0.033755
0.016878
0.012658
0.029536
0.050633
0.063291
0.063291
0.059072
0.080169
0.092827
0.109705
0.135021
0.164557
0.172996
0.156118
0.097046
0.004219
0.000000
0.004219
0.000000
0.000000
0.000000
0.004219
0.000000
0.042194
0.206751
0.227848
0.223629
0.210970
0.185654
0.202532
0.257384
0.308017
0.324894
0.329114
0.345992
0.443038
0.510548
0.569620
0.696203
0.818565
0.848101
0.789030
0.497890
0.012658
0.000000
0.012658
0.000000
0.000000
0.000000
0.004219
0.000000
0.033755
0.172996
0.227848
0.274262
0.354430
0.468354
0.556962
0.573840
0.481013
0.388186
0.405063
0.502110
0.628692
0.683544
0.708861
0.801688
0.890295
0.907173
0.869198
0.561181
0.012658
0.000000
0.016878
0.000000
0.000000
0.000000
0.008439
0.000000
0.037975
0.198312
0.257384
0.367089
0.561181
0.759494
0.856540
0.805907
0.620253
0.485232
0.518987
0.662447
0.772152
0.797468
0.797468
0.831224
0.860759
0.852321
0.827004
0.548523
0.012658
0.000000
0.016878
0.000000
0.000000
0.000000
0.008439
0.000000
0.050633
0.299578
0.417721
0.556962
0.725738
0.843882
0.869198
0.814346
0.717300
0.662447
0.700422
0.793249
0.864979
0.886076
0.894515
0.890295
0.881857
0.839662
0.818565
0.556962
0.012658
0.000000
0.016878
0.000000
0.000000
0.000000
0.012658
0.000000
0.084388
0.459916
0.611814
0.725738
0.810127
0.797468
0.729958
0.708861
0.755274
0.822785
0.856540
0.869198
0.915612
0.932489
0.924051
0.915612
0.881857
0.835443
0.818565
0.561181
0.012658
0.000000
0.016878
0.000000
0.000000
0.000000
0.021097
0.000000
0.139241
0.670886
0.725738
0.797468
0.890295
0.839662
0.704641
0.649789
0.729958
0.869198
0.936709
0.932489
0.970464
0.949367
0.890295
0.873418
0.839662
0.822785
0.814346
0.544304
0.012658
0.000000
0.012658
0.000000
0.000000
0.000000
0.021097
0.000000
0.151899
0.751055
0.818565
0.860759
0.907173
0.835443
0.675105
0.586498
0.637131
0.776371
0.902954
0.962025
0.953587
0.902954
0.848101
0.822785
0.780591
0.763713
0.763713
0.514768
0.012658
0.000000
0.012658
0.000000
0.000000
0.000000
0.021097
0.000000
0.135021
0.708861
0.873418
0.890295
0.864979
0.793249
0.696203
0.649789
0.679325
0.776371
0.873418
0.932489
0.902954
0.852321
0.822785
0.784810
0.725738
0.700422
0.713080
0.493671
0.012658
0.000000
0.012658
0.000000
0.000000
0.000000
0.016878
0.000000
0.097046
0.578059
0.843882
0.860759
0.784810
0.755274
0.742616
0.772152
0.822785
0.864979
0.869198
0.848101
0.856540
0.852321
0.827004
0.789030
0.717300
0.683544
0.708861
0.502110
0.012658
0.000000
0.012658
0.000000
0.000000
0.000000
0.012658
0.000000
0.075949
0.481013
0.772152
0.814346
0.763713
0.759494
0.767932
0.805907
0.852321
0.869198
0.839662
0.793249
0.843882
0.881857
0.864979
0.843882
0.767932
0.721519
0.746835
0.527426
0.012658
0.000000
0.012658
0.000000
0.000000
0.000000
0.016878
0.000000
0.101266
0.552743
0.767932
0.827004
0.831224
0.822785
0.780591
0.746835
0.763713
0.801688
0.818565
0.822785
0.873418
0.907173
0.911392
0.907173
0.831224
0.776371
0.784810
0.544304
0.012658
0.000000
0.012658
0.000000
0.000000
0.000000
0.021097
0.000000
0.143460
0.729958
0.869198
0.907173
0.936709
0.915612
0.843882
0.784810
0.784810
0.831224
0.877637
0.902954
0.915612
0.919831
0.940928
0.949367
0.881857
0.818565
0.797468
0.540084
0.012658
0.000000
0.012658
0.000000
0.000000
0.000000
0.025316
0.000000
0.164557
0.843882
0.974684
0.974684
0.974684
0.957806
0.919831
0.894515
0.898734
0.915612
0.940928
0.957806
0.945148
0.932489
0.949367
0.957806
0.898734
0.831224
0.784810
0.518987
0.012658
0.000000
0.012658
0.000000
0.000000
0.000000
0.025316
0.000000
0.156118
0.810127
0.987342
0.962025
0.928270
0.928270
0.915612
0.881857
0.852321
0.856540
0.898734
0.962025
0.983122
0.970464
0.953587
0.949367
0.898734
0.831224
0.772152
0.497890
0.012658
0.000000
0.012658
0.000000
0.000000
0.000000
0.021097
0.000000
0.135021
0.725738
0.932489
0.924051
0.881857
0.881857
0.856540
0.784810
0.700422
0.687764
0.793249
0.936709
1.000000
0.987342
0.962025
0.953587
0.898734
0.831224
0.767932
0.489451
0.012658
0.000000
0.012658
0.000000
0.000000
0.000000
0.016878
0.000000
0.118143
0.666667
0.894515
0.936709
0.902954
0.869198
0.864979
0.869198
0.797468
0.708861
0.734177
0.873418
0.894515
0.911392
0.970464
0.966245
0.915612
0.839662
0.772152
0.497890
0.012658
0.000000
0.012658
0.000000
0.000000
0.000000
0.016878
0.000000
0.118143
0.645570
0.843882
0.924051
0.928270
0.894515
0.877637
0.890295
0.827004
0.708861
0.662447
0.734177
0.839662
0.902954
0.936709
0.940928
0.919831
0.877637
0.805907
0.510548
0.012658
0.000000
0.012658
0.000000
0.000000
0.000000
0.016878
0.000000
0.105485
0.586498
0.789030
0.902954
0.962025
0.945148
0.902954
0.890295
0.843882
0.755274
0.675105
0.675105
0.843882
0.932489
0.907173
0.919831
0.932489
0.907173
0.814346
0.493671
0.012658
0.000000
0.012658
0.000000
0.000000
0.000000
0.012658
0.000000
0.075949
0.455696
0.683544
0.831224
0.907173
0.907173
0.860759
0.864979
0.856540
0.801688
0.717300
0.683544
0.793249
0.873418
0.881857
0.907173
0.919831
0.860759
0.729958
0.413502
0.008439
0.000000
0.012658
0.000000
0.000000
0.000000
0.008439
0.000000
0.042194
0.274262
0.447257
0.569620
0.637131
0.637131
0.607595
0.620253
0.637131
0.616034
0.569620
0.544304
0.573840
0.641350
0.696203
0.738397
0.721519
0.641350
0.506329
0.270042
0.004219
0.000000
0.008439
0.000000
0.000000
0.000000
0.000000
0.000000
0.008439
0.042194
0.075949
0.097046
0.109705
0.109705
0.105485
0.109705
0.113924
0.113924
0.105485
0.101266
0.101266
0.113924
0.130802
0.139241
0.135021
0.118143
0.088608
0.046413
0.000000
0.000000
0.000000
0.000000
0.000000
0.000000
0.000000
0.000000
0.000000
0.000000
0.000000
0.000000
0.000000
0.000000
0.000000
0.000000
0.000000
0.000000
0.000000
0.000000
0.000000
0.000000
0.000000
0.000000
0.000000
0.000000
0.000000
0.000000
0.000000
0.000000
0.000000
0.000000
0.000000
0.000000
0.000000
0.000000
0.000000
0.008439
0.012658
0.016878
0.016878
0.016878
0.016878
0.016878
0.016878
0.016878
0.016878
0.016878
0.016878
0.016878
0.021097
0.021097
0.021097
0.016878
0.012658
0.008439
0.000000
0.000000
0.000000
0.000000
0.000000
0.000000
0.000000
0.000000
0.000000
0.000000
0.000000
0.000000
0.000000
0.000000
0.000000
0.000000
0.000000
0.000000
0.000000
0.000000
0.000000
0.000000
0.000000
0.000000
0.000000
0.000000
0.000000
0.000000
0.000000
0.000000
0.000000
0.000000
0.000000
