0.000000
0.000000
0.000000
0.000000
0.000000
0.000000
0.000000
0.000000
0.000000
0.000000
0.000000
0.000000
0.000000
0.000000
0.000000
0.000000
0.000000
0.000000
0.000000
0.000000
0.000000
0.000000
0.000000
0.000000
0.000000
0.000000
0.000000
0.000000
0.000000
0.000000
0.000000
0.000000
0.000000
0.000000
0.000000
0.000000
0.022026
0.048458
0.057269
0.070485
0.074890
0.070485
0.057269
0.052863
0.048458
0.039648
0.022026
0.000000
0.000000
0.000000
0.000000
0.000000
0.000000
0.000000
0.000000
0.000000
0.000000
0.000000
0.000000
0.000000
0.000000
0.000000
0.013216
0.000000
0.277533
0.665198
0.709251
0.797357
0.859031
0.885463
0.845815
0.867841
0.977974
0.929515
0.572687
0.000000
0.004405
0.000000
0.000000
0.000000
0.000000
0.000000
0.000000
0.000000
0.000000
0.000000
0.000000
0.000000
0.000000
0.000000
0.004405
0.000000
0.176211
0.418502
0.396476
0.418502
0.458150
0.444934
0.471366
0.555066
0.801762
0.925110
0.629956
0.000000
0.004405
0.000000
0.000000
0.000000
0.000000
0.000000
0.000000
0.000000
0.000000
0.000000
0.000000
0.000000
0.000000
0.000000
0.004405
0.000000
0.030837
0.088106
0.092511
0.118943
0.118943
0.074890
0.070485
0.132159
0.365639
0.568282
0.480176
0.000000
0.000000
0.000000
0.000000
0.000000
0.000000
0.000000
0.000000
0.000000
0.000000
0.000000
0.000000
0.000000
0.000000
0.000000
0.000000
0.000000
0.004405
0.013216
0.039648
0.070485
0.044053
0.026432
0.008811
0.096916
0.334802
0.541850
0.453744
0.000000
0.000000
0.000000
0.000000
0.000000
0.000000
0.000000
0.000000
0.000000
0.000000
0.000000
0.000000
0.000000
0.000000
0.000000
0.000000
0.000000
0.022026
0.052863
0.052863
0.039648
0.026432
0.000000
0.000000
0.083700
0.339207
0.533040
0.458150
0.000000
0.000000
0.000000
0.000000
0.000000
0.000000
0.000000
0.000000
0.000000
0.000000
0.000000
0.000000
0.000000
0.000000
0.000000
0.000000
0.000000
0.026432
0.057269
0.039648
0.017621
0.004405
0.000000
0.004405
0.083700
0.325991
0.528634
0.449339
0.000000
0.000000
0.000000
0.000000
0.000000
0.000000
0.000000
0.000000
0.000000
0.000000
0.000000
0.000000
0.000000
0.000000
0.000000
0.000000
0.000000
0.013216
0.026432
0.013216
0.004405
0.000000
0.004405
0.017621
0.092511
0.325991
0.528634
0.466960
0.000000
0.000000
0.000000
0.000000
0.000000
0.000000
0.000000
0.000000
0.000000
0.000000
0.000000
0.000000
0.000000
0.000000
0.000000
0.000000
0.000000
0.000000
0.000000
0.000000
0.000000
0.000000
0.004405
0.026432
0.101322
0.339207
0.550661
0.502203
0.000000
0.000000
0.000000
0.000000
0.000000
0.000000
0.000000
0.000000
0.000000
0.000000
0.000000
0.000000
0.000000
0.000000
0.000000
0.000000
0.000000
0.000000
0.000000
0.000000
0.000000
0.000000
0.004405
0.030837
0.110132
0.343612
0.568282
0.528634
0.000000
0.000000
0.000000
0.000000
0.000000
0.000000
0.000000
0.000000
0.000000
0.000000
0.000000
0.000000
0.000000
0.000000
0.000000
0.000000
0.000000
0.022026
0.057269
0.052863
0.057269
0.044053
0.035242
0.057269
0.167401
0.378855
0.599119
0.585903
0.000000
0.000000
0.000000
0.000000
0.000000
0.000000
0.000000
0.000000
0.000000
0.000000
0.000000
0.000000
0.000000
0.000000
0.000000
0.004405
0.000000
0.132159
0.303965
0.290749
0.312775
0.325991
0.348018
0.370044
0.484581
0.629956
0.735683
0.616740
0.000000
0.004405
0.000000
0.000000
0.000000
0.000000
0.000000
0.000000
0.000000
0.000000
0.000000
0.000000
0.000000
0.000000
0.000000
0.008811
0.000000
0.277533
0.718062
0.792951
0.806167
0.784141
0.841410
0.814978
0.916300
0.973568
0.859031
0.577093
0.000000
0.004405
0.000000
0.000000
0.000000
0.000000
0.000000
0.000000
0.000000
0.000000
0.000000
0.000000
0.000000
0.000000
0.000000
0.013216
0.000000
0.321586
0.854626
0.929515
0.867841
0.744493
0.647577
0.524229
0.559471
0.625551
0.515418
0.334802
0.000000
0.000000
0.000000
0.000000
0.000000
0.000000
0.000000
0.000000
0.000000
0.000000
0.000000
0.000000
0.000000
0.000000
0.000000
0.013216
0.000000
0.303965
0.687225
0.625551
0.497797
0.325991
0.193833
0.140969
0.140969
0.193833
0.220264
0.171806
0.000000
0.000000
0.000000
0.000000
0.000000
0.000000
0.000000
0.000000
0.000000
0.000000
0.000000
0.000000
0.000000
0.000000
0.000000
0.013216
0.000000
0.290749
0.603524
0.458150
0.286344
0.154185
0.118943
0.096916
0.101322
0.123348
0.132159
0.096916
0.000000
0.000000
0.000000
0.000000
0.000000
0.000000
0.000000
0.000000
0.000000
0.000000
0.000000
0.000000
0.000000
0.000000
0.000000
0.008811
0.000000
0.277533
0.585903
0.387665
0.158590
0.048458
0.066079
0.096916
0.136564
0.154185
0.145374
0.088106
0.000000
0.000000
0.000000
0.000000
0.000000
0.000000
0.000000
0.000000
0.000000
0.000000
0.000000
0.000000
0.000000
0.000000
0.000000
0.013216
0.000000
0.286344
0.603524
0.356828
0.092511
0.000000
0.026432
0.105727
0.140969
0.114537
0.114537
0.074890
0.000000
0.000000
0.000000
0.000000
0.000000
0.000000
0.000000
0.000000
0.000000
0.000000
0.000000
0.000000
0.000000
0.000000
0.000000
0.013216
0.000000
0.339207
0.704846
0.436123
0.136564
0.004405
0.013216
0.057269
0.052863
0.017621
0.022026
0.026432
0.000000
0.000000
0.000000
0.000000
0.000000
0.000000
0.000000
0.000000
0.000000
0.000000
0.000000
0.000000
0.000000
0.000000
0.000000
0.013216
0.000000
0.348018
0.740088
0.488987
0.176211
0.008811
0.000000
0.013216
0.017621
0.000000
0.004405
0.004405
0.000000
0.000000
0.000000
0.000000
0.000000
0.000000
0.000000
0.000000
0.000000
0.000000
0.000000
0.000000
0.000000
0.000000
0.000000
0.008811
0.000000
0.295154
0.656388
0.436123
0.149780
0.004405
0.000000
0.008811
0.008811
0.004405
0.008811
0.026432
0.000000
0.000000
0.000000
0.000000
0.000000
0.000000
0.000000
0.000000
0.000000
0.000000
0.000000
0.000000
0.000000
0.000000
0.000000
0.008811
0.000000
0.246696
0.572687
0.378855
0.136564
0.022026
0.026432
0.039648
0.048458
0.052863
0.057269
0.052863
0.000000
0.000000
0.000000
0.000000
0.000000
0.000000
0.000000
0.000000
0.000000
0.000000
0.000000
0.000000
0.000000
0.000000
0.000000
0.013216
0.000000
0.330396
0.740088
0.563877
0.330396
0.185022
0.211454
0.242291
0.264317
0.255507
0.233480
0.167401
0.000000
0.000000
0.000000
0.000000
0.000000
0.000000
0.000000
0.000000
0.000000
0.000000
0.000000
0.000000
0.000000
0.000000
0.000000
0.017621
0.000000
0.436123
1.000000
0.920705
0.779736
0.638767
0.599119
0.590308
0.563877
0.506608
0.444934
0.325991
0.000000
0.000000
0.000000
0.000000
0.000000
0.000000
0.000000
0.000000
0.000000
0.000000
0.000000
0.000000
0.000000
0.000000
0.000000
0.008811
0.000000
0.286344
0.731277
0.814978
0.823789
0.757709
0.682819
0.634361
0.590308
0.528634
0.471366
0.343612
0.000000
0.000000
0.000000
0.000000
0.000000
0.000000
0.000000
0.000000
0.000000
0.000000
0.000000
0.000000
0.000000
0.000000
0.000000
0.000000
0.000000
0.008811
0.030837
0.039648
0.048458
0.044053
0.039648
0.035242
0.030837
0.030837
0.030837
0.022026
0.000000
0.000000
0.000000
0.000000
0.000000
0.000000
0.000000
0.000000
0.000000
0.000000
0.000000
0.000000
0.000000
0.000000
0.000000
0.000000
0.000000
0.000000
0.000000
0.000000
0.000000
0.000000
0.000000
0.000000
0.000000
0.000000
0.000000
0.000000
0.000000
0.000000
0.000000
0.000000
0.000000
0.000000
0.000000
0.000000
0.000000
