0.000000
0.000000
0.000000
0.000000
0.000000
0.000000
0.000000
0.000000
0.000000
0.000000
0.004016
0.012048
0.012048
0.012048
0.012048
0.012048
0.008032
0.004016
0.000000
0.000000
0.000000
0.000000
0.000000
0.000000
0.000000
0.000000
0.000000
0.000000
0.000000
0.000000
0.000000
0.000000
0.000000
0.000000
0.000000
0.000000
0.000000
0.000000
0.000000
0.000000
0.000000
0.000000
0.000000
0.000000
0.000000
0.000000
0.000000
0.000000
0.000000
0.000000
0.000000
0.000000
0.000000
0.000000
0.000000
0.000000
0.000000
0.000000
0.000000
0.000000
0.000000
0.000000
0.000000
0.000000
0.008032
0.000000
0.116466
0.417671
0.425703
0.441767
0.433735
0.421687
0.333333
0.084337
0.000000
0.004016
0.000000
0.000000
0.000000
0.000000
0.000000
0.000000
0.000000
0.000000
0.000000
0.000000
0.000000
0.000000
0.000000
0.000000
0.000000
0.000000
0.012048
0.000000
0.220884
0.787149
0.807229
0.819277
0.815261
0.815261
0.670683
0.180723
0.000000
0.008032
0.000000
0.000000
0.000000
0.000000
0.000000
0.000000
0.000000
0.000000
0.000000
0.000000
0.000000
0.000000
0.000000
0.000000
0.000000
0.000000
0.016064
0.000000
0.265060
0.955823
0.995984
0.987952
0.987952
0.979920
0.827309
0.228916
0.000000
0.012048
0.000000
0.000000
0.000000
0.000000
0.000000
0.000000
0.000000
0.000000
0.000000
0.000000
0.000000
0.000000
0.000000
0.000000
0.000000
0.000000
0.012048
0.000000
0.253012
0.939759
0.971888
0.943775
0.983936
1.000000
0.835341
0.224900
0.000000
0.012048
0.000000
0.000000
0.000000
0.000000
0.000000
0.000000
0.000000
0.000000
0.000000
0.000000
0.000000
0.000000
0.000000
0.000000
0.000000
0.000000
0.012048
0.000000
0.240964
0.867470
0.847390
0.803213
0.855422
0.927711
0.787149
0.216867
0.000000
0.012048
0.000000
0.000000
0.000000
0.000000
0.000000
0.000000
0.000000
0.000000
0.000000
0.000000
0.000000
0.000000
0.000000
0.000000
0.000000
0.000000
0.012048
0.000000
0.257028
0.851406
0.779116
0.734940
0.755020
0.851406
0.771084
0.220884
0.000000
0.012048
0.000000
0.000000
0.000000
0.000000
0.000000
0.000000
0.000000
0.000000
0.000000
0.000000
0.000000
0.000000
0.000000
0.000000
0.000000
0.000000
0.016064
0.000000
0.273092
0.867470
0.734940
0.658634
0.682731
0.787149
0.755020
0.224900
0.000000
0.012048
0.000000
0.000000
0.000000
0.000000
0.000000
0.000000
0.000000
0.000000
0.000000
0.000000
0.000000
0.000000
0.000000
0.000000
0.000000
0.000000
0.016064
0.000000
0.273092
0.863454
0.706827
0.626506
0.658634
0.771084
0.759036
0.228916
0.000000
0.012048
0.000000
0.000000
0.000000
0.000000
0.000000
0.000000
0.000000
0.000000
0.000000
0.000000
0.000000
0.000000
0.000000
0.000000
0.000000
0.000000
0.012048
0.000000
0.253012
0.819277
0.690763
0.610442
0.646586
0.771084
0.763052
0.232932
0.000000
0.012048
0.000000
0.000000
0.000000
0.000000
0.000000
0.000000
0.000000
0.000000
0.000000
0.000000
0.000000
0.000000
0.000000
0.000000
0.000000
0.000000
0.012048
0.000000
0.240964
0.799197
0.686747
0.602410
0.638554
0.787149
0.771084
0.228916
0.000000
0.012048
0.000000
0.000000
0.000000
0.000000
0.000000
0.000000
0.000000
0.000000
0.000000
0.000000
0.000000
0.000000
0.000000
0.000000
0.000000
0.000000
0.012048
0.000000
0.244980
0.811245
0.706827
0.626506
0.674699
0.823293
0.791165
0.228916
0.000000
0.012048
0.000000
0.000000
0.000000
0.000000
0.000000
0.000000
0.000000
0.000000
0.000000
0.000000
0.000000
0.000000
0.000000
0.000000
0.000000
0.000000
0.012048
0.000000
0.248996
0.819277
0.710843
0.638554
0.686747
0.819277
0.779116
0.224900
0.000000
0.012048
0.000000
0.000000
0.000000
0.000000
0.000000
0.000000
0.000000
0.000000
0.000000
0.000000
0.000000
0.000000
0.000000
0.000000
0.000000
0.000000
0.012048
0.000000
0.257028
0.847390
0.738956
0.662651
0.706827
0.839357
0.767068
0.212851
0.000000
0.012048
0.000000
0.000000
0.000000
0.000000
0.000000
0.000000
0.000000
0.000000
0.000000
0.000000
0.000000
0.000000
0.000000
0.000000
0.000000
0.000000
0.012048
0.000000
0.261044
0.855422
0.738956
0.666667
0.718876
0.859438
0.775100
0.212851
0.000000
0.012048
0.000000
0.000000
0.000000
0.000000
0.000000
0.000000
0.000000
0.000000
0.000000
0.000000
0.000000
0.000000
0.000000
0.000000
0.000000
0.000000
0.012048
0.000000
0.253012
0.823293
0.726908
0.654619
0.686747
0.839357
0.763052
0.212851
0.000000
0.012048
0.000000
0.000000
0.000000
0.000000
0.000000
0.000000
0.000000
0.000000
0.000000
0.000000
0.000000
0.000000
0.000000
0.000000
0.000000
0.000000
0.012048
0.000000
0.224900
0.767068
0.686747
0.634538
0.678715
0.803213
0.734940
0.204819
0.000000
0.012048
0.000000
0.000000
0.000000
0.000000
0.000000
0.000000
0.000000
0.000000
0.000000
0.000000
0.000000
0.000000
0.000000
0.000000
0.000000
0.000000
0.012048
0.000000
0.236948
0.787149
0.694779
0.666667
0.718876
0.803213
0.730924
0.208835
0.000000
0.012048
0.000000
0.000000
0.000000
0.000000
0.000000
0.000000
0.000000
0.000000
0.000000
0.000000
0.000000
0.000000
0.000000
0.000000
0.000000
0.000000
0.012048
0.000000
0.253012
0.807229
0.698795
0.670683
0.734940
0.795181
0.746988
0.220884
0.000000
0.012048
0.000000
0.000000
0.000000
0.000000
0.000000
0.000000
0.000000
0.000000
0.000000
0.000000
0.000000
0.000000
0.000000
0.000000
0.000000
0.000000
0.012048
0.000000
0.261044
0.819277
0.726908
0.710843
0.759036
0.799197
0.751004
0.224900
0.000000
0.012048
0.000000
0.000000
0.000000
0.000000
0.000000
0.000000
0.000000
0.000000
0.000000
0.000000
0.000000
0.000000
0.000000
0.000000
0.000000
0.000000
0.012048
0.000000
0.236948
0.803213
0.759036
0.742972
0.783133
0.835341
0.755020
0.216867
0.000000
0.012048
0.000000
0.000000
0.000000
0.000000
0.000000
0.000000
0.000000
0.000000
0.000000
0.000000
0.000000
0.000000
0.000000
0.000000
0.000000
0.000000
0.012048
0.000000
0.224900
0.811245
0.811245
0.779116
0.831325
0.899598
0.791165
0.220884
0.000000
0.012048
0.000000
0.000000
0.000000
0.000000
0.000000
0.000000
0.000000
0.000000
0.000000
0.000000
0.000000
0.000000
0.000000
0.000000
0.000000
0.000000
0.016064
0.000000
0.273092
0.955823
0.963855
0.959839
0.987952
1.000000
0.871486
0.244980
0.000000
0.012048
0.000000
0.000000
0.000000
0.000000
0.000000
0.000000
0.000000
0.000000
0.000000
0.000000
0.000000
0.000000
0.000000
0.000000
0.000000
0.000000
0.016064
0.000000
0.297189
0.975904
0.951807
0.959839
0.971888
0.935743
0.831325
0.244980
0.000000
0.012048
0.000000
0.000000
0.000000
0.000000
0.000000
0.000000
0.000000
0.000000
0.000000
0.000000
0.000000
0.000000
0.000000
0.000000
0.000000
0.000000
0.008032
0.000000
0.168675
0.526104
0.510040
0.489960
0.489960
0.493976
0.461847
0.140562
0.000000
0.008032
0.000000
0.000000
0.000000
0.000000
0.000000
0.000000
0.000000
0.000000
0.000000
0.000000
0.000000
0.000000
0.000000
0.000000
0.000000
0.000000
0.000000
0.000000
0.000000
0.000000
0.000000
0.000000
0.000000
0.000000
0.000000
0.000000
0.000000
0.000000
0.000000
0.000000
0.000000
0.000000
0.000000
0.000000
0.000000
0.000000
0.000000
0.000000
0.000000
0.000000
0.000000
0.000000
0.000000
0.000000
0.000000
0.000000
0.004016
0.012048
0.012048
0.012048
0.012048
0.012048
0.012048
0.004016
0.000000
0.000000
0.000000
0.000000
0.000000
0.000000
0.000000
0.000000
0.000000
0.000000
