0.000000
0.000000
0.000000
0.000000
0.000000
0.000000
0.000000
0.000000
0.000000
0.000000
0.000000
0.000000
0.000000
0.000000
0.000000
0.000000
0.000000
0.000000
0.000000
0.000000
0.000000
0.000000
0.000000
0.000000
0.000000
0.000000
0.000000
0.000000
0.000000
0.000000
0.000000
0.000000
0.000000
0.011765
0.015686
0.019608
0.023529
0.027451
0.023529
0.023529
0.023529
0.023529
0.023529
0.023529
0.023529
0.023529
0.023529
0.023529
0.023529
0.019608
0.011765
0.000000
0.000000
0.000000
0.000000
0.000000
0.000000
0.000000
0.000000
0.000000
0.000000
0.000000
0.000000
0.000000
0.000000
0.000000
0.000000
0.000000
0.000000
0.000000
0.000000
0.000000
0.000000
0.000000
0.000000
0.000000
0.000000
0.000000
0.000000
0.000000
0.000000
0.000000
0.000000
0.000000
0.000000
0.000000
0.003922
0.000000
0.011765
0.098039
0.168627
0.235294
0.294118
0.305882
0.278431
0.266667
0.274510
0.282353
0.282353
0.282353
0.278431
0.282353
0.286274
0.270588
0.262745
0.219608
0.101961
0.007843
0.000000
0.003922
0.000000
0.000000
0.000000
0.000000
0.015686
0.000000
0.058824
0.450980
0.682353
0.839216
0.964706
0.992157
0.937255
0.917647
0.925490
0.945098
0.952941
0.945098
0.933333
0.941176
0.956863
0.925490
0.909804
0.800000
0.450980
0.050980
0.000000
0.011765
0.000000
0.000000
0.000000
0.000000
0.019608
0.000000
0.098039
0.709804
0.945098
0.980392
0.972549
0.968627
0.968627
1.000000
0.968627
0.976471
0.996078
0.988235
0.968627
0.964706
0.984314
0.992157
0.992157
0.960784
0.737255
0.101961
0.000000
0.019608
0.000000
0.000000
0.000000
0.000000
0.023529
0.000000
0.109804
0.788235
1.000000
1.000000
0.945098
0.901961
0.909804
0.937255
0.925490
0.937255
0.949020
0.945098
0.929412
0.913725
0.921569
0.941176
0.945098
0.988235
0.925490
0.141176
0.000000
0.027451
0.000000
0.000000
0.000000
0.000000
0.019608
0.000000
0.105882
0.760784
1.000000
1.000000
0.980392
0.956863
0.937255
0.937255
0.964706
0.976471
0.976471
0.976471
0.972549
0.945098
0.933333
0.937255
0.945098
0.996078
0.952941
0.145098
0.000000
0.027451
0.000000
0.000000
0.000000
0.000000
0.019608
0.000000
0.098039
0.717647
0.972549
0.980392
0.964706
0.988235
0.988235
0.992157
1.000000
1.000000
1.000000
1.000000
1.000000
0.996078
0.964706
0.949020
0.956863
0.996078
0.913725
0.137255
0.000000
0.023529
0.000000
0.000000
0.000000
0.000000
0.019608
0.000000
0.094118
0.694118
0.941176
0.968627
0.933333
0.949020
0.992157
0.992157
0.996078
0.980392
0.980392
0.992157
0.996078
1.000000
0.972549
0.937255
0.945098
0.992157
0.890196
0.133333
0.000000
0.023529
0.000000
0.000000
0.000000
0.000000
0.019608
0.000000
0.094118
0.686275
0.917647
1.000000
0.968627
0.937255
0.988235
0.972549
0.992157
0.988235
0.984314
0.996078
0.988235
0.992157
0.984314
0.929412
0.937255
1.000000
0.901961
0.133333
0.000000
0.023529
0.000000
0.000000
0.000000
0.000000
0.019608
0.000000
0.094118
0.682353
0.917647
1.000000
0.960784
0.941176
1.000000
0.992157
0.992157
0.984314
0.984314
0.996078
0.988235
0.992157
0.984314
0.933333
0.933333
1.000000
0.925490
0.137255
0.000000
0.027451
0.000000
0.000000
0.000000
0.000000
0.019608
0.000000
0.094118
0.694118
0.929412
1.000000
0.960784
0.941176
1.000000
0.996078
0.996078
0.984314
0.984314
0.996078
0.988235
0.992157
0.984314
0.933333
0.933333
1.000000
0.941176
0.141176
0.000000
0.027451
0.000000
0.000000
0.000000
0.000000
0.019608
0.000000
0.098039
0.713725
0.949020
1.000000
0.960784
0.941176
1.000000
0.996078
0.992157
0.984314
0.984314
0.996078
0.988235
0.992157
0.984314
0.933333
0.933333
1.000000
0.937255
0.141176
0.000000
0.027451
0.000000
0.000000
0.000000
0.000000
0.019608
0.000000
0.098039
0.725490
0.952941
1.000000
0.952941
0.933333
1.000000
0.996078
0.992157
0.984314
0.984314
0.996078
0.988235
0.992157
0.984314
0.933333
0.933333
1.000000
0.913725
0.133333
0.000000
0.027451
0.000000
0.000000
0.000000
0.000000
0.019608
0.000000
0.098039
0.705882
0.941176
1.000000
0.952941
0.929412
0.996078
0.996078
0.996078
0.984314
0.984314
0.996078
0.988235
0.992157
0.984314
0.929412
0.937255
1.000000
0.898039
0.133333
0.000000
0.023529
0.000000
0.000000
0.000000
0.000000
0.019608
0.000000
0.094118
0.682353
0.921569
1.000000
0.956863
0.933333
0.992157
0.992157
0.996078
0.984314
0.984314
0.996078
0.988235
0.992157
0.984314
0.929412
0.937255
1.000000
0.901961
0.133333
0.000000
0.023529
0.000000
0.000000
0.000000
0.000000
0.019608
0.000000
0.090196
0.670588
0.917647
1.000000
0.960784
0.941176
0.996078
0.984314
0.996078
0.984314
0.984314
0.996078
0.988235
0.992157
0.984314
0.929412
0.933333
1.000000
0.913725
0.137255
0.000000
0.023529
0.000000
0.000000
0.000000
0.000000
0.019608
0.000000
0.094118
0.682353
0.925490
1.000000
0.972549
0.949020
0.992157
0.976471
0.992157
0.984314
0.984314
1.000000
0.996078
0.996078
0.988235
0.933333
0.937255
1.000000
0.917647
0.137255
0.000000
0.027451
0.000000
0.000000
0.000000
0.000000
0.019608
0.000000
0.090196
0.682353
0.945098
0.988235
0.949020
0.952941
0.984314
0.960784
0.992157
1.000000
0.980392
0.960784
0.956863
0.980392
0.964706
0.909804
0.917647
1.000000
0.925490
0.137255
0.000000
0.027451
0.000000
0.000000
0.000000
0.000000
0.019608
0.000000
0.101961
0.741176
0.984314
0.972549
0.898039
0.898039
0.941176
0.929412
0.941176
0.968627
0.956863
0.925490
0.921569
0.949020
0.925490
0.890196
0.913725
1.000000
0.945098
0.141176
0.000000
0.027451
0.000000
0.000000
0.000000
0.000000
0.023529
0.000000
0.109804
0.780392
0.996078
0.996078
0.909804
0.878431
0.925490
0.933333
0.913725
0.933333
0.960784
0.968627
0.964706
0.956863
0.941176
0.933333
0.964706
1.000000
0.901961
0.133333
0.000000
0.027451
0.000000
0.000000
0.000000
0.000000
0.015686
0.000000
0.074510
0.584314
0.882353
0.984314
0.980392
0.984314
0.996078
0.984314
0.984314
0.988235
0.996078
1.000000
1.000000
0.988235
0.988235
0.988235
0.996078
0.956863
0.709804
0.098039
0.000000
0.019608
0.000000
0.000000
0.000000
0.000000
0.007843
0.000000
0.039216
0.349020
0.639216
0.835294
0.921569
0.952941
0.945098
0.913725
0.956863
0.929412
0.886275
0.894118
0.898039
0.890196
0.917647
0.925490
0.882353
0.733333
0.411765
0.047059
0.000000
0.011765
0.000000
0.000000
0.000000
0.000000
0.003922
0.000000
0.007843
0.078431
0.160784
0.231373
0.270588
0.282353
0.278431
0.266667
0.286274
0.274510
0.250980
0.254902
0.258824
0.254902
0.266667
0.270588
0.250980
0.192157
0.086275
0.007843
0.000000
0.000000
0.000000
0.000000
0.000000
0.000000
0.000000
0.000000
0.000000
0.000000
0.000000
0.000000
0.000000
0.000000
0.000000
0.000000
0.000000
0.000000
0.000000
0.000000
0.000000
0.000000
0.000000
0.000000
0.000000
0.000000
0.000000
0.000000
0.000000
0.000000
0.000000
0.000000
0.000000
0.000000
0.000000
0.000000
0.000000
0.007843
0.015686
0.019608
0.023529
0.023529
0.023529
0.023529
0.023529
0.023529
0.023529
0.023529
0.023529
0.023529
0.023529
0.023529
0.023529
0.019608
0.007843
0.000000
0.000000
0.000000
0.000000
0.000000
0.000000
0.000000
0.000000
0.000000
0.000000
0.000000
0.000000
0.000000
0.000000
0.000000
0.000000
0.000000
0.000000
0.000000
0.000000
0.000000
0.000000
0.000000
0.000000
0.000000
0.000000
0.000000
0.000000
0.000000
0.000000
0.000000
0.000000
0.000000
