0.000000
0.000000
0.000000
0.000000
0.000000
0.000000
0.000000
0.000000
0.000000
0.000000
0.000000
0.000000
0.000000
0.000000
0.000000
0.000000
0.000000
0.000000
0.000000
0.000000
0.000000
0.000000
0.000000
0.000000
0.000000
0.000000
0.000000
0.000000
0.000000
0.000000
0.000000
0.000000
0.000000
0.003922
0.011765
0.019608
0.023529
0.023529
0.023529
0.023529
0.019608
0.023529
0.023529
0.023529
0.023529
0.023529
0.023529
0.023529
0.023529
0.019608
0.011765
0.000000
0.000000
0.000000
0.000000
0.000000
0.000000
0.000000
0.000000
0.000000
0.000000
0.000000
0.000000
0.000000
0.000000
0.000000
0.000000
0.000000
0.000000
0.000000
0.000000
0.000000
0.000000
0.000000
0.000000
0.000000
0.000000
0.000000
0.000000
0.000000
0.000000
0.000000
0.000000
0.000000
0.000000
0.000000
0.000000
0.000000
0.003922
0.039216
0.117647
0.200000
0.254902
0.270588
0.262745
0.250980
0.239216
0.243137
0.266667
0.286274
0.298039
0.298039
0.286274
0.262745
0.250980
0.219608
0.129412
0.015686
0.000000
0.003922
0.000000
0.000000
0.000000
0.000000
0.007843
0.000000
0.027451
0.266667
0.529412
0.756863
0.878431
0.898039
0.886275
0.882353
0.843137
0.858824
0.917647
0.960784
0.976471
0.976471
0.956863
0.905882
0.870588
0.807843
0.556863
0.074510
0.000000
0.015686
0.000000
0.000000
0.000000
0.000000
0.015686
0.000000
0.070588
0.556863
0.835294
0.956863
0.956863
0.917647
0.941176
0.992157
0.968627
0.968627
0.992157
0.992157
0.984314
0.980392
0.984314
0.984314
0.980392
0.984314
0.831373
0.121569
0.000000
0.023529
0.000000
0.000000
0.000000
0.000000
0.019608
0.000000
0.090196
0.670588
0.909804
0.968627
0.917647
0.894118
0.949020
0.976471
0.960784
0.949020
0.952941
0.952941
0.952941
0.956863
0.960784
0.972549
0.976471
1.000000
0.933333
0.141176
0.000000
0.027451
0.000000
0.000000
0.000000
0.000000
0.019608
0.000000
0.090196
0.662745
0.898039
0.960784
0.913725
0.898039
0.949020
0.964706
0.952941
0.949020
0.949020
0.945098
0.945098
0.956863
0.960784
0.968627
0.968627
0.996078
0.937255
0.141176
0.000000
0.027451
0.000000
0.000000
0.000000
0.000000
0.019608
0.000000
0.086275
0.635294
0.886275
0.968627
0.941176
0.921569
0.964706
0.972549
0.976471
0.972549
0.968627
0.968627
0.968627
0.972549
0.976471
0.980392
0.980392
1.000000
0.933333
0.141176
0.000000
0.027451
0.000000
0.000000
0.000000
0.000000
0.019608
0.000000
0.086275
0.639216
0.894118
0.976471
0.949020
0.933333
0.972549
0.980392
0.988235
0.988235
0.980392
0.980392
0.980392
0.980392
0.984314
0.984314
0.988235
1.000000
0.937255
0.141176
0.000000
0.027451
0.000000
0.000000
0.000000
0.000000
0.019608
0.000000
0.090196
0.662745
0.913725
0.984314
0.949020
0.929412
0.976471
0.992157
0.996078
0.992157
0.992157
0.988235
0.984314
0.984314
0.988235
0.988235
0.988235
1.000000
0.941176
0.141176
0.000000
0.027451
0.000000
0.000000
0.000000
0.000000
0.019608
0.000000
0.094118
0.698039
0.937255
0.992157
0.941176
0.917647
0.976471
0.992157
0.996078
0.996078
0.992157
0.988235
0.984314
0.980392
0.984314
0.984314
0.984314
1.000000
0.941176
0.141176
0.000000
0.027451
0.000000
0.000000
0.000000
0.000000
0.019608
0.000000
0.098039
0.713725
0.952941
0.996078
0.929412
0.909804
0.972549
0.992157
0.992157
0.992157
0.988235
0.984314
0.980392
0.980392
0.984314
0.984314
0.984314
1.000000
0.941176
0.141176
0.000000
0.027451
0.000000
0.000000
0.000000
0.000000
0.019608
0.000000
0.098039
0.709804
0.949020
0.996078
0.933333
0.909804
0.968627
0.992157
0.992157
0.988235
0.988235
0.984314
0.980392
0.980392
0.984314
0.988235
0.984314
1.000000
0.941176
0.141176
0.000000
0.027451
0.000000
0.000000
0.000000
0.000000
0.019608
0.000000
0.090196
0.686275
0.941176
0.996078
0.941176
0.917647
0.968627
0.988235
0.992157
0.992157
0.992157
0.988235
0.984314
0.980392
0.984314
0.988235
0.992157
1.000000
0.933333
0.141176
0.000000
0.027451
0.000000
0.000000
0.000000
0.000000
0.019608
0.000000
0.098039
0.690196
0.921569
0.988235
0.952941
0.925490
0.972549
0.984314
0.984314
0.980392
0.984314
0.976471
0.976471
0.980392
0.984314
0.992157
0.992157
1.000000
0.933333
0.141176
0.000000
0.027451
0.000000
0.000000
0.000000
0.000000
0.019608
0.000000
0.109804
0.752941
0.905882
0.972549
0.964706
0.933333
0.980392
0.992157
0.972549
0.960784
0.960784
0.956863
0.960784
0.976471
0.992157
0.996078
0.984314
1.000000
0.941176
0.141176
0.000000
0.027451
0.000000
0.000000
0.000000
0.000000
0.023529
0.000000
0.113725
0.796078
0.949020
0.980392
0.941176
0.917647
0.964706
0.972549
0.980392
0.976471
0.968627
0.964706
0.968627
0.984314
0.992157
0.992157
0.988235
1.000000
0.941176
0.141176
0.000000
0.027451
0.000000
0.000000
0.000000
0.000000
0.023529
0.000000
0.109804
0.788235
0.960784
0.968627
0.905882
0.905882
0.972549
0.972549
0.992157
0.984314
0.964706
0.968627
0.972549
0.976471
0.972549
0.972549
0.984314
1.000000
0.933333
0.137255
0.000000
0.027451
0.000000
0.000000
0.000000
0.000000
0.019608
0.000000
0.109804
0.776471
0.976471
0.956863
0.882353
0.901961
0.992157
0.980392
0.988235
0.972549
0.952941
0.960784
0.968627
0.964706
0.949020
0.949020
0.980392
1.000000
0.905882
0.133333
0.000000
0.023529
0.000000
0.000000
0.000000
0.000000
0.019608
0.000000
0.101961
0.749020
0.972549
0.945098
0.862745
0.878431
0.952941
0.925490
0.945098
0.933333
0.913725
0.921569
0.933333
0.929412
0.909804
0.909804
0.941176
0.992157
0.941176
0.145098
0.000000
0.023529
0.000000
0.000000
0.000000
0.000000
0.019608
0.000000
0.094118
0.694118
0.949020
0.964706
0.901961
0.909804
0.941176
0.901961
0.937255
0.941176
0.925490
0.933333
0.941176
0.937255
0.921569
0.925490
0.945098
1.000000
1.000000
0.152941
0.000000
0.027451
0.000000
0.000000
0.000000
0.000000
0.015686
0.000000
0.082353
0.615686
0.894118
0.984314
0.980392
0.984314
0.992157
0.968627
0.988235
1.000000
0.996078
0.996078
0.992157
0.984314
0.980392
0.976471
0.988235
1.000000
0.858824
0.125490
0.000000
0.023529
0.000000
0.000000
0.000000
0.000000
0.007843
0.000000
0.039216
0.309804
0.545098
0.690196
0.737255
0.745098
0.752941
0.737255
0.733333
0.745098
0.760784
0.752941
0.729412
0.721569
0.729412
0.717647
0.698039
0.658823
0.486274
0.066667
0.000000
0.015686
0.000000
0.000000
0.000000
0.000000
0.003922
0.000000
0.003922
0.050980
0.113725
0.164706
0.184314
0.184314
0.188235
0.184314
0.180392
0.184314
0.192157
0.188235
0.176471
0.176471
0.180392
0.176471
0.164706
0.145098
0.094118
0.011765
0.000000
0.003922
0.000000
0.000000
0.000000
0.000000
0.000000
0.000000
0.000000
0.000000
0.000000
0.000000
0.000000
0.000000
0.000000
0.000000
0.000000
0.000000
0.000000
0.000000
0.000000
0.000000
0.000000
0.000000
0.000000
0.000000
0.000000
0.000000
0.000000
0.000000
0.000000
0.000000
0.000000
0.000000
0.000000
0.000000
0.000000
0.007843
0.011765
0.015686
0.019608
0.019608
0.019608
0.019608
0.019608
0.019608
0.019608
0.019608
0.015686
0.015686
0.015686
0.015686
0.015686
0.015686
0.011765
0.000000
0.000000
0.000000
0.000000
0.000000
0.000000
0.000000
0.000000
0.000000
0.000000
0.000000
0.000000
0.000000
0.000000
0.000000
0.000000
0.000000
0.000000
0.000000
0.000000
0.000000
0.000000
0.000000
0.000000
0.000000
0.000000
0.000000
0.000000
0.000000
0.000000
0.000000
0.000000
0.000000
