0.000000
0.000000
0.000000
0.000000
0.000000
0.000000
0.000000
0.000000
0.000000
0.000000
0.000000
0.000000
0.000000
0.000000
0.000000
0.000000
0.000000
0.000000
0.000000
0.000000
0.000000
0.000000
0.000000
0.000000
0.000000
0.000000
0.000000
0.000000
0.000000
0.000000
0.000000
0.000000
0.000000
0.011765
0.015686
0.015686
0.019608
0.019608
0.019608
0.019608
0.019608
0.019608
0.019608
0.019608
0.019608
0.019608
0.019608
0.019608
0.019608
0.015686
0.007843
0.000000
0.000000
0.000000
0.000000
0.000000
0.000000
0.000000
0.000000
0.000000
0.000000
0.000000
0.000000
0.000000
0.000000
0.000000
0.000000
0.000000
0.000000
0.000000
0.000000
0.000000
0.000000
0.000000
0.000000
0.000000
0.000000
0.000000
0.000000
0.000000
0.000000
0.000000
0.000000
0.000000
0.000000
0.000000
0.000000
0.000000
0.007843
0.082353
0.133333
0.172549
0.184314
0.184314
0.192157
0.188235
0.215686
0.231373
0.231373
0.219608
0.211765
0.215686
0.231373
0.223529
0.203922
0.149020
0.050980
0.003922
0.000000
0.000000
0.000000
0.000000
0.000000
0.000000
0.011765
0.000000
0.054902
0.431373
0.611765
0.713725
0.741176
0.745098
0.764706
0.752941
0.800000
0.839216
0.835294
0.807843
0.776471
0.788235
0.827451
0.803922
0.752941
0.607843
0.258824
0.019608
0.000000
0.003922
0.000000
0.000000
0.000000
0.000000
0.019608
0.000000
0.105882
0.760784
0.952941
0.992157
0.992157
0.988235
1.000000
0.988235
0.992157
1.000000
0.992157
0.972549
0.952941
0.952941
0.964706
0.941176
0.937255
0.854902
0.501961
0.058824
0.000000
0.015686
0.000000
0.000000
0.000000
0.000000
0.023529
0.000000
0.125490
0.854902
1.000000
0.988235
0.949020
0.933333
0.945098
0.921569
0.988235
1.000000
0.984314
0.976471
0.976471
0.968627
0.960784
0.949020
0.964706
0.964706
0.760784
0.105882
0.000000
0.023529
0.000000
0.000000
0.000000
0.000000
0.023529
0.000000
0.133333
0.890196
0.996078
0.972549
0.937255
0.941176
0.968627
0.945098
0.980392
0.984314
0.964706
0.968627
0.972549
0.964706
0.949020
0.949020
0.972549
0.996078
0.882353
0.129412
0.000000
0.023529
0.000000
0.000000
0.000000
0.000000
0.023529
0.000000
0.129412
0.878431
1.000000
0.988235
0.968627
0.984314
1.000000
1.000000
0.996078
0.988235
0.984314
0.988235
0.992157
0.980392
0.956863
0.964706
0.988235
1.000000
0.890196
0.133333
0.000000
0.023529
0.000000
0.000000
0.000000
0.000000
0.023529
0.000000
0.125490
0.858824
1.000000
0.992157
0.976471
0.980392
0.996078
0.992157
0.996078
0.996078
0.996078
0.996078
0.992157
0.980392
0.956863
0.964706
0.980392
1.000000
0.890196
0.133333
0.000000
0.023529
0.000000
0.000000
0.000000
0.000000
0.023529
0.000000
0.129412
0.874510
1.000000
1.000000
0.976471
0.968627
0.996078
0.972549
0.988235
0.992157
0.992157
0.992157
0.984314
0.968627
0.952941
0.949020
0.968627
1.000000
0.898039
0.133333
0.000000
0.023529
0.000000
0.000000
0.000000
0.000000
0.023529
0.000000
0.125490
0.858824
1.000000
1.000000
0.972549
0.960784
0.988235
0.976471
0.984314
0.996078
0.996078
0.996078
0.992157
0.980392
0.968627
0.968627
0.984314
1.000000
0.878431
0.129412
0.000000
0.023529
0.000000
0.000000
0.000000
0.000000
0.023529
0.000000
0.129412
0.874510
1.000000
0.980392
0.964706
0.964706
0.984314
0.992157
0.992157
0.992157
0.992157
0.992157
0.992157
0.980392
0.964706
0.968627
0.984314
1.000000
0.894118
0.133333
0.000000
0.023529
0.000000
0.000000
0.000000
0.000000
0.023529
0.000000
0.133333
0.894118
1.000000
0.980392
0.972549
0.972549
0.988235
1.000000
0.996078
0.992157
0.992157
0.992157
0.992157
0.980392
0.964706
0.968627
0.984314
1.000000
0.898039
0.133333
0.000000
0.023529
0.000000
0.000000
0.000000
0.000000
0.023529
0.000000
0.137255
0.905882
1.000000
0.992157
0.980392
0.976471
0.992157
0.996078
0.996078
0.992157
0.992157
0.992157
0.992157
0.980392
0.968627
0.968627
0.984314
1.000000
0.882353
0.133333
0.000000
0.023529
0.000000
0.000000
0.000000
0.000000
0.023529
0.000000
0.137255
0.909804
1.000000
0.988235
0.976471
0.976471
0.980392
0.988235
0.996078
0.992157
0.988235
0.992157
0.992157
0.984314
0.968627
0.964706
0.984314
1.000000
0.870588
0.129412
0.000000
0.023529
0.000000
0.000000
0.000000
0.000000
0.023529
0.000000
0.133333
0.898039
1.000000
0.980392
0.968627
0.968627
0.976471
0.984314
0.992157
0.988235
0.988235
0.996078
0.996078
0.984314
0.964706
0.960784
0.980392
1.000000
0.870588
0.129412
0.000000
0.023529
0.000000
0.000000
0.000000
0.000000
0.023529
0.000000
0.133333
0.890196
1.000000
0.976471
0.964706
0.964706
0.976471
0.988235
0.992157
0.988235
0.988235
0.996078
0.996078
0.984314
0.964706
0.956863
0.972549
1.000000
0.894118
0.133333
0.000000
0.023529
0.000000
0.000000
0.000000
0.000000
0.023529
0.000000
0.133333
0.894118
1.000000
0.980392
0.968627
0.972549
0.984314
0.996078
0.992157
0.988235
0.988235
0.992157
0.996078
0.984314
0.964706
0.956863
0.964706
1.000000
0.921569
0.141176
0.000000
0.027451
0.000000
0.000000
0.000000
0.000000
0.023529
0.000000
0.133333
0.901961
1.000000
0.984314
0.972549
0.976471
0.984314
0.996078
0.988235
0.988235
0.988235
0.988235
0.992157
0.984314
0.960784
0.952941
0.964706
0.996078
0.917647
0.141176
0.000000
0.027451
0.000000
0.000000
0.000000
0.000000
0.023529
0.000000
0.133333
0.913725
0.996078
0.980392
0.972549
0.976471
0.980392
0.988235
0.996078
0.992157
0.992157
1.000000
1.000000
0.988235
0.964706
0.952941
0.964706
1.000000
0.909804
0.137255
0.000000
0.023529
0.000000
0.000000
0.000000
0.000000
0.023529
0.000000
0.133333
0.898039
1.000000
0.980392
0.956863
0.945098
0.956863
0.968627
0.972549
0.976471
0.984314
0.984314
0.988235
0.972549
0.949020
0.945098
0.964706
0.984314
0.847059
0.125490
0.000000
0.023529
0.000000
0.000000
0.000000
0.000000
0.023529
0.000000
0.113725
0.800000
1.000000
0.996078
0.933333
0.878431
0.913725
0.956863
0.898039
0.933333
0.952941
0.909804
0.929412
0.933333
0.905882
0.937255
0.972549
0.898039
0.662745
0.090196
0.000000
0.019608
0.000000
0.000000
0.000000
0.000000
0.019608
0.000000
0.086275
0.647059
0.941176
1.000000
1.000000
1.000000
1.000000
1.000000
1.000000
1.000000
1.000000
1.000000
1.000000
1.000000
1.000000
1.000000
1.000000
0.945098
0.521569
0.054902
0.000000
0.015686
0.000000
0.000000
0.000000
0.000000
0.003922
0.000000
0.023529
0.176471
0.278431
0.329412
0.349020
0.356863
0.356863
0.349020
0.356863
0.356863
0.349020
0.345098
0.349020
0.349020
0.349020
0.349020
0.352941
0.301961
0.145098
0.011765
0.000000
0.003922
0.000000
0.000000
0.000000
0.000000
0.000000
0.000000
0.000000
0.000000
0.000000
0.000000
0.000000
0.000000
0.000000
0.000000
0.000000
0.000000
0.000000
0.000000
0.000000
0.000000
0.000000
0.000000
0.000000
0.000000
0.000000
0.000000
0.000000
0.000000
0.000000
0.000000
0.000000
0.000000
0.000000
0.000000
0.003922
0.015686
0.023529
0.027451
0.027451
0.027451
0.027451
0.027451
0.027451
0.027451
0.027451
0.027451
0.027451
0.027451
0.027451
0.027451
0.027451
0.023529
0.011765
0.000000
0.000000
0.000000
0.000000
0.000000
0.000000
0.000000
0.000000
0.000000
0.000000
0.000000
0.000000
0.000000
0.000000
0.000000
0.000000
0.000000
0.000000
0.000000
0.000000
0.000000
0.000000
0.000000
0.000000
0.000000
0.000000
0.000000
0.000000
0.000000
0.000000
0.000000
0.000000
0.000000
