0.000000
0.000000
0.000000
0.000000
0.000000
0.000000
0.000000
0.000000
0.000000
0.000000
0.000000
0.000000
0.000000
0.000000
0.000000
0.000000
0.000000
0.000000
0.000000
0.000000
0.000000
0.000000
0.000000
0.000000
0.000000
0.000000
0.000000
0.000000
0.000000
0.000000
0.000000
0.000000
0.000000
0.004132
0.004132
0.004132
0.008264
0.008264
0.004132
0.004132
0.004132
0.004132
0.008264
0.008264
0.012397
0.012397
0.016529
0.016529
0.016529
0.020661
0.012397
0.000000
0.000000
0.000000
0.000000
0.000000
0.000000
0.000000
0.000000
0.000000
0.000000
0.000000
0.000000
0.000000
0.000000
0.000000
0.000000
0.000000
0.000000
0.000000
0.000000
0.000000
0.000000
0.000000
0.000000
0.000000
0.000000
0.000000
0.000000
0.000000
0.000000
0.000000
0.000000
0.000000
0.000000
0.000000
0.000000
0.000000
0.000000
0.024793
0.020661
0.020661
0.037190
0.037190
0.033058
0.028926
0.033058
0.033058
0.037190
0.041322
0.061983
0.090909
0.103306
0.111570
0.115702
0.128099
0.095041
0.004132
0.000000
0.004132
0.000000
0.000000
0.000000
0.000000
0.004132
0.000000
0.004132
0.107438
0.123967
0.152893
0.235537
0.235537
0.210744
0.202479
0.202479
0.202479
0.227273
0.256198
0.371901
0.508264
0.574380
0.628099
0.636364
0.685950
0.500000
0.012397
0.000000
0.012397
0.000000
0.000000
0.000000
0.000000
0.004132
0.000000
0.000000
0.103306
0.194215
0.301653
0.400826
0.413223
0.376033
0.355372
0.351240
0.334711
0.351240
0.400826
0.549587
0.710744
0.789256
0.851240
0.855372
0.888430
0.640496
0.016529
0.000000
0.016529
0.000000
0.000000
0.000000
0.000000
0.004132
0.000000
0.000000
0.140496
0.355372
0.545455
0.644628
0.677686
0.644628
0.632231
0.628099
0.590909
0.574380
0.611570
0.710744
0.822314
0.896694
0.954545
0.942149
0.958678
0.681818
0.016529
0.000000
0.016529
0.000000
0.000000
0.000000
0.000000
0.004132
0.000000
0.004132
0.260331
0.475207
0.644628
0.785124
0.834711
0.830579
0.867769
0.880165
0.797521
0.702479
0.694215
0.760331
0.847107
0.917355
0.958678
0.942149
0.950413
0.677686
0.016529
0.000000
0.016529
0.000000
0.000000
0.000000
0.000000
0.008264
0.000000
0.008264
0.421488
0.578512
0.652893
0.809917
0.876033
0.888430
0.917355
0.917355
0.834711
0.727273
0.677686
0.698347
0.768595
0.851240
0.909091
0.900826
0.929752
0.665289
0.016529
0.000000
0.016529
0.000000
0.000000
0.000000
0.000000
0.016529
0.000000
0.016529
0.574380
0.789256
0.789256
0.880165
0.946281
0.938017
0.876033
0.838843
0.838843
0.826446
0.793388
0.694215
0.681818
0.805785
0.884298
0.900826
0.946281
0.681818
0.016529
0.000000
0.016529
0.000000
0.000000
0.000000
0.000000
0.020661
0.000000
0.020661
0.706612
0.884298
0.793388
0.867769
0.909091
0.909091
0.892562
0.880165
0.876033
0.867769
0.847107
0.793388
0.789256
0.863636
0.896694
0.892562
0.921488
0.652893
0.016529
0.000000
0.016529
0.000000
0.000000
0.000000
0.000000
0.020661
0.000000
0.020661
0.743802
0.929752
0.830579
0.888430
0.892562
0.900826
0.925620
0.917355
0.876033
0.851240
0.871901
0.892562
0.904959
0.913223
0.909091
0.896694
0.913223
0.640496
0.016529
0.000000
0.016529
0.000000
0.000000
0.000000
0.000000
0.020661
0.000000
0.020661
0.706612
0.942149
0.896694
0.942149
0.929752
0.925620
0.933884
0.884298
0.793388
0.764463
0.855372
0.929752
0.921488
0.900826
0.900826
0.921488
0.958678
0.673554
0.016529
0.000000
0.016529
0.000000
0.000000
0.000000
0.000000
0.016529
0.000000
0.016529
0.685950
0.913223
0.884298
0.950413
0.946281
0.933884
0.917355
0.826446
0.685950
0.661157
0.801653
0.929752
0.921488
0.871901
0.884298
0.938017
1.000000
0.694215
0.016529
0.000000
0.020661
0.000000
0.000000
0.000000
0.000000
0.020661
0.000000
0.020661
0.723141
0.896694
0.822314
0.909091
0.909091
0.909091
0.900826
0.809917
0.665289
0.628099
0.743802
0.913223
0.942149
0.851240
0.855372
0.921488
0.966942
0.657025
0.016529
0.000000
0.016529
0.000000
0.000000
0.000000
0.000000
0.016529
0.000000
0.016529
0.710744
0.900826
0.822314
0.884298
0.888430
0.896694
0.913223
0.859504
0.735537
0.669421
0.702479
0.863636
0.929752
0.801653
0.797521
0.855372
0.888430
0.586777
0.016529
0.000000
0.016529
0.000000
0.000000
0.000000
0.000000
0.016529
0.000000
0.016529
0.636364
0.896694
0.871901
0.900826
0.909091
0.925620
0.946281
0.913223
0.830579
0.752066
0.706612
0.797521
0.838843
0.723141
0.735537
0.805785
0.834711
0.549587
0.016529
0.000000
0.016529
0.000000
0.000000
0.000000
0.000000
0.016529
0.000000
0.016529
0.595041
0.855372
0.859504
0.904959
0.950413
0.958678
0.954545
0.933884
0.900826
0.830579
0.752066
0.739669
0.706612
0.640496
0.706612
0.818182
0.863636
0.574380
0.016529
0.000000
0.016529
0.000000
0.000000
0.000000
0.000000
0.016529
0.000000
0.016529
0.628099
0.830579
0.797521
0.888430
0.962810
0.971074
0.933884
0.909091
0.904959
0.871901
0.809917
0.714876
0.623967
0.611570
0.719008
0.859504
0.921488
0.615703
0.016529
0.000000
0.016529
0.000000
0.000000
0.000000
0.000000
0.016529
0.000000
0.016529
0.669421
0.896694
0.842975
0.896694
0.954545
0.979339
0.925620
0.851240
0.818182
0.822314
0.842975
0.739669
0.636364
0.698347
0.780992
0.871901
0.929752
0.640496
0.016529
0.000000
0.016529
0.000000
0.000000
0.000000
0.000000
0.020661
0.000000
0.020661
0.706612
0.938017
0.859504
0.880165
0.925620
0.962810
0.938017
0.867769
0.826446
0.822314
0.842975
0.752066
0.673554
0.747934
0.818182
0.871901
0.925620
0.648760
0.016529
0.000000
0.016529
0.000000
0.000000
0.000000
0.000000
0.020661
0.000000
0.020661
0.710744
0.946281
0.847107
0.842975
0.876033
0.921488
0.933884
0.913223
0.888430
0.847107
0.809917
0.739669
0.723141
0.801653
0.867769
0.884298
0.896694
0.619835
0.016529
0.000000
0.016529
0.000000
0.000000
0.000000
0.000000
0.016529
0.000000
0.016529
0.632231
0.921488
0.863636
0.818182
0.838843
0.884298
0.913223
0.917355
0.896694
0.847107
0.768595
0.714876
0.752066
0.880165
0.942149
0.888430
0.809917
0.528926
0.012397
0.000000
0.016529
0.000000
0.000000
0.000000
0.000000
0.012397
0.000000
0.008264
0.433884
0.735537
0.752066
0.690083
0.702479
0.731405
0.756198
0.764463
0.752066
0.706612
0.636364
0.570248
0.615703
0.780992
0.838843
0.747934
0.599174
0.355372
0.008264
0.000000
0.008264
0.000000
0.000000
0.000000
0.000000
0.004132
0.000000
0.000000
0.074380
0.136364
0.148760
0.132231
0.136364
0.140496
0.144628
0.144628
0.144628
0.136364
0.119835
0.107438
0.115702
0.152893
0.165289
0.144628
0.107438
0.061983
0.000000
0.000000
0.000000
0.000000
0.000000
0.000000
0.000000
0.000000
0.000000
0.000000
0.000000
0.000000
0.000000
0.000000
0.000000
0.000000
0.000000
0.000000
0.000000
0.000000
0.000000
0.000000
0.000000
0.000000
0.000000
0.000000
0.000000
0.000000
0.000000
0.000000
0.000000
0.000000
0.000000
0.000000
0.000000
0.000000
0.000000
0.000000
0.012397
0.020661
0.020661
0.020661
0.020661
0.020661
0.020661
0.020661
0.020661
0.020661
0.016529
0.016529
0.016529
0.020661
0.024793
0.020661
0.016529
0.008264
0.000000
0.000000
0.000000
0.000000
0.000000
0.000000
0.000000
0.000000
0.000000
0.000000
0.000000
0.000000
0.000000
0.000000
0.000000
0.000000
0.000000
0.000000
0.000000
0.000000
0.000000
0.000000
0.000000
0.000000
0.000000
0.000000
0.000000
0.000000
0.000000
0.000000
0.000000
0.000000
0.000000
