0.000000
0.000000
0.000000
0.000000
0.000000
0.000000
0.000000
0.000000
0.000000
0.000000
0.000000
0.000000
0.000000
0.000000
0.000000
0.000000
0.000000
0.000000
0.000000
0.000000
0.000000
0.000000
0.000000
0.000000
0.000000
0.000000
0.000000
0.000000
0.000000
0.000000
0.000000
0.000000
0.000000
0.007843
0.011765
0.015686
0.015686
0.011765
0.015686
0.015686
0.015686
0.015686
0.015686
0.015686
0.015686
0.015686
0.015686
0.015686
0.011765
0.007843
0.003922
0.000000
0.000000
0.000000
0.000000
0.000000
0.000000
0.000000
0.000000
0.000000
0.000000
0.000000
0.000000
0.000000
0.000000
0.000000
0.000000
0.000000
0.000000
0.000000
0.000000
0.000000
0.000000
0.000000
0.000000
0.000000
0.000000
0.000000
0.000000
0.000000
0.000000
0.000000
0.000000
0.000000
0.000000
0.000000
0.000000
0.000000
0.007843
0.070588
0.109804
0.160784
0.149020
0.125490
0.149020
0.164706
0.168627
0.168627
0.160784
0.160784
0.168627
0.172549
0.172549
0.164706
0.117647
0.050980
0.015686
0.000000
0.000000
0.000000
0.000000
0.000000
0.000000
0.000000
0.011765
0.000000
0.058824
0.419608
0.537255
0.650980
0.639216
0.584314
0.643137
0.686275
0.701961
0.694118
0.678431
0.670588
0.682353
0.694118
0.690196
0.670588
0.533333
0.294118
0.125490
0.011765
0.000000
0.003922
0.000000
0.000000
0.000000
0.000000
0.023529
0.000000
0.125490
0.835294
0.898039
0.901961
0.925490
0.929412
0.949020
0.968627
0.972549
0.972549
0.964706
0.949020
0.933333
0.929412
0.921569
0.925490
0.847059
0.615686
0.305882
0.031373
0.000000
0.007843
0.000000
0.000000
0.000000
0.000000
0.027451
0.000000
0.156863
1.000000
1.000000
0.913725
0.933333
0.960784
0.956863
0.956863
0.960784
0.968627
0.964706
0.949020
0.929412
0.913725
0.905882
0.933333
0.980392
0.866667
0.474510
0.050980
0.000000
0.011765
0.000000
0.000000
0.000000
0.000000
0.027451
0.000000
0.156863
0.992157
0.933333
0.815686
0.874510
0.929412
0.909804
0.909804
0.917647
0.929412
0.933333
0.937255
0.921569
0.913725
0.847059
0.819608
0.952941
0.972549
0.564706
0.062745
0.000000
0.015686
0.000000
0.000000
0.000000
0.000000
0.027451
0.000000
0.156863
0.980392
0.917647
0.835294
0.901961
0.945098
0.929412
0.929412
0.937255
0.945098
0.952941
0.952941
0.949020
0.949020
0.925490
0.815686
0.894118
0.988235
0.588235
0.070588
0.000000
0.015686
0.000000
0.000000
0.000000
0.000000
0.027451
0.000000
0.160784
1.000000
0.949020
0.894118
0.952941
0.972549
0.968627
0.960784
0.952941
0.952941
0.960784
0.964706
0.964706
0.952941
0.988235
0.878431
0.901961
0.976471
0.588235
0.070588
0.000000
0.015686
0.000000
0.000000
0.000000
0.000000
0.027451
0.000000
0.164706
1.000000
0.917647
0.870588
0.949020
0.976471
0.972549
0.960784
0.941176
0.933333
0.952941
0.968627
0.964706
0.949020
0.933333
0.878431
0.941176
0.964706
0.584314
0.070588
0.000000
0.015686
0.000000
0.000000
0.000000
0.000000
0.027451
0.000000
0.160784
1.000000
0.917647
0.866667
0.941176
0.964706
0.964706
0.956863
0.945098
0.941176
0.960784
0.976471
0.976471
0.972549
0.933333
0.866667
0.941176
0.968627
0.576471
0.066667
0.000000
0.015686
0.000000
0.000000
0.000000
0.000000
0.027451
0.000000
0.160784
1.000000
0.913725
0.858824
0.941176
0.972549
0.968627
0.956863
0.949020
0.952941
0.968627
0.976471
0.976471
0.980392
0.929412
0.862745
0.945098
0.968627
0.564706
0.066667
0.000000
0.015686
0.000000
0.000000
0.000000
0.000000
0.027451
0.000000
0.164706
1.000000
0.917647
0.854902
0.945098
0.988235
0.972549
0.968627
0.956863
0.960784
0.968627
0.968627
0.968627
0.964706
0.929412
0.866667
0.945098
0.956863
0.549020
0.066667
0.000000
0.015686
0.000000
0.000000
0.000000
0.000000
0.027451
0.000000
0.164706
1.000000
0.917647
0.858824
0.952941
0.992157
0.972549
0.968627
0.960784
0.960784
0.960784
0.960784
0.956863
0.949020
0.937255
0.878431
0.937255
0.941176
0.533333
0.058824
0.000000
0.015686
0.000000
0.000000
0.000000
0.000000
0.027451
0.000000
0.164706
1.000000
0.917647
0.866667
0.952941
0.984314
0.964706
0.956863
0.960784
0.964706
0.960784
0.956863
0.952941
0.949020
0.949020
0.890196
0.933333
0.929412
0.517647
0.058824
0.000000
0.015686
0.000000
0.000000
0.000000
0.000000
0.027451
0.000000
0.164706
1.000000
0.917647
0.870588
0.952941
0.972549
0.952941
0.952941
0.960784
0.972549
0.972549
0.960784
0.956863
0.960784
0.952941
0.890196
0.933333
0.921569
0.513726
0.058824
0.000000
0.015686
0.000000
0.000000
0.000000
0.000000
0.027451
0.000000
0.164706
1.000000
0.913725
0.874510
0.960784
0.976471
0.952941
0.956863
0.968627
0.980392
0.976471
0.960784
0.960784
0.972549
0.937255
0.874510
0.933333
0.925490
0.513726
0.058824
0.000000
0.015686
0.000000
0.000000
0.000000
0.000000
0.027451
0.000000
0.164706
1.000000
0.913725
0.874510
0.972549
1.000000
0.972549
0.964706
0.976471
0.988235
0.976471
0.956863
0.949020
0.964706
0.913725
0.858824
0.941176
0.933333
0.513726
0.058824
0.000000
0.015686
0.000000
0.000000
0.000000
0.000000
0.027451
0.000000
0.160784
0.988235
0.913725
0.886275
0.960784
0.968627
0.960784
0.968627
0.980392
0.992157
0.984314
0.968627
0.956863
0.952941
0.945098
0.850980
0.901961
0.949020
0.521569
0.058824
0.000000
0.015686
0.000000
0.000000
0.000000
0.000000
0.027451
0.000000
0.156863
0.984314
0.929412
0.862745
0.925490
0.945098
0.949020
0.960784
0.972549
0.984314
0.984314
0.972549
0.956863
0.937255
0.937255
0.839216
0.901961
0.964706
0.541176
0.058824
0.000000
0.015686
0.000000
0.000000
0.000000
0.000000
0.027451
0.000000
0.160784
1.000000
0.968627
0.854902
0.925490
0.988235
0.976471
0.980392
0.984314
0.984314
0.980392
0.972549
0.956863
0.949020
0.898039
0.870588
0.980392
0.968627
0.545098
0.062745
0.000000
0.015686
0.000000
0.000000
0.000000
0.000000
0.027451
0.000000
0.152941
0.980392
1.000000
0.937255
0.968627
1.000000
0.996078
0.996078
0.996078
0.992157
0.992157
0.992157
0.992157
0.988235
0.960784
0.960784
1.000000
0.929412
0.490196
0.050980
0.000000
0.011765
0.000000
0.000000
0.000000
0.000000
0.023529
0.000000
0.113725
0.788235
0.937255
0.980392
0.984314
0.972549
0.976471
0.976471
0.984314
0.996078
1.000000
1.000000
1.000000
1.000000
1.000000
1.000000
0.964706
0.705882
0.333333
0.027451
0.000000
0.007843
0.000000
0.000000
0.000000
0.000000
0.007843
0.000000
0.031373
0.211765
0.274510
0.301961
0.301961
0.294118
0.294118
0.294118
0.298039
0.305882
0.309804
0.313725
0.313725
0.309804
0.313725
0.321569
0.290196
0.180392
0.078431
0.007843
0.000000
0.003922
0.000000
0.000000
0.000000
0.000000
0.000000
0.000000
0.000000
0.000000
0.000000
0.000000
0.000000
0.000000
0.000000
0.000000
0.000000
0.000000
0.000000
0.000000
0.000000
0.000000
0.000000
0.000000
0.000000
0.000000
0.000000
0.000000
0.000000
0.000000
0.000000
0.000000
0.000000
0.000000
0.000000
0.000000
0.003922
0.019608
0.023529
0.027451
0.027451
0.023529
0.023529
0.023529
0.027451
0.027451
0.027451
0.027451
0.027451
0.027451
0.027451
0.027451
0.023529
0.015686
0.007843
0.000000
0.000000
0.000000
0.000000
0.000000
0.000000
0.000000
0.000000
0.000000
0.000000
0.000000
0.000000
0.000000
0.000000
0.000000
0.000000
0.000000
0.000000
0.000000
0.000000
0.000000
0.000000
0.000000
0.000000
0.000000
0.000000
0.000000
0.000000
0.000000
0.000000
0.000000
0.000000
0.000000
