0.000000
0.000000
0.000000
0.000000
0.000000
0.000000
0.000000
0.000000
0.000000
0.000000
0.000000
0.000000
0.000000
0.000000
0.000000
0.000000
0.000000
0.000000
0.000000
0.000000
0.000000
0.000000
0.000000
0.000000
0.000000
0.000000
0.000000
0.000000
0.000000
0.000000
0.000000
0.000000
0.004255
0.012766
0.017021
0.017021
0.021277
0.017021
0.017021
0.017021
0.017021
0.017021
0.017021
0.017021
0.017021
0.017021
0.017021
0.017021
0.012766
0.008511
0.000000
0.000000
0.000000
0.000000
0.000000
0.000000
0.000000
0.000000
0.000000
0.000000
0.000000
0.000000
0.000000
0.000000
0.000000
0.000000
0.000000
0.000000
0.000000
0.000000
0.000000
0.000000
0.000000
0.000000
0.000000
0.000000
0.000000
0.000000
0.000000
0.000000
0.000000
0.000000
0.000000
0.000000
0.000000
0.000000
0.004255
0.000000
0.055319
0.204255
0.251064
0.327660
0.336170
0.331915
0.323404
0.319149
0.323404
0.327660
0.327660
0.323404
0.310638
0.302128
0.297872
0.263830
0.204255
0.136170
0.017021
0.000000
0.004255
0.000000
0.000000
0.000000
0.000000
0.000000
0.017021
0.000000
0.157447
0.600000
0.727660
0.842553
0.859574
0.855319
0.838298
0.821277
0.829787
0.838298
0.842553
0.829787
0.829787
0.842553
0.825532
0.748936
0.600000
0.400000
0.055319
0.000000
0.012766
0.000000
0.000000
0.000000
0.000000
0.000000
0.021277
0.000000
0.191489
0.753192
0.897872
0.923404
0.936170
0.936170
0.923404
0.910638
0.906383
0.914894
0.914894
0.906383
0.910638
0.927660
0.931915
0.885106
0.744681
0.519149
0.072340
0.000000
0.012766
0.000000
0.000000
0.000000
0.000000
0.000000
0.021277
0.000000
0.204255
0.791489
0.936170
0.978723
0.991489
1.000000
0.991489
0.978723
0.970213
0.970213
0.965957
0.965957
0.897872
0.863830
0.893617
0.889362
0.804255
0.595745
0.085106
0.000000
0.012766
0.000000
0.000000
0.000000
0.000000
0.000000
0.021277
0.000000
0.208511
0.787234
0.906383
0.944681
0.970213
0.978723
0.970213
0.957447
0.948936
0.944681
0.936170
0.923404
0.936170
0.923404
0.906383
0.923404
0.880851
0.689362
0.102128
0.000000
0.017021
0.000000
0.000000
0.000000
0.000000
0.000000
0.021277
0.000000
0.217021
0.825532
0.919149
0.923404
0.948936
0.974468
0.970213
0.944681
0.931915
0.923404
0.910638
0.893617
0.931915
0.910638
0.863830
0.897872
0.910638
0.748936
0.110638
0.000000
0.017021
0.000000
0.000000
0.000000
0.000000
0.000000
0.021277
0.000000
0.225532
0.842553
0.936170
0.940426
0.927660
0.931915
0.936170
0.940426
0.940426
0.927660
0.910638
0.897872
0.889362
0.868085
0.859574
0.880851
0.897872
0.791489
0.123404
0.000000
0.017021
0.000000
0.000000
0.000000
0.000000
0.000000
0.021277
0.000000
0.221277
0.829787
0.927660
0.931915
0.902128
0.885106
0.897872
0.927660
0.940426
0.936170
0.919149
0.914894
0.880851
0.859574
0.846808
0.838298
0.834043
0.753192
0.119149
0.000000
0.017021
0.000000
0.000000
0.000000
0.000000
0.000000
0.021277
0.000000
0.212766
0.808511
0.906383
0.910638
0.889362
0.880851
0.893617
0.923404
0.936170
0.940426
0.936170
0.936170
0.923404
0.889362
0.838298
0.800000
0.778723
0.685106
0.106383
0.000000
0.017021
0.000000
0.000000
0.000000
0.000000
0.000000
0.021277
0.000000
0.208511
0.791489
0.902128
0.923404
0.902128
0.889362
0.902128
0.923404
0.936170
0.940426
0.940426
0.944681
0.953192
0.927660
0.880851
0.834043
0.795745
0.680851
0.106383
0.000000
0.017021
0.000000
0.000000
0.000000
0.000000
0.000000
0.021277
0.000000
0.208511
0.791489
0.902128
0.940426
0.923404
0.902128
0.906383
0.923404
0.927660
0.919149
0.919149
0.923404
0.948936
0.953192
0.931915
0.897872
0.851064
0.706383
0.106383
0.000000
0.017021
0.000000
0.000000
0.000000
0.000000
0.000000
0.021277
0.000000
0.208511
0.791489
0.902128
0.940426
0.923404
0.906383
0.910638
0.919149
0.910638
0.902128
0.902128
0.910638
0.927660
0.940426
0.944681
0.936170
0.872340
0.702128
0.106383
0.000000
0.017021
0.000000
0.000000
0.000000
0.000000
0.000000
0.021277
0.000000
0.208511
0.782979
0.897872
0.944681
0.927660
0.919149
0.927660
0.931915
0.927660
0.919149
0.919149
0.936170
0.927660
0.931915
0.948936
0.940426
0.863830
0.685106
0.102128
0.000000
0.017021
0.000000
0.000000
0.000000
0.000000
0.000000
0.021277
0.000000
0.208511
0.770213
0.885106
0.940426
0.940426
0.931915
0.944681
0.953192
0.948936
0.940426
0.944681
0.957447
0.944681
0.940426
0.948936
0.927660
0.863830
0.693617
0.102128
0.000000
0.017021
0.000000
0.000000
0.000000
0.000000
0.000000
0.021277
0.000000
0.200000
0.757447
0.876596
0.923404
0.923404
0.923404
0.936170
0.944681
0.927660
0.914894
0.919149
0.940426
0.948936
0.957447
0.957447
0.931915
0.872340
0.710638
0.110638
0.000000
0.017021
0.000000
0.000000
0.000000
0.000000
0.000000
0.021277
0.000000
0.204255
0.765957
0.868085
0.906383
0.902128
0.902128
0.914894
0.931915
0.931915
0.919149
0.902128
0.885106
0.936170
0.953192
0.919149
0.906383
0.863830
0.714894
0.110638
0.000000
0.017021
0.000000
0.000000
0.000000
0.000000
0.000000
0.021277
0.000000
0.208511
0.770213
0.855319
0.897872
0.893617
0.893617
0.906383
0.936170
0.948936
0.940426
0.902128
0.851064
0.906383
0.902128
0.842553
0.855319
0.842553
0.706383
0.110638
0.000000
0.017021
0.000000
0.000000
0.000000
0.000000
0.000000
0.021277
0.000000
0.195745
0.727660
0.829787
0.880851
0.893617
0.906383
0.919149
0.923404
0.914894
0.902128
0.880851
0.868085
0.863830
0.842553
0.838298
0.859574
0.842553
0.685106
0.102128
0.000000
0.017021
0.000000
0.000000
0.000000
0.000000
0.000000
0.017021
0.000000
0.174468
0.676596
0.800000
0.889362
0.914894
0.936170
0.944681
0.927660
0.902128
0.885106
0.880851
0.893617
0.885106
0.872340
0.885106
0.902128
0.855319
0.672340
0.097872
0.000000
0.017021
0.000000
0.000000
0.000000
0.000000
0.000000
0.017021
0.000000
0.148936
0.591489
0.736170
0.829787
0.859574
0.876596
0.880851
0.851064
0.821277
0.808511
0.808511
0.821277
0.868085
0.876596
0.863830
0.855319
0.778723
0.591489
0.085106
0.000000
0.012766
0.000000
0.000000
0.000000
0.000000
0.000000
0.012766
0.000000
0.119149
0.468085
0.617021
0.753192
0.770213
0.770213
0.770213
0.757447
0.736170
0.723404
0.723404
0.719149
0.740425
0.727660
0.680851
0.634043
0.557447
0.417021
0.059574
0.000000
0.008511
0.000000
0.000000
0.000000
0.000000
0.000000
0.004255
0.000000
0.042553
0.165957
0.225532
0.293617
0.293617
0.293617
0.289362
0.289362
0.285106
0.280851
0.276596
0.276596
0.263830
0.251064
0.229787
0.204255
0.174468
0.127660
0.017021
0.000000
0.004255
0.000000
0.000000
0.000000
0.000000
0.000000
0.000000
0.000000
0.000000
0.000000
0.000000
0.000000
0.000000
0.000000
0.000000
0.000000
0.000000
0.000000
0.000000
0.000000
0.000000
0.000000
0.000000
0.000000
0.000000
0.000000
0.000000
0.000000
0.000000
0.000000
0.000000
0.000000
0.000000
0.000000
0.000000
0.000000
0.004255
0.008511
0.012766
0.017021
0.017021
0.017021
0.017021
0.017021
0.017021
0.017021
0.017021
0.017021
0.017021
0.017021
0.012766
0.012766
0.012766
0.008511
0.000000
0.000000
0.000000
0.000000
0.000000
0.000000
0.000000
0.000000
0.000000
0.000000
0.000000
0.000000
0.000000
0.000000
0.000000
0.000000
0.000000
0.000000
0.000000
0.000000
0.000000
0.000000
0.000000
0.000000
0.000000
0.000000
0.000000
0.000000
0.000000
0.000000
0.000000
0.000000
0.000000
0.000000
