0.000000
0.000000
0.000000
0.000000
0.000000
0.000000
0.000000
0.000000
0.000000
0.000000
0.000000
0.000000
0.000000
0.000000
0.000000
0.000000
0.000000
0.000000
0.000000
0.000000
0.000000
0.000000
0.000000
0.000000
0.000000
0.000000
0.000000
0.000000
0.000000
0.000000
0.000000
0.000000
0.000000
0.000000
0.000000
0.004329
0.008658
0.008658
0.008658
0.008658
0.008658
0.008658
0.008658
0.008658
0.008658
0.008658
0.008658
0.008658
0.004329
0.000000
0.000000
0.000000
0.000000
0.000000
0.000000
0.000000
0.000000
0.000000
0.000000
0.000000
0.000000
0.000000
0.000000
0.008658
0.017316
0.021645
0.021645
0.021645
0.021645
0.021645
0.021645
0.021645
0.021645
0.017316
0.017316
0.017316
0.008658
0.000000
0.000000
0.000000
0.000000
0.000000
0.000000
0.000000
0.000000
0.000000
0.000000
0.000000
0.000000
0.000000
0.000000
0.000000
0.000000
0.000000
0.000000
0.000000
0.000000
0.000000
0.000000
0.000000
0.000000
0.000000
0.000000
0.000000
0.000000
0.000000
0.000000
0.000000
0.000000
0.000000
0.000000
0.000000
0.000000
0.000000
0.000000
0.000000
0.000000
0.000000
0.000000
0.000000
0.000000
0.000000
0.000000
0.000000
0.000000
0.000000
0.000000
0.000000
0.000000
0.000000
0.000000
0.000000
0.000000
0.000000
0.000000
0.000000
0.000000
0.000000
0.000000
0.000000
0.000000
0.000000
0.000000
0.004329
0.004329
0.000000
0.000000
0.151515
0.320346
0.385281
0.380952
0.376623
0.367965
0.367965
0.376623
0.380952
0.376623
0.354978
0.359307
0.316017
0.151515
0.000000
0.000000
0.004329
0.004329
0.000000
0.000000
0.000000
0.000000
0.000000
0.000000
0.012987
0.012987
0.000000
0.000000
0.341991
0.718615
0.865801
0.861472
0.865801
0.848485
0.852814
0.865801
0.878788
0.861472
0.813853
0.822511
0.714286
0.346320
0.000000
0.000000
0.012987
0.012987
0.000000
0.000000
0.000000
0.000000
0.000000
0.000000
0.012987
0.012987
0.000000
0.000000
0.372294
0.787879
0.952381
0.956710
0.982684
0.982684
0.987013
0.995671
1.000000
0.969697
0.917749
0.922078
0.796537
0.385281
0.000000
0.000000
0.012987
0.012987
0.000000
0.000000
0.000000
0.000000
0.000000
0.000000
0.008658
0.008658
0.000000
0.000000
0.320346
0.679654
0.818182
0.839827
0.887446
0.913420
0.922078
0.913420
0.900433
0.865801
0.813853
0.818182
0.701299
0.337662
0.000000
0.000000
0.008658
0.012987
0.000000
0.000000
0.000000
0.000000
0.000000
0.000000
0.008658
0.008658
0.000000
0.000000
0.311688
0.649351
0.783550
0.805195
0.874459
0.913420
0.926407
0.913420
0.883117
0.839827
0.787879
0.792208
0.679654
0.324675
0.000000
0.000000
0.008658
0.008658
0.000000
0.000000
0.000000
0.000000
0.000000
0.000000
0.008658
0.008658
0.000000
0.000000
0.316017
0.653680
0.766234
0.787879
0.874459
0.930736
0.943723
0.917749
0.870130
0.822511
0.779221
0.787879
0.683983
0.329004
0.000000
0.000000
0.008658
0.008658
0.000000
0.000000
0.000000
0.000000
0.000000
0.000000
0.008658
0.008658
0.000000
0.000000
0.311688
0.636364
0.731602
0.748918
0.852814
0.930736
0.943723
0.909091
0.848485
0.800866
0.761905
0.779221
0.670996
0.329004
0.000000
0.000000
0.008658
0.008658
0.000000
0.000000
0.000000
0.000000
0.000000
0.000000
0.008658
0.008658
0.000000
0.000000
0.294372
0.610390
0.722944
0.757576
0.857143
0.930736
0.943723
0.909091
0.852814
0.809524
0.766234
0.766234
0.645022
0.311688
0.000000
0.000000
0.008658
0.008658
0.000000
0.000000
0.000000
0.000000
0.000000
0.000000
0.008658
0.008658
0.000000
0.000000
0.259740
0.571429
0.731602
0.800866
0.883117
0.922078
0.935065
0.917749
0.887446
0.852814
0.787879
0.748918
0.610390
0.285714
0.000000
0.000000
0.008658
0.008658
0.000000
0.000000
0.000000
0.000000
0.000000
0.000000
0.008658
0.008658
0.000000
0.000000
0.225108
0.519480
0.714286
0.809524
0.883117
0.900433
0.917749
0.922078
0.913420
0.878788
0.809524
0.753247
0.601732
0.277056
0.000000
0.000000
0.008658
0.008658
0.000000
0.000000
0.000000
0.000000
0.000000
0.000000
0.008658
0.008658
0.000000
0.000000
0.212121
0.489177
0.683983
0.783550
0.857143
0.883117
0.904762
0.917749
0.913420
0.887446
0.822511
0.774892
0.623377
0.290043
0.000000
0.000000
0.008658
0.008658
0.000000
0.000000
0.000000
0.000000
0.000000
0.000000
0.008658
0.008658
0.000000
0.000000
0.229437
0.519480
0.705628
0.792208
0.861472
0.891775
0.913420
0.926407
0.930736
0.909091
0.848485
0.813853
0.658009
0.311688
0.000000
0.000000
0.008658
0.008658
0.000000
0.000000
0.000000
0.000000
0.000000
0.000000
0.008658
0.008658
0.000000
0.000000
0.264069
0.580087
0.761905
0.831169
0.887446
0.909091
0.922078
0.935065
0.943723
0.930736
0.874459
0.844156
0.688312
0.324675
0.000000
0.000000
0.008658
0.012987
0.000000
0.000000
0.000000
0.000000
0.000000
0.000000
0.008658
0.008658
0.000000
0.000000
0.290043
0.623377
0.792208
0.839827
0.878788
0.887446
0.900433
0.904762
0.913420
0.900433
0.848485
0.839827
0.705628
0.337662
0.000000
0.000000
0.008658
0.012987
0.000000
0.000000
0.000000
0.000000
0.000000
0.000000
0.008658
0.008658
0.000000
0.000000
0.298701
0.636364
0.796537
0.826840
0.852814
0.852814
0.861472
0.865801
0.878788
0.865801
0.822511
0.822511
0.701299
0.337662
0.000000
0.000000
0.008658
0.012987
0.000000
0.000000
0.000000
0.000000
0.000000
0.000000
0.008658
0.008658
0.000000
0.000000
0.311688
0.666667
0.835498
0.861472
0.883117
0.874459
0.883117
0.900433
0.926407
0.926407
0.883117
0.857143
0.705628
0.333333
0.000000
0.000000
0.008658
0.012987
0.000000
0.000000
0.000000
0.000000
0.000000
0.000000
0.008658
0.008658
0.000000
0.000000
0.255411
0.554112
0.701299
0.722944
0.740260
0.731602
0.740260
0.766234
0.796537
0.809524
0.770563
0.722944
0.571429
0.259740
0.000000
0.000000
0.008658
0.008658
0.000000
0.000000
0.000000
0.000000
0.000000
0.000000
0.004329
0.004329
0.000000
0.000000
0.108225
0.233766
0.298701
0.307359
0.316017
0.311688
0.316017
0.329004
0.341991
0.350649
0.333333
0.307359
0.238095
0.108225
0.000000
0.000000
0.004329
0.004329
0.000000
0.000000
0.000000
0.000000
0.000000
0.000000
0.000000
0.000000
0.000000
0.000000
0.000000
0.000000
0.000000
0.000000
0.000000
0.000000
0.000000
0.000000
0.000000
0.000000
0.000000
0.000000
0.000000
0.000000
0.000000
0.000000
0.000000
0.000000
0.000000
0.000000
0.000000
0.000000
0.000000
0.000000
0.000000
0.000000
0.000000
0.000000
0.000000
0.000000
0.000000
0.000000
0.000000
0.000000
0.000000
0.000000
0.000000
0.000000
0.000000
0.000000
0.000000
0.000000
0.000000
0.000000
0.000000
0.000000
0.000000
0.000000
0.000000
0.000000
0.000000
0.000000
0.000000
0.000000
0.000000
0.000000
0.004329
0.012987
0.017316
0.017316
0.017316
0.017316
0.017316
0.017316
0.017316
0.017316
0.017316
0.017316
0.012987
0.004329
0.000000
0.000000
0.000000
0.000000
0.000000
0.000000
0.000000
0.000000
0.000000
0.000000
0.000000
0.000000
0.000000
0.000000
0.004329
0.004329
0.008658
0.008658
0.008658
0.008658
0.008658
0.008658
0.008658
0.008658
0.008658
0.008658
0.004329
0.004329
0.000000
0.000000
0.000000
0.000000
0.000000
0.000000
0.000000
0.000000
0.000000
0.000000
0.000000
0.000000
0.000000
0.000000
0.000000
0.000000
0.000000
0.000000
0.000000
0.000000
0.000000
0.000000
0.000000
0.000000
0.000000
0.000000
0.000000
0.000000
0.000000
0.000000
0.000000
0.000000
0.000000
0.000000
0.000000
