0.000000
0.000000
0.000000
0.000000
0.000000
0.000000
0.000000
0.000000
0.000000
0.000000
0.000000
0.000000
0.000000
0.000000
0.000000
0.000000
0.000000
0.000000
0.000000
0.000000
0.000000
0.000000
0.000000
0.000000
0.000000
0.000000
0.000000
0.000000
0.000000
0.000000
0.000000
0.000000
0.000000
0.004149
0.004149
0.004149
0.004149
0.004149
0.004149
0.004149
0.008299
0.008299
0.008299
0.012448
0.012448
0.016598
0.020747
0.020747
0.020747
0.020747
0.016598
0.000000
0.000000
0.000000
0.000000
0.000000
0.000000
0.000000
0.000000
0.000000
0.000000
0.000000
0.000000
0.000000
0.000000
0.000000
0.000000
0.000000
0.000000
0.000000
0.000000
0.000000
0.000000
0.000000
0.000000
0.000000
0.000000
0.000000
0.000000
0.000000
0.000000
0.000000
0.000000
0.000000
0.000000
0.000000
0.000000
0.000000
0.000000
0.029046
0.029046
0.020747
0.020747
0.020747
0.020747
0.024896
0.033195
0.041494
0.053942
0.066390
0.087137
0.107884
0.136929
0.149378
0.145228
0.141079
0.099585
0.004149
0.000000
0.004149
0.000000
0.000000
0.000000
0.000000
0.004149
0.000000
0.004149
0.136929
0.149378
0.107884
0.128631
0.170124
0.186722
0.195021
0.224066
0.278008
0.348548
0.431535
0.510373
0.605809
0.726141
0.775934
0.751037
0.742739
0.514523
0.012448
0.000000
0.012448
0.000000
0.000000
0.000000
0.000000
0.004149
0.000000
0.004149
0.145228
0.157676
0.145228
0.240664
0.356846
0.419087
0.431535
0.431535
0.477178
0.614108
0.721992
0.784232
0.829876
0.879668
0.896266
0.875519
0.896266
0.639004
0.016598
0.000000
0.016598
0.000000
0.000000
0.000000
0.000000
0.004149
0.000000
0.004149
0.174274
0.211618
0.240664
0.402490
0.580913
0.672199
0.692946
0.684647
0.713693
0.771784
0.867220
0.917012
0.900415
0.875519
0.850622
0.846473
0.912863
0.663900
0.016598
0.000000
0.016598
0.000000
0.000000
0.000000
0.000000
0.004149
0.000000
0.004149
0.232365
0.319502
0.377593
0.547718
0.709544
0.792531
0.813278
0.846473
0.875519
0.846473
0.917012
0.958506
0.912863
0.867220
0.829876
0.838174
0.925311
0.692946
0.016598
0.000000
0.016598
0.000000
0.000000
0.000000
0.000000
0.008299
0.000000
0.008299
0.352697
0.493776
0.543568
0.668050
0.763485
0.796681
0.809129
0.867220
0.921162
0.904564
0.954357
0.966805
0.925311
0.900415
0.879668
0.875519
0.954357
0.713693
0.020747
0.000000
0.020747
0.000000
0.000000
0.000000
0.000000
0.016598
0.000000
0.012448
0.539419
0.742739
0.742739
0.821577
0.850622
0.842324
0.829876
0.863071
0.917012
0.933610
0.958506
0.941909
0.925311
0.937759
0.941909
0.912863
0.962656
0.705394
0.020747
0.000000
0.020747
0.000000
0.000000
0.000000
0.000000
0.016598
0.000000
0.016598
0.672199
0.908714
0.867220
0.912863
0.925311
0.900415
0.858921
0.854772
0.867220
0.842324
0.850622
0.842324
0.846473
0.896266
0.921162
0.887967
0.912863
0.655602
0.016598
0.000000
0.016598
0.000000
0.000000
0.000000
0.000000
0.016598
0.000000
0.016598
0.643154
0.887967
0.850622
0.887967
0.900415
0.883817
0.838174
0.796681
0.775934
0.746888
0.771784
0.788382
0.804979
0.854772
0.883817
0.858921
0.879668
0.626556
0.016598
0.000000
0.016598
0.000000
0.000000
0.000000
0.000000
0.016598
0.000000
0.016598
0.531120
0.792531
0.809129
0.834025
0.846473
0.846473
0.817427
0.775934
0.751037
0.738589
0.813278
0.850622
0.842324
0.858921
0.863071
0.846473
0.871369
0.618257
0.016598
0.000000
0.016598
0.000000
0.000000
0.000000
0.000000
0.012448
0.000000
0.012448
0.493776
0.780083
0.829876
0.850622
0.863071
0.867220
0.854772
0.829876
0.813278
0.796681
0.867220
0.921162
0.904564
0.879668
0.854772
0.838174
0.858921
0.597510
0.016598
0.000000
0.016598
0.000000
0.000000
0.000000
0.000000
0.016598
0.000000
0.016598
0.564315
0.834025
0.850622
0.887967
0.908714
0.892116
0.879668
0.863071
0.842324
0.863071
0.821577
0.883817
0.941909
0.867220
0.846473
0.834025
0.854772
0.601660
0.016598
0.000000
0.016598
0.000000
0.000000
0.000000
0.000000
0.016598
0.000000
0.016598
0.630705
0.908714
0.883817
0.863071
0.825726
0.771784
0.771784
0.800830
0.813278
0.829876
0.792531
0.842324
0.863071
0.759336
0.742739
0.767635
0.867220
0.651452
0.016598
0.000000
0.016598
0.000000
0.000000
0.000000
0.000000
0.016598
0.000000
0.016598
0.672199
0.970954
0.929461
0.867220
0.780083
0.701245
0.717842
0.796681
0.825726
0.767635
0.788382
0.838174
0.796681
0.688797
0.672199
0.717842
0.875519
0.697095
0.016598
0.000000
0.016598
0.000000
0.000000
0.000000
0.000000
0.016598
0.000000
0.016598
0.659751
0.966805
0.950207
0.917012
0.854772
0.792531
0.800830
0.867220
0.867220
0.759336
0.813278
0.871369
0.813278
0.726141
0.721992
0.755187
0.912863
0.738589
0.020747
0.000000
0.020747
0.000000
0.000000
0.000000
0.000000
0.016598
0.000000
0.016598
0.601660
0.900415
0.929461
0.954357
0.950207
0.908714
0.887967
0.883817
0.850622
0.800830
0.858921
0.887967
0.829876
0.792531
0.817427
0.817427
0.970954
0.788382
0.020747
0.000000
0.020747
0.000000
0.000000
0.000000
0.000000
0.016598
0.000000
0.016598
0.572614
0.863071
0.908714
0.966805
0.987552
0.946058
0.904564
0.850622
0.809129
0.825726
0.850622
0.817427
0.771784
0.788382
0.838174
0.829876
0.975104
0.792531
0.020747
0.000000
0.020747
0.000000
0.000000
0.000000
0.000000
0.016598
0.000000
0.016598
0.609959
0.908714
0.941909
0.987552
1.000000
0.954357
0.921162
0.883817
0.850622
0.875519
0.858921
0.809129
0.800830
0.842324
0.900415
0.871369
0.958506
0.759336
0.020747
0.000000
0.020747
0.000000
0.000000
0.000000
0.000000
0.016598
0.000000
0.016598
0.618257
0.904564
0.912863
0.937759
0.941909
0.912863
0.912863
0.917012
0.912863
0.925311
0.875519
0.863071
0.896266
0.929461
0.966805
0.912863
0.929461
0.692946
0.020747
0.000000
0.020747
0.000000
0.000000
0.000000
0.000000
0.016598
0.000000
0.012448
0.526971
0.763485
0.759336
0.788382
0.821577
0.829876
0.858921
0.879668
0.883817
0.900415
0.829876
0.850622
0.904564
0.883817
0.887967
0.846473
0.834025
0.580913
0.016598
0.000000
0.016598
0.000000
0.000000
0.000000
0.000000
0.008299
0.000000
0.008299
0.356846
0.518672
0.518672
0.551867
0.614108
0.651452
0.684647
0.697095
0.684647
0.697095
0.618257
0.643154
0.684647
0.609959
0.597510
0.597510
0.593361
0.398340
0.008299
0.000000
0.012448
0.000000
0.000000
0.000000
0.000000
0.000000
0.000000
0.000000
0.062241
0.087137
0.087137
0.095436
0.112033
0.120332
0.128631
0.128631
0.124481
0.128631
0.112033
0.116183
0.124481
0.103734
0.099585
0.103734
0.103734
0.070539
0.000000
0.000000
0.004149
0.000000
0.000000
0.000000
0.000000
0.000000
0.000000
0.000000
0.000000
0.000000
0.000000
0.000000
0.000000
0.000000
0.000000
0.000000
0.000000
0.000000
0.000000
0.000000
0.000000
0.000000
0.000000
0.000000
0.000000
0.000000
0.000000
0.000000
0.000000
0.000000
0.000000
0.000000
0.000000
0.000000
0.000000
0.000000
0.008299
0.016598
0.016598
0.016598
0.016598
0.016598
0.020747
0.020747
0.020747
0.020747
0.016598
0.016598
0.020747
0.016598
0.016598
0.016598
0.016598
0.012448
0.000000
0.000000
0.000000
0.000000
0.000000
0.000000
0.000000
0.000000
0.000000
0.000000
0.000000
0.000000
0.000000
0.000000
0.000000
0.000000
0.000000
0.000000
0.000000
0.000000
0.000000
0.000000
0.000000
0.000000
0.000000
0.000000
0.000000
0.000000
0.000000
0.000000
0.000000
0.000000
0.000000
