0.000000
0.000000
0.000000
0.000000
0.000000
0.000000
0.000000
0.000000
0.000000
0.000000
0.000000
0.000000
0.000000
0.000000
0.000000
0.000000
0.000000
0.000000
0.000000
0.000000
0.000000
0.000000
0.000000
0.000000
0.000000
0.000000
0.000000
0.000000
0.000000
0.000000
0.000000
0.000000
0.004132
0.004132
0.008264
0.008264
0.008264
0.012397
0.012397
0.012397
0.016529
0.016529
0.020661
0.024793
0.020661
0.020661
0.024793
0.024793
0.024793
0.024793
0.016529
0.000000
0.000000
0.000000
0.000000
0.000000
0.000000
0.000000
0.000000
0.000000
0.000000
0.000000
0.000000
0.000000
0.000000
0.000000
0.000000
0.000000
0.000000
0.000000
0.000000
0.000000
0.000000
0.000000
0.000000
0.000000
0.000000
0.000000
0.000000
0.000000
0.000000
0.000000
0.000000
0.000000
0.000000
0.000000
0.000000
0.008264
0.045455
0.041322
0.041322
0.045455
0.049587
0.057851
0.066116
0.074380
0.095041
0.119835
0.144628
0.173554
0.152893
0.136364
0.165289
0.169421
0.173554
0.173554
0.115702
0.004132
0.000000
0.004132
0.000000
0.000000
0.000000
0.004132
0.000000
0.041322
0.194215
0.206612
0.223140
0.280992
0.347107
0.396694
0.425620
0.458678
0.537190
0.644628
0.739669
0.855372
0.797521
0.727273
0.826446
0.838843
0.830579
0.818182
0.545455
0.012397
0.000000
0.016529
0.000000
0.000000
0.000000
0.004132
0.000000
0.028926
0.157025
0.231405
0.305785
0.458678
0.648760
0.743802
0.727273
0.706612
0.752066
0.814050
0.838843
0.913223
0.946281
0.929752
0.921488
0.896694
0.838843
0.785124
0.512397
0.012397
0.000000
0.012397
0.000000
0.000000
0.000000
0.004132
0.000000
0.033058
0.206612
0.297521
0.413223
0.619835
0.822314
0.888430
0.826446
0.752066
0.764463
0.818182
0.842975
0.876033
0.929752
0.954545
0.921488
0.876033
0.780992
0.694215
0.446281
0.012397
0.000000
0.012397
0.000000
0.000000
0.000000
0.012397
0.000000
0.074380
0.384297
0.442149
0.549587
0.747934
0.900826
0.938017
0.859504
0.747934
0.714876
0.768595
0.847107
0.900826
0.921488
0.929752
0.929752
0.909091
0.847107
0.814050
0.557851
0.012397
0.000000
0.012397
0.000000
0.000000
0.000000
0.016529
0.000000
0.136364
0.644628
0.644628
0.677686
0.814050
0.925620
0.983471
0.954545
0.834711
0.735537
0.747934
0.847107
0.929752
0.929752
0.896694
0.900826
0.917355
0.909091
0.933884
0.661157
0.016529
0.000000
0.016529
0.000000
0.000000
0.000000
0.024793
0.000000
0.185950
0.876033
0.847107
0.797521
0.834711
0.867769
0.933884
0.987603
0.933884
0.822314
0.797521
0.867769
0.933884
0.913223
0.871901
0.888430
0.904959
0.892562
0.871901
0.582645
0.016529
0.000000
0.016529
0.000000
0.000000
0.000000
0.020661
0.000000
0.157025
0.776859
0.876033
0.863636
0.818182
0.756198
0.764463
0.851240
0.913223
0.892562
0.855372
0.855372
0.888430
0.884298
0.892562
0.966942
0.962810
0.900826
0.814050
0.520661
0.012397
0.000000
0.012397
0.000000
0.000000
0.000000
0.016529
0.000000
0.123967
0.652893
0.805785
0.859504
0.830579
0.694215
0.582645
0.636364
0.805785
0.921488
0.900826
0.830579
0.756198
0.710744
0.764463
0.880165
0.892562
0.822314
0.735537
0.471074
0.012397
0.000000
0.012397
0.000000
0.000000
0.000000
0.016529
0.000000
0.128099
0.657025
0.772727
0.851240
0.884298
0.756198
0.590909
0.586777
0.772727
0.946281
0.950413
0.847107
0.710744
0.615703
0.644628
0.760331
0.797521
0.772727
0.727273
0.475207
0.012397
0.000000
0.012397
0.000000
0.000000
0.000000
0.020661
0.000000
0.132231
0.681818
0.805785
0.842975
0.884298
0.863636
0.780992
0.752066
0.842975
0.954545
0.962810
0.880165
0.756198
0.636364
0.644628
0.776859
0.822314
0.814050
0.776859
0.508264
0.012397
0.000000
0.012397
0.000000
0.000000
0.000000
0.020661
0.000000
0.128099
0.665289
0.801653
0.772727
0.793388
0.884298
0.942149
0.921488
0.896694
0.896694
0.896694
0.855372
0.673554
0.533058
0.611570
0.793388
0.851240
0.822314
0.764463
0.487603
0.012397
0.000000
0.012397
0.000000
0.000000
0.000000
0.020661
0.000000
0.144628
0.698347
0.731405
0.727273
0.793388
0.859504
0.909091
0.929752
0.954545
0.962810
0.946281
0.904959
0.719008
0.599174
0.669421
0.814050
0.888430
0.855372
0.743802
0.438017
0.008264
0.000000
0.012397
0.000000
0.000000
0.000000
0.020661
0.000000
0.157025
0.747934
0.764463
0.764463
0.826446
0.851240
0.871901
0.913223
0.975207
0.995868
0.971074
0.925620
0.838843
0.756198
0.747934
0.822314
0.888430
0.876033
0.776859
0.466942
0.008264
0.000000
0.012397
0.000000
0.000000
0.000000
0.020661
0.000000
0.144628
0.752066
0.884298
0.855372
0.830579
0.855372
0.904959
0.954545
0.983471
0.979339
0.958678
0.929752
0.942149
0.884298
0.826446
0.867769
0.892562
0.876033
0.814050
0.512397
0.012397
0.000000
0.012397
0.000000
0.000000
0.000000
0.020661
0.000000
0.128099
0.698347
0.933884
0.913223
0.842975
0.855372
0.913223
0.975207
1.000000
0.995868
0.987603
0.975207
0.983471
0.938017
0.892562
0.925620
0.925620
0.876033
0.789256
0.491736
0.012397
0.000000
0.012397
0.000000
0.000000
0.000000
0.016529
0.000000
0.111570
0.644628
0.933884
0.938017
0.863636
0.867769
0.909091
0.958678
0.991736
0.995868
0.991736
0.983471
0.946281
0.880165
0.859504
0.913223
0.929752
0.884298
0.776859
0.475207
0.012397
0.000000
0.012397
0.000000
0.000000
0.000000
0.016529
0.000000
0.111570
0.628099
0.909091
0.946281
0.909091
0.904959
0.904959
0.925620
0.966942
0.983471
0.975207
0.950413
0.929752
0.842975
0.776859
0.830579
0.896694
0.896694
0.805785
0.491736
0.012397
0.000000
0.012397
0.000000
0.000000
0.000000
0.016529
0.000000
0.099174
0.570248
0.842975
0.913223
0.921488
0.925620
0.896694
0.896694
0.942149
0.979339
0.971074
0.929752
0.950413
0.863636
0.764463
0.809917
0.876033
0.880165
0.772727
0.454545
0.012397
0.000000
0.012397
0.000000
0.000000
0.000000
0.012397
0.000000
0.066116
0.417355
0.677686
0.768595
0.801653
0.826446
0.809917
0.809917
0.851240
0.892562
0.892562
0.863636
0.871901
0.818182
0.768595
0.814050
0.818182
0.747934
0.595041
0.326446
0.008264
0.000000
0.008264
0.000000
0.000000
0.000000
0.004132
0.000000
0.033058
0.227273
0.409091
0.479339
0.508264
0.541322
0.549587
0.557851
0.578512
0.603306
0.607438
0.607438
0.582645
0.557851
0.582645
0.623967
0.574380
0.458678
0.326446
0.173554
0.004132
0.000000
0.004132
0.000000
0.000000
0.000000
0.000000
0.000000
0.004132
0.033058
0.061983
0.078512
0.082645
0.090909
0.095041
0.095041
0.099174
0.103306
0.103306
0.107438
0.099174
0.095041
0.107438
0.115702
0.099174
0.074380
0.045455
0.024793
0.000000
0.000000
0.000000
0.000000
0.000000
0.000000
0.000000
0.000000
0.000000
0.000000
0.000000
0.000000
0.000000
0.000000
0.000000
0.000000
0.000000
0.000000
0.000000
0.000000
0.000000
0.000000
0.000000
0.000000
0.000000
0.000000
0.000000
0.000000
0.000000
0.000000
0.000000
0.000000
0.000000
0.000000
0.000000
0.000000
0.000000
0.008264
0.012397
0.012397
0.012397
0.016529
0.016529
0.016529
0.016529
0.016529
0.016529
0.016529
0.016529
0.016529
0.016529
0.016529
0.016529
0.012397
0.008264
0.004132
0.000000
0.000000
0.000000
0.000000
0.000000
0.000000
0.000000
0.000000
0.000000
0.000000
0.000000
0.000000
0.000000
0.000000
0.000000
0.000000
0.000000
0.000000
0.000000
0.000000
0.000000
0.000000
0.000000
0.000000
0.000000
0.000000
0.000000
0.000000
0.000000
0.000000
0.000000
0.000000
0.000000
