0.000000
0.000000
0.000000
0.000000
0.000000
0.000000
0.000000
0.000000
0.000000
0.000000
0.000000
0.000000
0.000000
0.000000
0.000000
0.000000
0.000000
0.000000
0.000000
0.000000
0.000000
0.000000
0.000000
0.000000
0.000000
0.000000
0.000000
0.000000
0.000000
0.000000
0.000000
0.000000
0.003953
0.003953
0.003953
0.003953
0.007905
0.007905
0.007905
0.003953
0.003953
0.003953
0.007905
0.007905
0.011858
0.011858
0.015810
0.015810
0.015810
0.019763
0.011858
0.000000
0.000000
0.000000
0.000000
0.000000
0.000000
0.000000
0.000000
0.000000
0.000000
0.000000
0.000000
0.000000
0.000000
0.000000
0.000000
0.000000
0.000000
0.000000
0.000000
0.000000
0.000000
0.000000
0.000000
0.000000
0.000000
0.000000
0.000000
0.000000
0.000000
0.000000
0.000000
0.000000
0.000000
0.000000
0.000000
0.003953
0.023715
0.023715
0.019763
0.023715
0.035573
0.039526
0.035573
0.031621
0.031621
0.031621
0.039526
0.047431
0.063241
0.083004
0.098814
0.110672
0.114625
0.122530
0.086957
0.003953
0.000000
0.003953
0.000000
0.000000
0.000000
0.003953
0.000000
0.023715
0.118577
0.126482
0.110672
0.154150
0.233202
0.245059
0.217391
0.205534
0.201581
0.197628
0.225296
0.268775
0.367589
0.478261
0.545455
0.604743
0.632411
0.667984
0.474308
0.011858
0.000000
0.011858
0.000000
0.000000
0.000000
0.003953
0.000000
0.023715
0.122530
0.138340
0.173913
0.280632
0.391304
0.411067
0.371541
0.343874
0.332016
0.320158
0.343874
0.399209
0.541502
0.683794
0.754941
0.826087
0.845850
0.885375
0.628458
0.015810
0.000000
0.015810
0.000000
0.000000
0.000000
0.003953
0.000000
0.031621
0.158103
0.189723
0.320158
0.501976
0.616601
0.652174
0.620553
0.600791
0.588933
0.553360
0.545455
0.588933
0.699605
0.806324
0.869565
0.928854
0.940711
0.976285
0.687747
0.019763
0.000000
0.019763
0.000000
0.000000
0.000000
0.003953
0.000000
0.039526
0.213439
0.284585
0.426877
0.620553
0.762846
0.822134
0.818182
0.837945
0.833992
0.758893
0.679842
0.683794
0.747036
0.814229
0.869565
0.916996
0.928854
0.972332
0.695652
0.019763
0.000000
0.019763
0.000000
0.000000
0.000000
0.007905
0.000000
0.071146
0.355731
0.446640
0.509881
0.644269
0.798419
0.869565
0.877470
0.901186
0.893281
0.810277
0.711462
0.683794
0.695652
0.727273
0.782609
0.849802
0.873518
0.924901
0.671937
0.015810
0.000000
0.019763
0.000000
0.000000
0.000000
0.015810
0.000000
0.122530
0.600791
0.664032
0.679842
0.754941
0.845850
0.905138
0.897233
0.861660
0.833992
0.810277
0.782609
0.758893
0.703557
0.675889
0.743083
0.865613
0.885375
0.913043
0.660079
0.015810
0.000000
0.015810
0.000000
0.000000
0.000000
0.019763
0.000000
0.126482
0.652174
0.770751
0.762846
0.778656
0.822134
0.857708
0.873518
0.869565
0.853755
0.841897
0.830040
0.810277
0.774704
0.758893
0.806324
0.897233
0.885375
0.897233
0.644269
0.015810
0.000000
0.015810
0.000000
0.000000
0.000000
0.019763
0.000000
0.114625
0.620553
0.798419
0.841897
0.837945
0.826087
0.841897
0.869565
0.889328
0.877470
0.841897
0.826087
0.833992
0.837945
0.845850
0.869565
0.916996
0.877470
0.893281
0.652174
0.015810
0.000000
0.015810
0.000000
0.000000
0.000000
0.015810
0.000000
0.098814
0.565217
0.766798
0.901186
0.920949
0.869565
0.877470
0.901186
0.893281
0.830040
0.762846
0.758893
0.818182
0.857708
0.869565
0.885375
0.916996
0.873518
0.909091
0.679842
0.015810
0.000000
0.015810
0.000000
0.000000
0.000000
0.015810
0.000000
0.090909
0.513834
0.731225
0.897233
0.932806
0.873518
0.889328
0.916996
0.877470
0.758893
0.660079
0.667984
0.766798
0.853755
0.881423
0.881423
0.901186
0.865613
0.913043
0.691700
0.019763
0.000000
0.019763
0.000000
0.000000
0.000000
0.015810
0.000000
0.086957
0.509881
0.743083
0.869565
0.877470
0.833992
0.849802
0.885375
0.857708
0.735178
0.624506
0.628458
0.711462
0.841897
0.893281
0.857708
0.873518
0.841897
0.885375
0.656126
0.015810
0.000000
0.015810
0.000000
0.000000
0.000000
0.015810
0.000000
0.090909
0.509881
0.727273
0.853755
0.861660
0.806324
0.822134
0.865613
0.869565
0.782609
0.679842
0.648221
0.667984
0.798419
0.865613
0.790514
0.810277
0.806324
0.833992
0.596838
0.015810
0.000000
0.015810
0.000000
0.000000
0.000000
0.015810
0.000000
0.086957
0.490119
0.679842
0.841897
0.885375
0.826087
0.845850
0.885375
0.905138
0.853755
0.766798
0.707510
0.671937
0.750988
0.774704
0.687747
0.743083
0.786561
0.810277
0.561265
0.015810
0.000000
0.015810
0.000000
0.000000
0.000000
0.011858
0.000000
0.079051
0.454545
0.644269
0.798419
0.865613
0.853755
0.885375
0.913043
0.928854
0.905138
0.837945
0.774704
0.735178
0.731225
0.667984
0.581028
0.695652
0.806324
0.841897
0.573123
0.015810
0.000000
0.015810
0.000000
0.000000
0.000000
0.011858
0.000000
0.075099
0.446640
0.652174
0.754941
0.806324
0.849802
0.905138
0.940711
0.932806
0.897233
0.849802
0.810277
0.794466
0.739130
0.608696
0.545455
0.695652
0.841897
0.881423
0.588933
0.015810
0.000000
0.015810
0.000000
0.000000
0.000000
0.011858
0.000000
0.083004
0.478261
0.687747
0.826087
0.845850
0.833992
0.932806
1.000000
0.940711
0.818182
0.770751
0.770751
0.770751
0.719368
0.632411
0.624506
0.735178
0.861660
0.881423
0.573123
0.015810
0.000000
0.015810
0.000000
0.000000
0.000000
0.011858
0.000000
0.079051
0.486166
0.747036
0.909091
0.877470
0.774704
0.818182
0.885375
0.857708
0.778656
0.758893
0.766798
0.743083
0.687747
0.648221
0.679842
0.778656
0.877470
0.905138
0.596838
0.015810
0.000000
0.015810
0.000000
0.000000
0.000000
0.011858
0.000000
0.071146
0.466403
0.774704
0.984190
0.940711
0.778656
0.762846
0.833992
0.877470
0.889328
0.889328
0.857708
0.770751
0.687747
0.675889
0.747036
0.845850
0.893281
0.901186
0.608696
0.015810
0.000000
0.015810
0.000000
0.000000
0.000000
0.011858
0.000000
0.063241
0.411067
0.703557
0.952569
0.956522
0.810277
0.818182
0.897233
0.964427
0.984190
0.968379
0.893281
0.770751
0.671937
0.711462
0.849802
0.920949
0.881423
0.814229
0.533597
0.015810
0.000000
0.015810
0.000000
0.000000
0.000000
0.007905
0.000000
0.043478
0.284585
0.486166
0.679842
0.711462
0.636364
0.671937
0.747036
0.778656
0.770751
0.739130
0.667984
0.573123
0.521739
0.604743
0.770751
0.814229
0.711462
0.577075
0.355731
0.007905
0.000000
0.007905
0.000000
0.000000
0.000000
0.000000
0.000000
0.007905
0.051383
0.083004
0.118577
0.130435
0.118577
0.130435
0.142292
0.146245
0.142292
0.134387
0.122530
0.102767
0.094862
0.118577
0.154150
0.162055
0.134387
0.102767
0.059289
0.000000
0.000000
0.000000
0.000000
0.000000
0.000000
0.000000
0.000000
0.000000
0.000000
0.000000
0.000000
0.000000
0.000000
0.000000
0.000000
0.000000
0.000000
0.000000
0.000000
0.000000
0.000000
0.000000
0.000000
0.000000
0.000000
0.000000
0.000000
0.000000
0.000000
0.000000
0.000000
0.000000
0.000000
0.000000
0.000000
0.000000
0.007905
0.011858
0.019763
0.019763
0.019763
0.019763
0.019763
0.023715
0.019763
0.019763
0.019763
0.015810
0.015810
0.015810
0.023715
0.023715
0.019763
0.015810
0.011858
0.000000
0.000000
0.000000
0.000000
0.000000
0.000000
0.000000
0.000000
0.000000
0.000000
0.000000
0.000000
0.000000
0.000000
0.000000
0.000000
0.000000
0.000000
0.000000
0.000000
0.000000
0.000000
0.000000
0.000000
0.000000
0.000000
0.000000
0.000000
0.000000
0.000000
0.000000
0.000000
0.000000
