0.000000
0.000000
0.000000
0.000000
0.000000
0.000000
0.000000
0.000000
0.004132
0.004132
0.004132
0.004132
0.004132
0.008264
0.012397
0.016529
0.012397
0.012397
0.008264
0.004132
0.000000
0.000000
0.000000
0.000000
0.000000
0.000000
0.000000
0.000000
0.000000
0.000000
0.000000
0.000000
0.000000
0.000000
0.000000
0.000000
0.000000
0.000000
0.000000
0.000000
0.000000
0.000000
0.000000
0.000000
0.000000
0.000000
0.000000
0.000000
0.000000
0.000000
0.000000
0.000000
0.000000
0.000000
0.000000
0.000000
0.000000
0.000000
0.000000
0.000000
0.000000
0.000000
0.000000
0.008264
0.066116
0.061983
0.053719
0.074380
0.099174
0.169421
0.239669
0.285124
0.268595
0.214876
0.144628
0.090909
0.008264
0.000000
0.000000
0.000000
0.000000
0.000000
0.000000
0.000000
0.000000
0.000000
0.000000
0.000000
0.000000
0.000000
0.000000
0.024793
0.206612
0.202479
0.185950
0.276859
0.417355
0.652893
0.863636
0.979339
0.933884
0.793388
0.590909
0.371901
0.028926
0.000000
0.000000
0.000000
0.000000
0.000000
0.000000
0.000000
0.000000
0.000000
0.000000
0.000000
0.000000
0.000000
0.000000
0.016529
0.177686
0.181818
0.198347
0.334711
0.549587
0.768595
0.880165
0.913223
0.892562
0.851240
0.739669
0.504132
0.037190
0.000000
0.000000
0.000000
0.000000
0.000000
0.000000
0.000000
0.000000
0.000000
0.000000
0.000000
0.000000
0.000000
0.000000
0.016529
0.165289
0.161157
0.206612
0.388430
0.648760
0.830579
0.880165
0.876033
0.863636
0.871901
0.805785
0.590909
0.045455
0.000000
0.000000
0.000000
0.000000
0.000000
0.000000
0.000000
0.000000
0.000000
0.000000
0.000000
0.000000
0.000000
0.000000
0.020661
0.177686
0.173554
0.252066
0.454545
0.702479
0.859504
0.896694
0.913223
0.892562
0.876033
0.818182
0.603306
0.045455
0.000000
0.000000
0.000000
0.000000
0.000000
0.000000
0.000000
0.000000
0.000000
0.000000
0.000000
0.000000
0.000000
0.000000
0.024793
0.210744
0.214876
0.326446
0.545455
0.760331
0.871901
0.909091
0.938017
0.909091
0.867769
0.814050
0.599174
0.045455
0.000000
0.000000
0.000000
0.000000
0.000000
0.000000
0.000000
0.000000
0.000000
0.000000
0.000000
0.000000
0.000000
0.000000
0.028926
0.227273
0.223140
0.425620
0.698347
0.888430
0.921488
0.933884
0.942149
0.913223
0.851240
0.830579
0.636364
0.045455
0.000000
0.000000
0.000000
0.000000
0.000000
0.000000
0.000000
0.000000
0.000000
0.000000
0.000000
0.000000
0.000000
0.000000
0.028926
0.227273
0.219008
0.438017
0.747934
0.904959
0.917355
0.925620
0.929752
0.917355
0.876033
0.859504
0.673554
0.049587
0.000000
0.004132
0.000000
0.000000
0.000000
0.000000
0.000000
0.000000
0.000000
0.000000
0.000000
0.000000
0.000000
0.000000
0.028926
0.223140
0.214876
0.458678
0.797521
0.921488
0.909091
0.909091
0.913223
0.909091
0.888430
0.884298
0.714876
0.057851
0.000000
0.004132
0.000000
0.000000
0.000000
0.000000
0.000000
0.000000
0.000000
0.000000
0.000000
0.000000
0.000000
0.000000
0.028926
0.235537
0.231405
0.471074
0.797521
0.921488
0.900826
0.892562
0.896694
0.904959
0.888430
0.884298
0.723141
0.057851
0.000000
0.004132
0.000000
0.000000
0.000000
0.000000
0.000000
0.000000
0.000000
0.000000
0.000000
0.000000
0.000000
0.000000
0.028926
0.256198
0.276859
0.500000
0.793388
0.921488
0.904959
0.892562
0.896694
0.904959
0.876033
0.863636
0.698347
0.053719
0.000000
0.004132
0.000000
0.000000
0.000000
0.000000
0.000000
0.000000
0.000000
0.000000
0.000000
0.000000
0.000000
0.000000
0.028926
0.272727
0.330579
0.549587
0.826446
0.942149
0.925620
0.913223
0.913223
0.913223
0.871901
0.834711
0.652893
0.049587
0.000000
0.004132
0.000000
0.000000
0.000000
0.000000
0.000000
0.000000
0.000000
0.000000
0.000000
0.000000
0.000000
0.000000
0.028926
0.280992
0.371901
0.615703
0.859504
0.950413
0.938017
0.925620
0.929752
0.925620
0.867769
0.822314
0.623967
0.045455
0.000000
0.000000
0.000000
0.000000
0.000000
0.000000
0.000000
0.000000
0.000000
0.000000
0.000000
0.000000
0.000000
0.000000
0.033058
0.314050
0.458678
0.818182
0.917355
0.925620
0.942149
0.925620
0.921488
0.921488
0.880165
0.818182
0.652893
0.053719
0.000000
0.004132
0.000000
0.000000
0.000000
0.000000
0.000000
0.000000
0.000000
0.000000
0.000000
0.000000
0.000000
0.000000
0.033058
0.347107
0.541322
0.884298
1.000000
0.942149
0.938017
0.938017
0.925620
0.921488
0.884298
0.842975
0.677686
0.053719
0.000000
0.004132
0.000000
0.000000
0.000000
0.000000
0.000000
0.000000
0.000000
0.000000
0.000000
0.000000
0.000000
0.000000
0.037190
0.404959
0.586777
0.863636
0.933884
0.925620
0.946281
0.950413
0.933884
0.917355
0.892562
0.876033
0.694215
0.053719
0.000000
0.004132
0.000000
0.000000
0.000000
0.000000
0.000000
0.000000
0.000000
0.000000
0.000000
0.000000
0.000000
0.000000
0.049587
0.528926
0.673554
0.859504
0.917355
0.917355
0.942149
0.950413
0.933884
0.925620
0.900826
0.888430
0.685950
0.049587
0.000000
0.004132
0.000000
0.000000
0.000000
0.000000
0.000000
0.000000
0.000000
0.000000
0.000000
0.000000
0.004132
0.000000
0.057851
0.644628
0.768595
0.871901
0.925620
0.917355
0.929752
0.946281
0.938017
0.929752
0.900826
0.876033
0.657025
0.045455
0.000000
0.004132
0.000000
0.000000
0.000000
0.000000
0.000000
0.000000
0.000000
0.000000
0.000000
0.000000
0.004132
0.000000
0.057851
0.669421
0.818182
0.871901
0.904959
0.909091
0.921488
0.929752
0.933884
0.938017
0.896694
0.851240
0.632231
0.045455
0.000000
0.000000
0.000000
0.000000
0.000000
0.000000
0.000000
0.000000
0.000000
0.000000
0.000000
0.000000
0.004132
0.000000
0.053719
0.677686
0.859504
0.904959
0.921488
0.913223
0.913223
0.913223
0.925620
0.933884
0.892562
0.834711
0.615703
0.045455
0.000000
0.000000
0.000000
0.000000
0.000000
0.000000
0.000000
0.000000
0.000000
0.000000
0.000000
0.000000
0.004132
0.000000
0.057851
0.690083
0.859504
0.880165
0.884298
0.913223
0.925620
0.900826
0.876033
0.917355
0.909091
0.814050
0.586777
0.045455
0.000000
0.000000
0.000000
0.000000
0.000000
0.000000
0.000000
0.000000
0.000000
0.000000
0.000000
0.000000
0.000000
0.000000
0.041322
0.533058
0.739669
0.871901
0.966942
0.925620
0.917355
0.925620
0.925620
0.954545
0.876033
0.714876
0.479339
0.033058
0.000000
0.000000
0.000000
0.000000
0.000000
0.000000
0.000000
0.000000
0.000000
0.000000
0.000000
0.000000
0.000000
0.000000
0.028926
0.363636
0.545455
0.735537
0.867769
0.913223
0.925620
0.921488
0.900826
0.884298
0.743802
0.528926
0.359504
0.028926
0.000000
0.000000
0.000000
0.000000
0.000000
0.000000
0.000000
0.000000
0.000000
0.000000
0.000000
0.000000
0.000000
0.000000
0.008264
0.086777
0.132231
0.185950
0.223140
0.247934
0.256198
0.252066
0.243802
0.231405
0.185950
0.128099
0.095041
0.008264
0.000000
0.000000
0.000000
0.000000
0.000000
0.000000
0.000000
0.000000
0.000000
0.000000
0.000000
0.000000
0.000000
0.000000
0.000000
0.000000
0.000000
0.000000
0.000000
0.000000
0.000000
0.000000
0.000000
0.000000
0.000000
0.000000
0.000000
0.000000
0.000000
0.000000
0.000000
0.000000
0.000000
0.000000
0.000000
0.000000
0.000000
0.000000
0.000000
0.000000
0.000000
0.000000
0.000000
0.004132
0.008264
0.008264
0.012397
0.012397
0.012397
0.012397
0.012397
0.012397
0.012397
0.008264
0.004132
0.000000
0.000000
0.000000
0.000000
0.000000
0.000000
0.000000
0.000000
