0.000000
0.000000
0.000000
0.000000
0.000000
0.000000
0.000000
0.000000
0.000000
0.000000
0.000000
0.000000
0.000000
0.000000
0.000000
0.000000
0.000000
0.000000
0.000000
0.000000
0.000000
0.000000
0.000000
0.000000
0.000000
0.000000
0.000000
0.000000
0.000000
0.000000
0.000000
0.000000
0.000000
0.011765
0.019608
0.023529
0.023529
0.023529
0.023529
0.023529
0.023529
0.023529
0.023529
0.023529
0.023529
0.023529
0.027451
0.027451
0.023529
0.023529
0.015686
0.003922
0.000000
0.000000
0.000000
0.000000
0.000000
0.000000
0.000000
0.000000
0.000000
0.000000
0.000000
0.000000
0.000000
0.000000
0.000000
0.000000
0.000000
0.000000
0.000000
0.000000
0.000000
0.000000
0.000000
0.000000
0.000000
0.000000
0.000000
0.000000
0.000000
0.000000
0.000000
0.000000
0.000000
0.000000
0.003922
0.000000
0.011765
0.101961
0.196078
0.262745
0.290196
0.294118
0.286274
0.278431
0.274510
0.270588
0.274510
0.282353
0.290196
0.294118
0.309804
0.301961
0.290196
0.262745
0.176471
0.023529
0.000000
0.003922
0.000000
0.000000
0.000000
0.000000
0.007843
0.000000
0.047059
0.411765
0.729412
0.905882
0.964706
0.968627
0.956863
0.941176
0.929412
0.921569
0.933333
0.945098
0.960784
0.972549
1.000000
0.984314
0.960784
0.905882
0.643137
0.086275
0.000000
0.019608
0.000000
0.000000
0.000000
0.000000
0.015686
0.000000
0.070588
0.580392
0.909804
1.000000
0.988235
0.992157
0.996078
0.996078
0.996078
0.996078
0.996078
0.996078
0.996078
0.992157
0.996078
0.956863
0.968627
1.000000
0.780392
0.109804
0.000000
0.023529
0.000000
0.000000
0.000000
0.000000
0.019608
0.000000
0.082353
0.654902
0.976471
1.000000
0.960784
0.960784
0.976471
0.984314
0.996078
1.000000
1.000000
0.996078
0.988235
0.980392
0.984314
0.909804
0.909804
1.000000
0.823529
0.117647
0.000000
0.023529
0.000000
0.000000
0.000000
0.000000
0.015686
0.000000
0.082353
0.643137
0.960784
0.972549
0.933333
0.956863
0.968627
0.980392
0.992157
0.996078
0.996078
0.992157
0.988235
0.980392
0.988235
0.890196
0.882353
0.996078
0.819608
0.117647
0.000000
0.023529
0.000000
0.000000
0.000000
0.000000
0.015686
0.000000
0.074510
0.607843
0.952941
0.980392
0.964706
0.988235
0.988235
0.992157
0.996078
0.996078
0.996078
0.996078
1.000000
0.992157
1.000000
0.909804
0.909804
1.000000
0.800000
0.113725
0.000000
0.023529
0.000000
0.000000
0.000000
0.000000
0.015686
0.000000
0.074510
0.596078
0.941176
1.000000
0.992157
0.992157
0.996078
0.996078
0.992157
0.992157
0.992157
0.992157
0.996078
0.996078
0.992157
0.901961
0.917647
1.000000
0.772549
0.105882
0.000000
0.023529
0.000000
0.000000
0.000000
0.000000
0.015686
0.000000
0.078431
0.615686
0.917647
0.996078
0.980392
0.980392
0.988235
0.996078
0.996078
0.992157
0.992157
0.992157
0.992157
0.996078
0.988235
0.882353
0.898039
1.000000
0.760784
0.105882
0.000000
0.019608
0.000000
0.000000
0.000000
0.000000
0.015686
0.000000
0.082353
0.627451
0.933333
0.988235
0.972549
0.980392
0.988235
0.996078
0.996078
0.992157
0.992157
0.992157
0.992157
0.996078
0.992157
0.890196
0.901961
1.000000
0.788235
0.109804
0.000000
0.023529
0.000000
0.000000
0.000000
0.000000
0.015686
0.000000
0.078431
0.600000
0.917647
0.996078
0.980392
0.976471
0.988235
0.996078
0.996078
0.992157
0.992157
0.992157
0.992157
0.996078
0.992157
0.890196
0.898039
1.000000
0.807843
0.113725
0.000000
0.023529
0.000000
0.000000
0.000000
0.000000
0.015686
0.000000
0.070588
0.564706
0.894118
1.000000
0.992157
0.976471
0.988235
0.996078
0.996078
0.992157
0.992157
0.992157
0.992157
0.996078
0.992157
0.886275
0.894118
1.000000
0.803922
0.113725
0.000000
0.023529
0.000000
0.000000
0.000000
0.000000
0.015686
0.000000
0.074510
0.576471
0.890196
0.988235
0.980392
0.976471
0.988235
0.996078
0.996078
0.992157
0.992157
0.992157
0.992157
0.996078
1.000000
0.886275
0.894118
1.000000
0.788235
0.113725
0.000000
0.023529
0.000000
0.000000
0.000000
0.000000
0.015686
0.000000
0.078431
0.611765
0.905882
0.972549
0.968627
0.980392
0.988235
0.996078
0.996078
0.992157
0.992157
0.992157
0.992157
0.992157
1.000000
0.898039
0.898039
1.000000
0.772549
0.109804
0.000000
0.019608
0.000000
0.000000
0.000000
0.000000
0.015686
0.000000
0.078431
0.619608
0.913725
0.992157
0.980392
0.980392
0.988235
0.996078
0.996078
0.992157
0.992157
0.992157
0.992157
0.992157
1.000000
0.909804
0.905882
1.000000
0.772549
0.105882
0.000000
0.019608
0.000000
0.000000
0.000000
0.000000
0.015686
0.000000
0.078431
0.607843
0.917647
1.000000
0.984314
0.980392
0.988235
0.996078
0.996078
0.992157
0.992157
0.992157
0.992157
0.996078
1.000000
0.905882
0.905882
1.000000
0.780392
0.109804
0.000000
0.023529
0.000000
0.000000
0.000000
0.000000
0.015686
0.000000
0.082353
0.623529
0.925490
0.996078
0.984314
0.980392
0.984314
0.992157
0.992157
0.992157
0.992157
0.992157
0.992157
0.992157
0.984314
0.886275
0.901961
1.000000
0.788235
0.109804
0.000000
0.023529
0.000000
0.000000
0.000000
0.000000
0.015686
0.000000
0.082353
0.619608
0.901961
0.996078
0.988235
0.976471
1.000000
1.000000
1.000000
1.000000
0.988235
0.984314
0.992157
1.000000
1.000000
0.905882
0.901961
0.996078
0.788235
0.109804
0.000000
0.023529
0.000000
0.000000
0.000000
0.000000
0.015686
0.000000
0.086275
0.643137
0.909804
0.996078
0.960784
0.917647
0.941176
0.949020
0.949020
0.941176
0.929412
0.925490
0.933333
0.941176
0.945098
0.862745
0.878431
0.988235
0.807843
0.117647
0.000000
0.023529
0.000000
0.000000
0.000000
0.000000
0.019608
0.000000
0.090196
0.674510
0.949020
1.000000
0.952941
0.905882
0.898039
0.890196
0.894118
0.909804
0.921569
0.917647
0.901961
0.886275
0.874510
0.843137
0.905882
1.000000
0.827451
0.117647
0.000000
0.023529
0.000000
0.000000
0.000000
0.000000
0.015686
0.000000
0.074510
0.572549
0.870588
0.972549
0.988235
0.996078
0.996078
0.996078
0.996078
0.996078
0.992157
0.984314
0.976471
0.968627
0.992157
0.992157
1.000000
1.000000
0.745098
0.101961
0.000000
0.019608
0.000000
0.000000
0.000000
0.000000
0.007843
0.000000
0.035294
0.321569
0.580392
0.772549
0.811765
0.807843
0.847059
0.862745
0.847059
0.796078
0.749020
0.737255
0.752941
0.776471
0.850980
0.894118
0.850980
0.717647
0.450980
0.054902
0.000000
0.015686
0.000000
0.000000
0.000000
0.000000
0.003922
0.000000
0.003922
0.062745
0.133333
0.203922
0.219608
0.211765
0.231373
0.239216
0.231373
0.207843
0.188235
0.180392
0.192157
0.203922
0.231373
0.250980
0.231373
0.176471
0.094118
0.011765
0.000000
0.003922
0.000000
0.000000
0.000000
0.000000
0.000000
0.000000
0.000000
0.000000
0.000000
0.000000
0.000000
0.000000
0.000000
0.000000
0.000000
0.000000
0.000000
0.000000
0.000000
0.000000
0.000000
0.000000
0.000000
0.000000
0.000000
0.000000
0.000000
0.000000
0.000000
0.000000
0.000000
0.000000
0.000000
0.000000
0.000000
0.007843
0.015686
0.019608
0.019608
0.019608
0.019608
0.023529
0.019608
0.019608
0.019608
0.019608
0.019608
0.019608
0.019608
0.023529
0.019608
0.015686
0.011765
0.000000
0.000000
0.000000
0.000000
0.000000
0.000000
0.000000
0.000000
0.000000
0.000000
0.000000
0.000000
0.000000
0.000000
0.000000
0.000000
0.000000
0.000000
0.000000
0.000000
0.000000
0.000000
0.000000
0.000000
0.000000
0.000000
0.000000
0.000000
0.000000
0.000000
0.000000
0.000000
0.000000
