0.000000
0.000000
0.000000
0.000000
0.000000
0.000000
0.000000
0.000000
0.000000
0.000000
0.000000
0.000000
0.000000
0.000000
0.000000
0.000000
0.000000
0.000000
0.000000
0.000000
0.000000
0.000000
0.000000
0.000000
0.000000
0.000000
0.000000
0.000000
0.000000
0.000000
0.000000
0.000000
0.003953
0.003953
0.003953
0.003953
0.007905
0.007905
0.011858
0.011858
0.015810
0.015810
0.015810
0.015810
0.019763
0.023715
0.023715
0.023715
0.023715
0.023715
0.015810
0.000000
0.000000
0.000000
0.000000
0.000000
0.000000
0.000000
0.000000
0.000000
0.000000
0.000000
0.000000
0.000000
0.000000
0.000000
0.000000
0.000000
0.000000
0.000000
0.000000
0.000000
0.000000
0.000000
0.000000
0.000000
0.000000
0.000000
0.000000
0.000000
0.000000
0.000000
0.000000
0.000000
0.000000
0.000000
0.000000
0.007905
0.035573
0.035573
0.023715
0.023715
0.031621
0.039526
0.055336
0.075099
0.090909
0.094862
0.102767
0.110672
0.134387
0.154150
0.158103
0.177866
0.177866
0.169960
0.114625
0.003953
0.000000
0.003953
0.000000
0.000000
0.000000
0.003953
0.000000
0.035573
0.169960
0.173913
0.146245
0.158103
0.213439
0.272727
0.355731
0.458498
0.525692
0.545455
0.573123
0.612648
0.711462
0.786561
0.802372
0.893281
0.893281
0.861660
0.584980
0.015810
0.000000
0.015810
0.000000
0.000000
0.000000
0.003953
0.000000
0.027668
0.158103
0.189723
0.221344
0.292490
0.387352
0.498024
0.616601
0.727273
0.786561
0.786561
0.794466
0.822134
0.881423
0.905138
0.916996
0.996047
0.984190
0.956522
0.656126
0.015810
0.000000
0.015810
0.000000
0.000000
0.000000
0.007905
0.000000
0.035573
0.201581
0.272727
0.399209
0.525692
0.624506
0.747036
0.841897
0.905138
0.916996
0.877470
0.853755
0.865613
0.893281
0.893281
0.881423
0.936759
0.920949
0.920949
0.648221
0.015810
0.000000
0.015810
0.000000
0.000000
0.000000
0.007905
0.000000
0.059289
0.316206
0.430830
0.577075
0.711462
0.794466
0.889328
0.936759
0.956522
0.928854
0.877470
0.841897
0.853755
0.885375
0.881423
0.857708
0.905138
0.897233
0.920949
0.664032
0.015810
0.000000
0.015810
0.000000
0.000000
0.000000
0.011858
0.000000
0.086957
0.466403
0.616601
0.671937
0.743083
0.826087
0.889328
0.913043
0.920949
0.897233
0.861660
0.845850
0.865613
0.897233
0.877470
0.861660
0.913043
0.905138
0.924901
0.660079
0.015810
0.000000
0.015810
0.000000
0.000000
0.000000
0.019763
0.000000
0.122530
0.656126
0.810277
0.747036
0.739130
0.826087
0.861660
0.881423
0.905138
0.913043
0.893281
0.889328
0.909091
0.916996
0.893281
0.889328
0.948617
0.924901
0.901186
0.620553
0.015810
0.000000
0.015810
0.000000
0.000000
0.000000
0.023715
0.000000
0.166008
0.826087
0.916996
0.822134
0.818182
0.885375
0.897233
0.909091
0.940711
0.956522
0.936759
0.916996
0.920949
0.913043
0.901186
0.916996
0.972332
0.920949
0.845850
0.557312
0.011858
0.000000
0.015810
0.000000
0.000000
0.000000
0.023715
0.000000
0.158103
0.790514
0.849802
0.814229
0.826087
0.865613
0.928854
0.952569
0.956522
0.968379
0.964427
0.928854
0.909091
0.920949
0.920949
0.924901
0.988142
0.944664
0.845850
0.533597
0.011858
0.000000
0.015810
0.000000
0.000000
0.000000
0.019763
0.000000
0.126482
0.664032
0.790514
0.830040
0.826087
0.830040
0.920949
0.952569
0.928854
0.936759
0.956522
0.924901
0.909091
0.932806
0.932806
0.913043
0.984190
0.960474
0.861660
0.537549
0.011858
0.000000
0.015810
0.000000
0.000000
0.000000
0.019763
0.000000
0.118577
0.632411
0.818182
0.909091
0.897233
0.857708
0.905138
0.920949
0.905138
0.905138
0.920949
0.905138
0.920949
0.936759
0.913043
0.893281
0.956522
0.932806
0.841897
0.533597
0.011858
0.000000
0.015810
0.000000
0.000000
0.000000
0.019763
0.000000
0.122530
0.652174
0.810277
0.932806
0.940711
0.869565
0.905138
0.913043
0.893281
0.885375
0.897233
0.889328
0.913043
0.928854
0.905138
0.881423
0.940711
0.920949
0.833992
0.525692
0.011858
0.000000
0.015810
0.000000
0.000000
0.000000
0.019763
0.000000
0.142292
0.727273
0.830040
0.913043
0.936759
0.889328
0.932806
0.924901
0.885375
0.881423
0.901186
0.889328
0.893281
0.913043
0.905138
0.881423
0.948617
0.924901
0.833992
0.521739
0.011858
0.000000
0.015810
0.000000
0.000000
0.000000
0.019763
0.000000
0.154150
0.778656
0.889328
0.885375
0.885375
0.905138
0.960474
0.928854
0.869565
0.873518
0.913043
0.905138
0.885375
0.905138
0.905138
0.893281
0.968379
0.940711
0.837945
0.521739
0.011858
0.000000
0.015810
0.000000
0.000000
0.000000
0.019763
0.000000
0.142292
0.754941
0.909091
0.865613
0.845850
0.901186
0.956522
0.905138
0.833992
0.845850
0.913043
0.920949
0.901186
0.909091
0.909091
0.909091
0.984190
0.956522
0.845850
0.521739
0.011858
0.000000
0.015810
0.000000
0.000000
0.000000
0.019763
0.000000
0.130435
0.691700
0.853755
0.853755
0.837945
0.873518
0.909091
0.861660
0.794466
0.818182
0.893281
0.913043
0.913043
0.920949
0.913043
0.909091
0.984190
0.956522
0.849802
0.525692
0.011858
0.000000
0.015810
0.000000
0.000000
0.000000
0.019763
0.000000
0.118577
0.640316
0.798419
0.853755
0.845850
0.818182
0.849802
0.826087
0.782609
0.802372
0.857708
0.877470
0.897233
0.920949
0.913043
0.889328
0.960474
0.936759
0.845850
0.537549
0.011858
0.000000
0.015810
0.000000
0.000000
0.000000
0.015810
0.000000
0.118577
0.632411
0.818182
0.869565
0.814229
0.739130
0.762846
0.806324
0.818182
0.810277
0.818182
0.830040
0.857708
0.901186
0.893281
0.837945
0.897233
0.889328
0.841897
0.557312
0.011858
0.000000
0.015810
0.000000
0.000000
0.000000
0.015810
0.000000
0.106719
0.608696
0.841897
0.940711
0.869565
0.778656
0.826087
0.818182
0.794466
0.822134
0.845850
0.798419
0.841897
0.916996
0.932806
0.924901
0.960474
0.920949
0.826087
0.517787
0.011858
0.000000
0.015810
0.000000
0.000000
0.000000
0.015810
0.000000
0.086957
0.509881
0.747036
0.909091
0.869565
0.794466
0.885375
0.770751
0.687747
0.766798
0.841897
0.723320
0.782609
0.881423
0.936759
0.996047
1.000000
0.905138
0.727273
0.403162
0.007905
0.000000
0.011858
0.000000
0.000000
0.000000
0.007905
0.000000
0.055336
0.335968
0.494071
0.600791
0.565217
0.525692
0.608696
0.545455
0.501976
0.557312
0.600791
0.505929
0.529644
0.628458
0.691700
0.711462
0.707510
0.628458
0.490119
0.264822
0.003953
0.000000
0.007905
0.000000
0.000000
0.000000
0.000000
0.000000
0.007905
0.055336
0.083004
0.098814
0.094862
0.086957
0.106719
0.094862
0.090909
0.098814
0.106719
0.086957
0.090909
0.110672
0.126482
0.126482
0.122530
0.110672
0.083004
0.043478
0.000000
0.000000
0.000000
0.000000
0.000000
0.000000
0.000000
0.000000
0.000000
0.000000
0.000000
0.000000
0.000000
0.000000
0.000000
0.000000
0.000000
0.000000
0.000000
0.000000
0.000000
0.000000
0.000000
0.000000
0.000000
0.000000
0.000000
0.000000
0.000000
0.000000
0.000000
0.000000
0.000000
0.000000
0.000000
0.000000
0.000000
0.007905
0.015810
0.015810
0.015810
0.015810
0.015810
0.015810
0.015810
0.015810
0.015810
0.015810
0.015810
0.015810
0.019763
0.019763
0.019763
0.015810
0.011858
0.007905
0.000000
0.000000
0.000000
0.000000
0.000000
0.000000
0.000000
0.000000
0.000000
0.000000
0.000000
0.000000
0.000000
0.000000
0.000000
0.000000
0.000000
0.000000
0.000000
0.000000
0.000000
0.000000
0.000000
0.000000
0.000000
0.000000
0.000000
0.000000
0.000000
0.000000
0.000000
0.000000
0.000000
