0.000000
0.000000
0.000000
0.000000
0.000000
0.000000
0.000000
0.000000
0.000000
0.000000
0.000000
0.000000
0.000000
0.000000
0.000000
0.000000
0.000000
0.000000
0.000000
0.000000
0.000000
0.000000
0.000000
0.000000
0.000000
0.000000
0.000000
0.000000
0.000000
0.000000
0.000000
0.000000
0.000000
0.003922
0.011765
0.015686
0.015686
0.015686
0.015686
0.015686
0.015686
0.015686
0.015686
0.015686
0.019608
0.019608
0.015686
0.015686
0.011765
0.007843
0.000000
0.000000
0.000000
0.000000
0.000000
0.000000
0.000000
0.000000
0.000000
0.000000
0.000000
0.000000
0.000000
0.000000
0.000000
0.000000
0.000000
0.000000
0.000000
0.000000
0.000000
0.000000
0.000000
0.000000
0.000000
0.000000
0.000000
0.000000
0.000000
0.000000
0.000000
0.000000
0.000000
0.000000
0.000000
0.000000
0.000000
0.003922
0.000000
0.031373
0.211765
0.258824
0.294118
0.294118
0.290196
0.286274
0.278431
0.278431
0.286274
0.298039
0.301961
0.305882
0.282353
0.239216
0.211765
0.145098
0.019608
0.000000
0.003922
0.000000
0.000000
0.000000
0.000000
0.000000
0.000000
0.015686
0.000000
0.105882
0.658823
0.737255
0.764706
0.796078
0.803922
0.792157
0.772549
0.768627
0.784314
0.811765
0.823529
0.815686
0.803922
0.772549
0.686275
0.490196
0.070588
0.000000
0.011765
0.000000
0.000000
0.000000
0.000000
0.000000
0.000000
0.019608
0.000000
0.137255
0.850980
0.870588
0.807843
0.862745
0.905882
0.882353
0.870588
0.858824
0.874510
0.894118
0.905882
0.878431
0.913725
0.992157
0.905882
0.686275
0.098039
0.000000
0.015686
0.000000
0.000000
0.000000
0.000000
0.000000
0.000000
0.019608
0.000000
0.141176
0.847059
0.858824
0.792157
0.831373
0.862745
0.839216
0.827451
0.815686
0.827451
0.843137
0.854902
0.827451
0.847059
0.917647
0.898039
0.713725
0.105882
0.000000
0.015686
0.000000
0.000000
0.000000
0.000000
0.000000
0.000000
0.019608
0.000000
0.133333
0.811765
0.850980
0.827451
0.831373
0.835294
0.827451
0.811765
0.800000
0.807843
0.823529
0.827451
0.803922
0.796078
0.843137
0.886275
0.745098
0.113725
0.000000
0.015686
0.000000
0.000000
0.000000
0.000000
0.000000
0.000000
0.019608
0.000000
0.145098
0.866667
0.839216
0.800000
0.827451
0.847059
0.843137
0.843137
0.831373
0.827451
0.819608
0.819608
0.811765
0.827451
0.874510
0.878431
0.725490
0.109804
0.000000
0.015686
0.000000
0.000000
0.000000
0.000000
0.000000
0.000000
0.019608
0.000000
0.149020
0.886275
0.835294
0.796078
0.819608
0.831373
0.831373
0.835294
0.835294
0.835294
0.835294
0.839216
0.843137
0.854902
0.882353
0.866667
0.713725
0.109804
0.000000
0.015686
0.000000
0.000000
0.000000
0.000000
0.000000
0.000000
0.019608
0.000000
0.149020
0.874510
0.835294
0.815686
0.827451
0.827451
0.823529
0.823529
0.831373
0.850980
0.866667
0.870588
0.882353
0.866667
0.862745
0.858824
0.709804
0.105882
0.000000
0.015686
0.000000
0.000000
0.000000
0.000000
0.000000
0.000000
0.019608
0.000000
0.149020
0.874510
0.835294
0.827451
0.850980
0.847059
0.831373
0.827451
0.835294
0.858824
0.882353
0.890196
0.894118
0.874510
0.858824
0.854902
0.698039
0.105882
0.000000
0.015686
0.000000
0.000000
0.000000
0.000000
0.000000
0.000000
0.019608
0.000000
0.149020
0.874510
0.835294
0.839216
0.862745
0.854902
0.835294
0.819608
0.827451
0.847059
0.866667
0.870588
0.870588
0.862745
0.870588
0.850980
0.686275
0.105882
0.000000
0.015686
0.000000
0.000000
0.000000
0.000000
0.000000
0.000000
0.019608
0.000000
0.149020
0.886275
0.850980
0.847059
0.858824
0.843137
0.823529
0.811765
0.815686
0.835294
0.850980
0.858824
0.850980
0.854902
0.874510
0.847059
0.678431
0.101961
0.000000
0.015686
0.000000
0.000000
0.000000
0.000000
0.000000
0.000000
0.019608
0.000000
0.152941
0.909804
0.870588
0.843137
0.847059
0.839216
0.827451
0.823529
0.831373
0.850980
0.862745
0.874510
0.866667
0.870588
0.874510
0.843137
0.670588
0.101961
0.000000
0.015686
0.000000
0.000000
0.000000
0.000000
0.000000
0.000000
0.023529
0.000000
0.156863
0.929412
0.886275
0.835294
0.839216
0.839216
0.839216
0.839216
0.850980
0.862745
0.870588
0.882353
0.886275
0.882353
0.870588
0.843137
0.670588
0.101961
0.000000
0.015686
0.000000
0.000000
0.000000
0.000000
0.000000
0.000000
0.023529
0.000000
0.156863
0.937255
0.905882
0.831373
0.819608
0.831373
0.839216
0.843137
0.847059
0.850980
0.858824
0.862745
0.870588
0.870588
0.870588
0.839216
0.670588
0.098039
0.000000
0.015686
0.000000
0.000000
0.000000
0.000000
0.000000
0.000000
0.023529
0.000000
0.168627
0.972549
0.870588
0.815686
0.815686
0.823529
0.827451
0.839216
0.847059
0.839216
0.831373
0.835294
0.847059
0.878431
0.905882
0.847059
0.662745
0.098039
0.000000
0.015686
0.000000
0.000000
0.000000
0.000000
0.000000
0.000000
0.023529
0.000000
0.176471
1.000000
0.835294
0.815686
0.827451
0.819608
0.823529
0.831373
0.835294
0.819608
0.807843
0.815686
0.839216
0.858824
0.866667
0.839216
0.674510
0.098039
0.000000
0.015686
0.000000
0.000000
0.000000
0.000000
0.000000
0.000000
0.023529
0.000000
0.172549
0.976471
0.843137
0.807843
0.823529
0.827451
0.823529
0.807843
0.788235
0.784314
0.792157
0.807843
0.827451
0.792157
0.760784
0.827451
0.709804
0.109804
0.000000
0.015686
0.000000
0.000000
0.000000
0.000000
0.000000
0.000000
0.023529
0.000000
0.164706
0.941176
0.815686
0.749020
0.796078
0.823529
0.807843
0.776471
0.745098
0.741176
0.776471
0.803922
0.800000
0.768627
0.784314
0.866667
0.745098
0.113725
0.000000
0.015686
0.000000
0.000000
0.000000
0.000000
0.000000
0.000000
0.019608
0.000000
0.145098
0.866667
0.800000
0.764706
0.768627
0.776471
0.772549
0.733333
0.698039
0.709804
0.768627
0.800000
0.764706
0.776471
0.870588
0.886275
0.721569
0.105882
0.000000
0.015686
0.000000
0.000000
0.000000
0.000000
0.000000
0.000000
0.015686
0.000000
0.113725
0.709804
0.760784
0.796078
0.803922
0.811765
0.815686
0.784314
0.764706
0.792157
0.854902
0.882353
0.858824
0.827451
0.819608
0.768627
0.580392
0.082353
0.000000
0.011765
0.000000
0.000000
0.000000
0.000000
0.000000
0.000000
0.011765
0.000000
0.074510
0.494118
0.600000
0.658823
0.639216
0.623529
0.639216
0.623529
0.623529
0.666667
0.725490
0.749020
0.737255
0.694118
0.631373
0.541176
0.380392
0.050980
0.000000
0.007843
0.000000
0.000000
0.000000
0.000000
0.000000
0.000000
0.003922
0.000000
0.023529
0.156863
0.200000
0.223529
0.203922
0.192157
0.196078
0.196078
0.200000
0.219608
0.243137
0.250980
0.247059
0.235294
0.211765
0.168627
0.113725
0.015686
0.000000
0.003922
0.000000
0.000000
0.000000
0.000000
0.000000
0.000000
0.000000
0.000000
0.000000
0.000000
0.000000
0.000000
0.000000
0.000000
0.000000
0.000000
0.000000
0.000000
0.000000
0.000000
0.000000
0.000000
0.000000
0.000000
0.000000
0.000000
0.000000
0.000000
0.000000
0.000000
0.000000
0.000000
0.000000
0.000000
0.000000
0.000000
0.000000
0.011765
0.011765
0.015686
0.011765
0.011765
0.011765
0.011765
0.011765
0.011765
0.015686
0.015686
0.015686
0.015686
0.011765
0.011765
0.007843
0.000000
0.000000
0.000000
0.000000
0.000000
0.000000
0.000000
0.000000
0.000000
0.000000
0.000000
0.000000
0.000000
0.000000
0.000000
0.000000
0.000000
0.000000
0.000000
0.000000
0.000000
0.000000
0.000000
0.000000
0.000000
0.000000
0.000000
0.000000
0.000000
0.000000
0.000000
0.000000
0.000000
0.000000
