0.000000
0.000000
0.000000
0.000000
0.000000
0.000000
0.000000
0.000000
0.000000
0.000000
0.000000
0.000000
0.000000
0.000000
0.000000
0.000000
0.000000
0.000000
0.000000
0.000000
0.000000
0.000000
0.000000
0.000000
0.000000
0.000000
0.000000
0.000000
0.000000
0.000000
0.000000
0.000000
0.000000
0.008439
0.004219
0.004219
0.004219
0.004219
0.000000
0.004219
0.004219
0.004219
0.004219
0.008439
0.008439
0.012658
0.012658
0.016878
0.016878
0.016878
0.012658
0.000000
0.000000
0.000000
0.000000
0.000000
0.000000
0.000000
0.000000
0.000000
0.000000
0.000000
0.000000
0.000000
0.000000
0.000000
0.000000
0.000000
0.000000
0.000000
0.000000
0.000000
0.000000
0.000000
0.000000
0.000000
0.000000
0.000000
0.000000
0.000000
0.000000
0.000000
0.000000
0.000000
0.000000
0.000000
0.004219
0.000000
0.016878
0.084388
0.037975
0.042194
0.054852
0.033755
0.016878
0.029536
0.054852
0.067511
0.067511
0.071730
0.092827
0.113924
0.151899
0.189873
0.202532
0.177215
0.122363
0.016878
0.000000
0.004219
0.000000
0.000000
0.000000
0.000000
0.008439
0.000000
0.042194
0.248945
0.160338
0.160338
0.172996
0.101266
0.067511
0.122363
0.206751
0.253165
0.248945
0.270042
0.350211
0.421941
0.544304
0.675105
0.721519
0.649789
0.455696
0.063291
0.000000
0.012658
0.000000
0.000000
0.000000
0.000000
0.004219
0.000000
0.025316
0.177215
0.219409
0.223629
0.206751
0.185654
0.202532
0.261603
0.295359
0.312236
0.324894
0.379747
0.472574
0.540084
0.662447
0.801688
0.856540
0.789030
0.573840
0.075949
0.000000
0.016878
0.000000
0.000000
0.000000
0.000000
0.004219
0.000000
0.016878
0.147679
0.227848
0.282700
0.371308
0.497890
0.582278
0.556962
0.426160
0.358650
0.434599
0.561181
0.632911
0.683544
0.776371
0.869198
0.907173
0.848101
0.645570
0.088608
0.000000
0.016878
0.000000
0.000000
0.000000
0.000000
0.008439
0.000000
0.025316
0.202532
0.270042
0.396624
0.616034
0.822785
0.894515
0.784810
0.565401
0.472574
0.594937
0.746835
0.789030
0.810127
0.839662
0.877637
0.886076
0.843882
0.666667
0.092827
0.000000
0.016878
0.000000
0.000000
0.000000
0.000000
0.012658
0.000000
0.042194
0.312236
0.438819
0.590717
0.772152
0.881857
0.894515
0.827004
0.713080
0.670886
0.751055
0.856540
0.902954
0.911392
0.902954
0.890295
0.864979
0.835443
0.687764
0.101266
0.000000
0.021097
0.000000
0.000000
0.000000
0.000000
0.012658
0.000000
0.067511
0.489451
0.628692
0.742616
0.839662
0.827004
0.742616
0.704641
0.759494
0.848101
0.890295
0.915612
0.949367
0.936709
0.907173
0.886076
0.869198
0.839662
0.679325
0.097046
0.000000
0.021097
0.000000
0.000000
0.000000
0.000000
0.016878
0.000000
0.101266
0.679325
0.755274
0.810127
0.894515
0.843882
0.679325
0.578059
0.691983
0.898734
0.978903
0.949367
0.945148
0.898734
0.843882
0.835443
0.860759
0.831224
0.632911
0.088608
0.000000
0.016878
0.000000
0.000000
0.000000
0.000000
0.021097
0.000000
0.105485
0.721519
0.873418
0.890295
0.881857
0.793249
0.654008
0.594937
0.683544
0.843882
0.932489
0.936709
0.919831
0.881857
0.822785
0.797468
0.805907
0.784810
0.611814
0.084388
0.000000
0.016878
0.000000
0.000000
0.000000
0.000000
0.016878
0.000000
0.092827
0.679325
0.873418
0.886076
0.839662
0.767932
0.704641
0.704641
0.759494
0.827004
0.886076
0.907173
0.873418
0.848101
0.793249
0.746835
0.738397
0.725738
0.582278
0.084388
0.000000
0.016878
0.000000
0.000000
0.000000
0.000000
0.012658
0.000000
0.075949
0.565401
0.772152
0.814346
0.797468
0.763713
0.763713
0.818565
0.843882
0.827004
0.827004
0.852321
0.852321
0.848101
0.801688
0.742616
0.721519
0.708861
0.578059
0.084388
0.000000
0.016878
0.000000
0.000000
0.000000
0.000000
0.012658
0.000000
0.071730
0.527426
0.734177
0.810127
0.805907
0.763713
0.755274
0.814346
0.843882
0.814346
0.789030
0.822785
0.877637
0.894515
0.864979
0.810127
0.776371
0.755274
0.611814
0.088608
0.000000
0.016878
0.000000
0.000000
0.000000
0.000000
0.016878
0.000000
0.088608
0.637131
0.827004
0.894515
0.886076
0.810127
0.755274
0.784810
0.822785
0.831224
0.831224
0.864979
0.915612
0.940928
0.924051
0.886076
0.852321
0.810127
0.641350
0.092827
0.000000
0.016878
0.000000
0.000000
0.000000
0.000000
0.021097
0.000000
0.109705
0.776371
0.936709
0.966245
0.966245
0.911392
0.848101
0.835443
0.860759
0.890295
0.928270
0.945148
0.932489
0.957806
0.949367
0.919831
0.886076
0.827004
0.628692
0.088608
0.000000
0.016878
0.000000
0.000000
0.000000
0.000000
0.021097
0.000000
0.118143
0.822785
0.978903
0.966245
0.962025
0.962025
0.928270
0.877637
0.856540
0.898734
0.962025
0.978903
0.953587
0.962025
0.945148
0.924051
0.894515
0.818565
0.594937
0.080169
0.000000
0.016878
0.000000
0.000000
0.000000
0.000000
0.021097
0.000000
0.109705
0.776371
0.995781
0.928270
0.873418
0.902954
0.877637
0.780591
0.729958
0.805907
0.898734
0.957806
0.995781
0.983122
0.953587
0.932489
0.902954
0.810127
0.573840
0.075949
0.000000
0.016878
0.000000
0.000000
0.000000
0.000000
0.021097
0.000000
0.097046
0.713080
0.962025
0.902954
0.827004
0.848101
0.860759
0.797468
0.713080
0.713080
0.797468
0.898734
0.962025
0.966245
0.945148
0.919831
0.886076
0.805907
0.590717
0.080169
0.000000
0.016878
0.000000
0.000000
0.000000
0.000000
0.021097
0.000000
0.088608
0.675105
0.911392
0.919831
0.881857
0.890295
0.907173
0.877637
0.772152
0.683544
0.704641
0.805907
0.894515
0.928270
0.936709
0.936709
0.911392
0.831224
0.611814
0.084388
0.000000
0.016878
0.000000
0.000000
0.000000
0.000000
0.016878
0.000000
0.084388
0.620253
0.856540
0.928270
0.953587
0.962025
0.932489
0.881857
0.789030
0.713080
0.666667
0.734177
0.877637
0.911392
0.949367
1.000000
0.995781
0.877637
0.594937
0.080169
0.000000
0.016878
0.000000
0.000000
0.000000
0.000000
0.012658
0.000000
0.063291
0.489451
0.717300
0.839662
0.919831
0.936709
0.890295
0.856540
0.805907
0.746835
0.679325
0.708861
0.843882
0.873418
0.919831
0.978903
0.970464
0.822785
0.523207
0.063291
0.000000
0.012658
0.000000
0.000000
0.000000
0.000000
0.008439
0.000000
0.042194
0.329114
0.535865
0.666667
0.742616
0.742616
0.708861
0.704641
0.700422
0.670886
0.620253
0.628692
0.717300
0.755274
0.797468
0.818565
0.780591
0.637131
0.388186
0.046413
0.000000
0.008439
0.000000
0.000000
0.000000
0.000000
0.004219
0.000000
0.008439
0.080169
0.139241
0.181435
0.198312
0.198312
0.189873
0.194093
0.198312
0.189873
0.181435
0.181435
0.202532
0.215190
0.223629
0.223629
0.210970
0.168776
0.101266
0.012658
0.000000
0.004219
0.000000
0.000000
0.000000
0.000000
0.000000
0.000000
0.000000
0.000000
0.000000
0.000000
0.000000
0.000000
0.000000
0.000000
0.000000
0.000000
0.000000
0.000000
0.000000
0.000000
0.000000
0.000000
0.000000
0.000000
0.000000
0.000000
0.000000
0.000000
0.000000
0.000000
0.000000
0.000000
0.000000
0.000000
0.000000
0.008439
0.012658
0.016878
0.016878
0.016878
0.016878
0.016878
0.016878
0.016878
0.016878
0.016878
0.016878
0.021097
0.021097
0.021097
0.021097
0.016878
0.008439
0.000000
0.000000
0.000000
0.000000
0.000000
0.000000
0.000000
0.000000
0.000000
0.000000
0.000000
0.000000
0.000000
0.000000
0.000000
0.000000
0.000000
0.000000
0.000000
0.000000
0.000000
0.000000
0.000000
0.000000
0.000000
0.000000
0.000000
0.000000
0.000000
0.000000
0.000000
0.000000
0.000000
