0.000000
0.000000
0.000000
0.000000
0.000000
0.000000
0.000000
0.000000
0.000000
0.000000
0.000000
0.000000
0.000000
0.000000
0.000000
0.000000
0.000000
0.000000
0.000000
0.000000
0.000000
0.000000
0.000000
0.000000
0.000000
0.000000
0.000000
0.000000
0.000000
0.000000
0.000000
0.000000
0.000000
0.000000
0.020305
0.025381
0.020305
0.020305
0.025381
0.025381
0.025381
0.020305
0.020305
0.020305
0.020305
0.025381
0.020305
0.020305
0.010152
0.000000
0.000000
0.000000
0.000000
0.000000
0.000000
0.000000
0.000000
0.000000
0.000000
0.000000
0.000000
0.000000
0.000000
0.000000
0.000000
0.000000
0.000000
0.000000
0.000000
0.000000
0.000000
0.000000
0.000000
0.000000
0.000000
0.000000
0.000000
0.000000
0.000000
0.000000
0.000000
0.000000
0.000000
0.000000
0.000000
0.000000
0.000000
0.005076
0.000000
0.005076
0.213198
0.279188
0.258883
0.263959
0.274112
0.279188
0.274112
0.269036
0.269036
0.263959
0.263959
0.279188
0.269036
0.269036
0.147208
0.000000
0.000000
0.000000
0.000000
0.000000
0.000000
0.000000
0.000000
0.000000
0.000000
0.010152
0.000000
0.010152
0.695431
0.903553
0.842640
0.862944
0.893401
0.893401
0.878173
0.868020
0.857868
0.842640
0.847716
0.893401
0.862944
0.852792
0.472081
0.000000
0.000000
0.005076
0.000000
0.000000
0.000000
0.000000
0.000000
0.000000
0.000000
0.010152
0.000000
0.010152
0.685279
0.898477
0.842640
0.873096
0.898477
0.893401
0.873096
0.857868
0.842640
0.827411
0.837563
0.878173
0.842640
0.822335
0.456853
0.000000
0.000000
0.005076
0.000000
0.000000
0.000000
0.000000
0.000000
0.000000
0.000000
0.015228
0.000000
0.010152
0.710660
0.928934
0.873096
0.913706
0.944162
0.939086
0.923858
0.913706
0.888325
0.862944
0.878173
0.918782
0.883249
0.852792
0.467005
0.000000
0.000000
0.005076
0.000000
0.000000
0.000000
0.000000
0.000000
0.000000
0.000000
0.015228
0.000000
0.010152
0.725888
0.959391
0.928934
0.954315
0.964467
0.979695
0.949239
0.918782
0.898477
0.893401
0.903553
0.939086
0.898477
0.893401
0.502538
0.000000
0.000000
0.005076
0.000000
0.000000
0.000000
0.000000
0.000000
0.000000
0.000000
0.015228
0.000000
0.010152
0.725888
0.969543
0.949239
0.969543
0.964467
0.989848
0.944162
0.903553
0.898477
0.898477
0.908629
0.944162
0.903553
0.908629
0.517766
0.000000
0.000000
0.005076
0.000000
0.000000
0.000000
0.000000
0.000000
0.000000
0.000000
0.015228
0.000000
0.010152
0.715736
0.959391
0.944162
0.969543
0.964467
0.964467
0.928934
0.893401
0.888325
0.888325
0.908629
0.944162
0.908629
0.908629
0.512690
0.000000
0.000000
0.005076
0.000000
0.000000
0.000000
0.000000
0.000000
0.000000
0.000000
0.015228
0.000000
0.010152
0.705584
0.954315
0.939086
0.969543
0.969543
0.944162
0.903553
0.883249
0.883249
0.888325
0.913706
0.944162
0.908629
0.908629
0.512690
0.000000
0.000000
0.005076
0.000000
0.000000
0.000000
0.000000
0.000000
0.000000
0.000000
0.010152
0.000000
0.010152
0.685279
0.928934
0.918782
0.959391
0.954315
0.928934
0.883249
0.873096
0.878173
0.888325
0.913706
0.944162
0.908629
0.908629
0.512690
0.000000
0.000000
0.005076
0.000000
0.000000
0.000000
0.000000
0.000000
0.000000
0.000000
0.010152
0.000000
0.010152
0.675127
0.908629
0.893401
0.939086
0.949239
0.913706
0.868020
0.857868
0.868020
0.888325
0.918782
0.954315
0.908629
0.908629
0.512690
0.000000
0.000000
0.005076
0.000000
0.000000
0.000000
0.000000
0.000000
0.000000
0.000000
0.010152
0.000000
0.010152
0.670051
0.888325
0.862944
0.918782
0.934010
0.898477
0.862944
0.857868
0.868020
0.893401
0.923858
0.959391
0.908629
0.903553
0.507614
0.000000
0.000000
0.005076
0.000000
0.000000
0.000000
0.000000
0.000000
0.000000
0.000000
0.010152
0.000000
0.010152
0.675127
0.878173
0.842640
0.898477
0.918782
0.898477
0.862944
0.857868
0.878173
0.898477
0.923858
0.959391
0.908629
0.903553
0.507614
0.000000
0.000000
0.005076
0.000000
0.000000
0.000000
0.000000
0.000000
0.000000
0.000000
0.010152
0.000000
0.010152
0.685279
0.878173
0.822335
0.888325
0.918782
0.898477
0.862944
0.857868
0.878173
0.898477
0.928934
0.959391
0.908629
0.903553
0.507614
0.000000
0.000000
0.005076
0.000000
0.000000
0.000000
0.000000
0.000000
0.000000
0.000000
0.010152
0.000000
0.010152
0.695431
0.878173
0.817259
0.883249
0.918782
0.898477
0.868020
0.862944
0.883249
0.903553
0.934010
0.964467
0.913706
0.898477
0.502538
0.000000
0.000000
0.005076
0.000000
0.000000
0.000000
0.000000
0.000000
0.000000
0.000000
0.015228
0.000000
0.010152
0.725888
0.908629
0.832487
0.878173
0.898477
0.883249
0.878173
0.893401
0.918782
0.928934
0.944162
0.964467
0.903553
0.898477
0.507614
0.000000
0.000000
0.005076
0.000000
0.000000
0.000000
0.000000
0.000000
0.000000
0.000000
0.015228
0.000000
0.010152
0.720812
0.918782
0.847716
0.888325
0.908629
0.883249
0.878173
0.893401
0.923858
0.944162
0.944162
0.959391
0.898477
0.893401
0.507614
0.000000
0.000000
0.005076
0.000000
0.000000
0.000000
0.000000
0.000000
0.000000
0.000000
0.015228
0.000000
0.010152
0.730964
0.939086
0.878173
0.918782
0.939086
0.903553
0.893401
0.903553
0.928934
0.949239
0.959391
0.974619
0.913706
0.913706
0.517766
0.000000
0.000000
0.005076
0.000000
0.000000
0.000000
0.000000
0.000000
0.000000
0.000000
0.015228
0.000000
0.010152
0.751269
0.964467
0.908629
0.949239
0.959391
0.928934
0.918782
0.928934
0.954315
0.964467
0.979695
1.000000
0.939086
0.939086
0.532995
0.000000
0.000000
0.005076
0.000000
0.000000
0.000000
0.000000
0.000000
0.000000
0.000000
0.015228
0.000000
0.010152
0.736041
0.959391
0.903553
0.939086
0.949239
0.939086
0.923858
0.934010
0.954315
0.964467
0.974619
0.994924
0.939086
0.944162
0.538071
0.000000
0.000000
0.005076
0.000000
0.000000
0.000000
0.000000
0.000000
0.000000
0.000000
0.010152
0.000000
0.010152
0.700508
0.913706
0.873096
0.903553
0.913706
0.928934
0.908629
0.908629
0.923858
0.928934
0.934010
0.964467
0.913706
0.923858
0.527919
0.000000
0.000000
0.005076
0.000000
0.000000
0.000000
0.000000
0.000000
0.000000
0.000000
0.010152
0.000000
0.010152
0.695431
0.918782
0.888325
0.918782
0.928934
0.949239
0.923858
0.913706
0.913706
0.913706
0.923858
0.959391
0.923858
0.928934
0.527919
0.000000
0.000000
0.005076
0.000000
0.000000
0.000000
0.000000
0.000000
0.000000
0.000000
0.005076
0.000000
0.005076
0.213198
0.284264
0.279188
0.289340
0.289340
0.294416
0.284264
0.284264
0.279188
0.279188
0.284264
0.294416
0.284264
0.289340
0.162437
0.000000
0.000000
0.000000
0.000000
0.000000
0.000000
0.000000
0.000000
0.000000
0.000000
0.000000
0.000000
0.000000
0.000000
0.000000
0.000000
0.000000
0.000000
0.000000
0.000000
0.000000
0.000000
0.000000
0.000000
0.000000
0.000000
0.000000
0.000000
0.000000
0.000000
0.000000
0.000000
0.000000
0.000000
0.000000
0.000000
0.000000
0.000000
0.000000
0.000000
0.000000
0.020305
0.025381
0.025381
0.025381
0.025381
0.025381
0.025381
0.025381
0.025381
0.025381
0.025381
0.025381
0.025381
0.025381
0.015228
0.000000
0.000000
0.000000
0.000000
0.000000
0.000000
0.000000
0.000000
0.000000
0.000000
0.000000
0.000000
0.000000
0.000000
0.000000
0.000000
0.000000
0.000000
0.000000
0.000000
0.000000
0.000000
0.000000
0.000000
0.000000
0.000000
0.000000
0.000000
0.000000
0.000000
0.000000
0.000000
0.000000
0.000000
0.000000
