0.000000
0.000000
0.000000
0.000000
0.000000
0.000000
0.000000
0.000000
0.000000
0.000000
0.000000
0.000000
0.000000
0.000000
0.000000
0.000000
0.000000
0.000000
0.000000
0.000000
0.000000
0.000000
0.000000
0.000000
0.000000
0.000000
0.000000
0.000000
0.000000
0.000000
0.000000
0.000000
0.000000
0.007843
0.015686
0.023529
0.023529
0.027451
0.023529
0.023529
0.023529
0.023529
0.023529
0.027451
0.027451
0.023529
0.023529
0.023529
0.023529
0.011765
0.000000
0.000000
0.000000
0.000000
0.000000
0.000000
0.000000
0.000000
0.000000
0.000000
0.000000
0.000000
0.000000
0.000000
0.000000
0.000000
0.000000
0.000000
0.000000
0.000000
0.000000
0.000000
0.000000
0.000000
0.000000
0.000000
0.000000
0.000000
0.000000
0.000000
0.000000
0.000000
0.000000
0.000000
0.000000
0.000000
0.000000
0.000000
0.000000
0.050980
0.109804
0.149020
0.172549
0.188235
0.176471
0.172549
0.176471
0.172549
0.180392
0.200000
0.200000
0.180392
0.164706
0.149020
0.145098
0.074510
0.000000
0.000000
0.000000
0.000000
0.000000
0.000000
0.000000
0.000000
0.007843
0.000000
0.003922
0.274510
0.576471
0.764706
0.874510
0.945098
0.886275
0.858824
0.862745
0.843137
0.850980
0.945098
0.949020
0.858824
0.815686
0.764706
0.764706
0.396078
0.000000
0.000000
0.003922
0.000000
0.000000
0.000000
0.000000
0.000000
0.011765
0.000000
0.007843
0.352941
0.701961
0.901961
0.996078
1.000000
0.968627
0.917647
0.890196
0.843137
0.827451
0.901961
0.901961
0.839216
0.847059
0.862745
0.941176
0.501961
0.000000
0.000000
0.007843
0.000000
0.000000
0.000000
0.000000
0.000000
0.011765
0.000000
0.007843
0.392157
0.729412
0.870588
0.898039
0.901961
0.827451
0.788235
0.756863
0.705882
0.694118
0.741176
0.729412
0.686275
0.745098
0.843137
0.984314
0.541176
0.000000
0.000000
0.007843
0.000000
0.000000
0.000000
0.000000
0.000000
0.011765
0.000000
0.007843
0.439216
0.752941
0.807843
0.768627
0.752941
0.682353
0.682353
0.682353
0.647059
0.670588
0.698039
0.666667
0.627451
0.698039
0.835294
1.000000
0.564706
0.000000
0.000000
0.007843
0.000000
0.000000
0.000000
0.000000
0.000000
0.011765
0.000000
0.011765
0.462745
0.768627
0.784314
0.705882
0.670588
0.623529
0.658823
0.678431
0.650980
0.678431
0.694118
0.654902
0.619608
0.678431
0.823529
1.000000
0.580392
0.000000
0.000000
0.007843
0.000000
0.000000
0.000000
0.000000
0.000000
0.011765
0.000000
0.011765
0.447059
0.768627
0.800000
0.725490
0.698039
0.658823
0.698039
0.713725
0.670588
0.666667
0.670588
0.654902
0.627451
0.662745
0.796078
1.000000
0.592157
0.000000
0.000000
0.007843
0.000000
0.000000
0.000000
0.000000
0.000000
0.011765
0.000000
0.011765
0.447059
0.760784
0.792157
0.721569
0.701961
0.674510
0.709804
0.721569
0.674510
0.650980
0.654902
0.654902
0.627451
0.639216
0.760784
1.000000
0.580392
0.000000
0.000000
0.007843
0.000000
0.000000
0.000000
0.000000
0.000000
0.015686
0.000000
0.011765
0.490196
0.788235
0.784314
0.713725
0.698039
0.678431
0.713725
0.741176
0.698039
0.686275
0.686275
0.686275
0.658823
0.654902
0.772549
1.000000
0.588235
0.000000
0.000000
0.007843
0.000000
0.000000
0.000000
0.000000
0.000000
0.015686
0.000000
0.011765
0.498039
0.792157
0.772549
0.705882
0.698039
0.678431
0.713725
0.741176
0.701961
0.701961
0.690196
0.690196
0.678431
0.666667
0.788235
1.000000
0.607843
0.000000
0.000000
0.007843
0.000000
0.000000
0.000000
0.000000
0.000000
0.011765
0.000000
0.011765
0.482353
0.760784
0.752941
0.709804
0.705882
0.678431
0.705882
0.721569
0.682353
0.682353
0.670588
0.662745
0.647059
0.650980
0.788235
1.000000
0.600000
0.000000
0.000000
0.007843
0.000000
0.000000
0.000000
0.000000
0.000000
0.015686
0.000000
0.015686
0.556863
0.772549
0.737255
0.741176
0.717647
0.686275
0.701961
0.721569
0.713725
0.709804
0.721569
0.690196
0.627451
0.658823
0.843137
1.000000
0.572549
0.000000
0.000000
0.007843
0.000000
0.000000
0.000000
0.000000
0.000000
0.015686
0.000000
0.015686
0.572549
0.772549
0.733333
0.749020
0.725490
0.690196
0.694118
0.698039
0.682353
0.690196
0.725490
0.709804
0.650980
0.674510
0.850980
1.000000
0.564706
0.000000
0.000000
0.007843
0.000000
0.000000
0.000000
0.000000
0.000000
0.015686
0.000000
0.015686
0.545098
0.745098
0.709804
0.725490
0.721569
0.698039
0.698039
0.686275
0.654902
0.666667
0.717647
0.733333
0.682353
0.682353
0.827451
1.000000
0.556863
0.000000
0.000000
0.007843
0.000000
0.000000
0.000000
0.000000
0.000000
0.015686
0.000000
0.015686
0.537255
0.729412
0.686275
0.709804
0.713725
0.698039
0.701961
0.694118
0.662745
0.666667
0.721569
0.741176
0.686275
0.670588
0.800000
1.000000
0.560784
0.000000
0.000000
0.007843
0.000000
0.000000
0.000000
0.000000
0.000000
0.015686
0.000000
0.015686
0.545098
0.741176
0.701961
0.721569
0.713725
0.690196
0.694118
0.698039
0.670588
0.670588
0.709804
0.717647
0.662745
0.650980
0.788235
1.000000
0.584314
0.000000
0.000000
0.007843
0.000000
0.000000
0.000000
0.000000
0.000000
0.015686
0.000000
0.011765
0.529412
0.752941
0.737255
0.749020
0.721569
0.674510
0.674510
0.678431
0.662745
0.654902
0.682353
0.686275
0.643137
0.643137
0.776471
0.996078
0.588235
0.000000
0.000000
0.007843
0.000000
0.000000
0.000000
0.000000
0.000000
0.015686
0.000000
0.011765
0.529412
0.796078
0.831373
0.850980
0.819608
0.756863
0.749020
0.752941
0.737255
0.749020
0.764706
0.768627
0.737255
0.725490
0.827451
1.000000
0.592157
0.000000
0.000000
0.007843
0.000000
0.000000
0.000000
0.000000
0.000000
0.015686
0.000000
0.011765
0.537255
0.831373
0.894118
0.933333
0.905882
0.843137
0.839216
0.847059
0.839216
0.866667
0.878431
0.882353
0.854902
0.811765
0.847059
0.984314
0.564706
0.000000
0.000000
0.007843
0.000000
0.000000
0.000000
0.000000
0.000000
0.015686
0.000000
0.011765
0.494118
0.768627
0.827451
0.858824
0.827451
0.764706
0.768627
0.792157
0.792157
0.819608
0.831373
0.850980
0.819608
0.737255
0.709804
0.835294
0.470588
0.000000
0.000000
0.003922
0.000000
0.000000
0.000000
0.000000
0.000000
0.007843
0.000000
0.007843
0.345098
0.545098
0.592157
0.588235
0.545098
0.482353
0.494118
0.521569
0.525490
0.552941
0.564706
0.592157
0.568627
0.466667
0.419608
0.509804
0.301961
0.000000
0.000000
0.003922
0.000000
0.000000
0.000000
0.000000
0.000000
0.000000
0.000000
0.000000
0.058824
0.094118
0.105882
0.101961
0.090196
0.078431
0.082353
0.086275
0.086275
0.094118
0.094118
0.101961
0.098039
0.074510
0.062745
0.082353
0.050980
0.000000
0.000000
0.000000
0.000000
0.000000
0.000000
0.000000
0.000000
0.000000
0.000000
0.000000
0.000000
0.000000
0.000000
0.000000
0.000000
0.000000
0.000000
0.000000
0.000000
0.000000
0.000000
0.000000
0.000000
0.000000
0.000000
0.000000
0.000000
0.000000
0.000000
0.000000
0.000000
0.000000
0.000000
0.000000
0.000000
0.000000
0.000000
0.000000
0.007843
0.015686
0.015686
0.015686
0.015686
0.011765
0.015686
0.015686
0.015686
0.015686
0.015686
0.015686
0.015686
0.011765
0.011765
0.015686
0.007843
0.000000
0.000000
0.000000
0.000000
0.000000
0.000000
0.000000
0.000000
0.000000
0.000000
0.000000
0.000000
0.000000
0.000000
0.000000
0.000000
0.000000
0.000000
0.000000
0.000000
0.000000
0.000000
0.000000
0.000000
0.000000
0.000000
0.000000
0.000000
0.000000
0.000000
0.000000
0.000000
0.000000
0.000000
