0.000000
0.000000
0.000000
0.000000
0.000000
0.000000
0.000000
0.000000
0.000000
0.000000
0.000000
0.000000
0.000000
0.000000
0.000000
0.000000
0.000000
0.000000
0.000000
0.000000
0.000000
0.000000
0.000000
0.000000
0.000000
0.000000
0.000000
0.000000
0.000000
0.000000
0.000000
0.000000
0.000000
0.007843
0.015686
0.019608
0.019608
0.019608
0.019608
0.019608
0.023529
0.023529
0.023529
0.027451
0.023529
0.027451
0.027451
0.023529
0.019608
0.015686
0.007843
0.000000
0.000000
0.000000
0.000000
0.000000
0.000000
0.000000
0.000000
0.000000
0.000000
0.000000
0.000000
0.000000
0.000000
0.000000
0.000000
0.000000
0.000000
0.000000
0.000000
0.000000
0.000000
0.000000
0.000000
0.000000
0.000000
0.000000
0.000000
0.000000
0.000000
0.000000
0.000000
0.000000
0.000000
0.000000
0.000000
0.000000
0.007843
0.074510
0.137255
0.184314
0.215686
0.223529
0.223529
0.231373
0.250980
0.254902
0.278431
0.301961
0.298039
0.325490
0.321569
0.270588
0.215686
0.141176
0.031373
0.000000
0.000000
0.000000
0.000000
0.000000
0.000000
0.000000
0.011765
0.000000
0.047059
0.376471
0.611765
0.741176
0.803922
0.807843
0.796078
0.827451
0.862745
0.870588
0.933333
0.984314
0.941176
1.000000
1.000000
0.913725
0.792157
0.627451
0.305882
0.027451
0.000000
0.011765
0.000000
0.000000
0.000000
0.000000
0.019608
0.000000
0.086275
0.666667
0.937255
1.000000
0.992157
0.956863
0.929412
0.960784
0.956863
0.949020
0.988235
0.976471
0.901961
0.949020
0.988235
0.972549
0.964706
0.952941
0.725490
0.098039
0.000000
0.019608
0.000000
0.000000
0.000000
0.000000
0.023529
0.000000
0.109804
0.784314
1.000000
1.000000
1.000000
0.988235
0.980392
1.000000
0.996078
0.968627
0.980392
0.992157
0.956863
0.984314
0.992157
0.972549
0.984314
1.000000
0.886275
0.133333
0.000000
0.023529
0.000000
0.000000
0.000000
0.000000
0.023529
0.000000
0.117647
0.811765
0.992157
0.976471
0.964706
0.968627
0.972549
0.992157
0.976471
0.956863
0.976471
0.996078
0.992157
1.000000
0.988235
0.968627
0.964706
1.000000
0.925490
0.141176
0.000000
0.027451
0.000000
0.000000
0.000000
0.000000
0.023529
0.000000
0.117647
0.803922
0.976471
0.980392
0.980392
0.964706
0.945098
0.992157
0.972549
0.976471
0.972549
0.968627
0.988235
0.988235
0.980392
0.984314
0.972549
1.000000
0.952941
0.145098
0.000000
0.027451
0.000000
0.000000
0.000000
0.000000
0.023529
0.000000
0.109804
0.768627
0.972549
0.988235
0.992157
0.984314
0.956863
0.992157
0.988235
0.996078
0.976471
0.960784
0.984314
0.984314
0.976471
0.980392
0.972549
1.000000
0.976471
0.149020
0.000000
0.027451
0.000000
0.000000
0.000000
0.000000
0.019608
0.000000
0.101961
0.741176
0.980392
0.980392
0.972549
0.996078
0.996078
0.992157
0.992157
0.992157
0.992157
0.996078
0.992157
0.988235
0.976471
0.964706
0.945098
1.000000
0.980392
0.152941
0.000000
0.027451
0.000000
0.000000
0.000000
0.000000
0.019608
0.000000
0.105882
0.756863
0.992157
0.988235
0.976471
0.996078
0.992157
0.992157
0.984314
0.984314
0.992157
0.992157
0.992157
0.988235
0.976471
0.968627
0.949020
1.000000
0.984314
0.152941
0.000000
0.027451
0.000000
0.000000
0.000000
0.000000
0.019608
0.000000
0.105882
0.764706
0.992157
0.992157
0.980392
0.992157
0.992157
0.988235
0.976471
0.980392
0.988235
0.988235
0.992157
0.988235
0.980392
0.972549
0.956863
1.000000
0.984314
0.152941
0.000000
0.027451
0.000000
0.000000
0.000000
0.000000
0.019608
0.000000
0.105882
0.760784
0.992157
0.992157
0.980392
0.992157
0.992157
0.984314
0.976471
0.976471
0.984314
0.984314
0.992157
0.988235
0.984314
0.976471
0.960784
1.000000
0.984314
0.152941
0.000000
0.027451
0.000000
0.000000
0.000000
0.000000
0.019608
0.000000
0.105882
0.752941
0.992157
0.992157
0.976471
0.988235
0.984314
0.984314
0.976471
0.976471
0.980392
0.980392
0.984314
0.988235
0.984314
0.984314
0.960784
1.000000
0.980392
0.152941
0.000000
0.027451
0.000000
0.000000
0.000000
0.000000
0.019608
0.000000
0.101961
0.737255
0.988235
0.988235
0.968627
0.984314
0.984314
0.984314
0.980392
0.980392
0.980392
0.980392
0.984314
0.988235
0.988235
0.984314
0.964706
1.000000
0.976471
0.149020
0.000000
0.027451
0.000000
0.000000
0.000000
0.000000
0.019608
0.000000
0.098039
0.725490
0.984314
0.988235
0.968627
0.984314
0.984314
0.984314
0.984314
0.984314
0.984314
0.984314
0.984314
0.988235
0.992157
0.988235
0.968627
1.000000
0.968627
0.149020
0.000000
0.027451
0.000000
0.000000
0.000000
0.000000
0.019608
0.000000
0.098039
0.729412
0.992157
0.996078
0.972549
0.984314
0.980392
0.984314
0.984314
0.988235
0.992157
0.988235
0.984314
0.992157
0.992157
0.988235
0.964706
0.996078
0.960784
0.149020
0.000000
0.027451
0.000000
0.000000
0.000000
0.000000
0.019608
0.000000
0.101961
0.729412
0.996078
1.000000
0.976471
0.988235
0.984314
0.984314
0.984314
0.992157
0.996078
0.988235
0.988235
0.996078
0.996078
0.992157
0.968627
0.992157
0.952941
0.145098
0.000000
0.027451
0.000000
0.000000
0.000000
0.000000
0.019608
0.000000
0.105882
0.752941
0.980392
0.988235
0.980392
0.988235
0.972549
0.992157
0.984314
0.980392
0.984314
0.988235
0.984314
0.984314
0.992157
0.984314
0.949020
0.988235
0.956863
0.149020
0.000000
0.027451
0.000000
0.000000
0.000000
0.000000
0.019608
0.000000
0.109804
0.780392
0.972549
0.980392
0.984314
0.980392
0.960784
0.996078
0.976471
0.964706
0.984314
0.996078
0.988235
0.976471
0.980392
0.980392
0.952941
0.988235
0.996078
0.156863
0.000000
0.027451
0.000000
0.000000
0.000000
0.000000
0.023529
0.000000
0.109804
0.788235
1.000000
1.000000
0.984314
0.976471
0.968627
0.996078
0.964706
0.972549
0.996078
0.992157
0.996078
0.988235
0.976471
0.984314
0.988235
1.000000
0.992157
0.152941
0.000000
0.027451
0.000000
0.000000
0.000000
0.000000
0.019608
0.000000
0.105882
0.756863
0.992157
1.000000
0.992157
0.988235
0.976471
0.996078
0.952941
0.972549
0.984314
0.960784
0.976471
0.984314
0.984314
0.988235
0.992157
0.984314
0.839216
0.121569
0.000000
0.023529
0.000000
0.000000
0.000000
0.000000
0.015686
0.000000
0.078431
0.588235
0.835294
0.945098
1.000000
1.000000
1.000000
1.000000
1.000000
1.000000
0.976471
0.933333
0.972549
1.000000
1.000000
1.000000
1.000000
0.874510
0.603922
0.078431
0.000000
0.019608
0.000000
0.000000
0.000000
0.000000
0.003922
0.000000
0.019608
0.152941
0.231373
0.282353
0.313725
0.321569
0.317647
0.321569
0.317647
0.317647
0.298039
0.282353
0.298039
0.317647
0.317647
0.329412
0.317647
0.250980
0.152941
0.019608
0.000000
0.003922
0.000000
0.000000
0.000000
0.000000
0.000000
0.000000
0.000000
0.000000
0.000000
0.000000
0.000000
0.000000
0.000000
0.000000
0.000000
0.000000
0.000000
0.000000
0.000000
0.000000
0.000000
0.000000
0.000000
0.000000
0.000000
0.000000
0.000000
0.000000
0.000000
0.000000
0.000000
0.000000
0.000000
0.000000
0.000000
0.015686
0.019608
0.023529
0.027451
0.027451
0.027451
0.027451
0.027451
0.027451
0.023529
0.023529
0.023529
0.027451
0.027451
0.027451
0.027451
0.023529
0.015686
0.000000
0.000000
0.000000
0.000000
0.000000
0.000000
0.000000
0.000000
0.000000
0.000000
0.000000
0.000000
0.000000
0.000000
0.000000
0.000000
0.000000
0.000000
0.000000
0.000000
0.000000
0.000000
0.000000
0.000000
0.000000
0.000000
0.000000
0.000000
0.000000
0.000000
0.000000
0.000000
0.000000
