0.000000
0.000000
0.000000
0.000000
0.000000
0.000000
0.000000
0.000000
0.000000
0.000000
0.000000
0.000000
0.000000
0.000000
0.000000
0.000000
0.000000
0.000000
0.000000
0.000000
0.000000
0.000000
0.000000
0.000000
0.000000
0.000000
0.000000
0.000000
0.000000
0.000000
0.000000
0.003922
0.015686
0.023529
0.027451
0.027451
0.027451
0.027451
0.027451
0.027451
0.027451
0.027451
0.027451
0.027451
0.027451
0.027451
0.027451
0.027451
0.027451
0.023529
0.011765
0.000000
0.000000
0.000000
0.000000
0.000000
0.000000
0.000000
0.000000
0.000000
0.000000
0.000000
0.000000
0.000000
0.000000
0.000000
0.000000
0.000000
0.000000
0.000000
0.000000
0.000000
0.000000
0.000000
0.000000
0.000000
0.000000
0.000000
0.000000
0.000000
0.000000
0.000000
0.000000
0.000000
0.000000
0.003922
0.000000
0.015686
0.094118
0.172549
0.200000
0.207843
0.215686
0.215686
0.211765
0.219608
0.219608
0.219608
0.223529
0.223529
0.223529
0.219608
0.215686
0.203922
0.192157
0.152941
0.070588
0.003922
0.000000
0.003922
0.000000
0.000000
0.000000
0.015686
0.000000
0.086275
0.533333
0.862745
0.964706
0.984314
1.000000
0.996078
0.992157
1.000000
1.000000
1.000000
1.000000
1.000000
1.000000
1.000000
1.000000
0.956863
0.921569
0.800000
0.447059
0.011765
0.000000
0.011765
0.000000
0.000000
0.000000
0.019608
0.000000
0.137255
0.733333
0.941176
0.956863
0.945098
0.937255
0.917647
0.905882
0.909804
0.905882
0.894118
0.874510
0.850980
0.866667
0.909804
0.917647
0.905882
0.921569
1.000000
0.713725
0.019608
0.000000
0.019608
0.000000
0.000000
0.000000
0.019608
0.000000
0.141176
0.760784
0.964706
0.956863
0.909804
0.898039
0.886275
0.886275
0.882353
0.874510
0.862745
0.854902
0.850980
0.866667
0.886275
0.878431
0.854902
0.854902
1.000000
0.843137
0.023529
0.000000
0.023529
0.000000
0.000000
0.000000
0.019608
0.000000
0.137255
0.749020
0.992157
1.000000
0.956863
0.960784
0.972549
0.984314
0.980392
0.976471
0.980392
0.988235
0.988235
0.988235
0.976471
0.952941
0.901961
0.866667
0.992157
0.866667
0.023529
0.000000
0.023529
0.000000
0.000000
0.000000
0.019608
0.000000
0.141176
0.764706
0.980392
0.976471
0.952941
0.968627
0.988235
0.996078
0.984314
0.980392
0.988235
1.000000
0.992157
0.980392
0.968627
0.952941
0.921569
0.886275
1.000000
0.862745
0.023529
0.000000
0.023529
0.000000
0.000000
0.000000
0.023529
0.000000
0.145098
0.784314
1.000000
1.000000
0.992157
1.000000
1.000000
1.000000
0.988235
0.972549
0.972549
0.988235
0.996078
0.996078
0.988235
0.976471
0.952941
0.909804
1.000000
0.862745
0.023529
0.000000
0.023529
0.000000
0.000000
0.000000
0.019608
0.000000
0.145098
0.768627
0.952941
0.964706
0.964706
0.976471
0.980392
0.980392
0.980392
0.984314
0.984314
0.988235
0.976471
0.976471
0.976471
0.952941
0.925490
0.901961
1.000000
0.823529
0.023529
0.000000
0.019608
0.000000
0.000000
0.000000
0.019608
0.000000
0.141176
0.749020
0.956863
0.980392
0.976471
0.980392
0.972549
0.976471
0.988235
0.996078
1.000000
0.984314
0.976471
0.984314
0.980392
0.937255
0.898039
0.905882
1.000000
0.819608
0.023529
0.000000
0.019608
0.000000
0.000000
0.000000
0.019608
0.000000
0.137255
0.752941
0.984314
1.000000
0.992157
0.992157
0.984314
0.988235
0.996078
1.000000
0.996078
0.984314
0.976471
0.992157
0.992157
0.945098
0.901961
0.894118
1.000000
0.843137
0.023529
0.000000
0.023529
0.000000
0.000000
0.000000
0.023529
0.000000
0.145098
0.772549
0.980392
0.992157
0.980392
0.988235
0.992157
0.992157
0.992157
0.992157
0.988235
0.988235
0.968627
0.976471
0.992157
0.960784
0.917647
0.866667
1.000000
0.854902
0.023529
0.000000
0.023529
0.000000
0.000000
0.000000
0.023529
0.000000
0.145098
0.776471
0.996078
1.000000
0.992157
1.000000
1.000000
0.996078
0.996078
0.988235
0.984314
0.984314
0.976471
0.988235
0.996078
0.968627
0.933333
0.890196
1.000000
0.854902
0.023529
0.000000
0.023529
0.000000
0.000000
0.000000
0.023529
0.000000
0.145098
0.776471
1.000000
1.000000
0.996078
1.000000
0.996078
0.992157
0.988235
0.984314
0.980392
0.976471
0.976471
0.984314
0.984314
0.960784
0.941176
0.905882
1.000000
0.835294
0.023529
0.000000
0.019608
0.000000
0.000000
0.000000
0.023529
0.000000
0.145098
0.776471
0.992157
0.996078
0.984314
0.992157
0.988235
0.988235
0.984314
0.988235
0.984314
0.984314
0.984314
0.988235
0.972549
0.952941
0.949020
0.905882
1.000000
0.796078
0.023529
0.000000
0.019608
0.000000
0.000000
0.000000
0.023529
0.000000
0.145098
0.772549
0.988235
0.996078
0.980392
0.988235
0.988235
0.992157
0.996078
0.996078
0.996078
1.000000
1.000000
0.992157
0.976471
0.960784
0.956863
0.917647
1.000000
0.772549
0.019608
0.000000
0.019608
0.000000
0.000000
0.000000
0.019608
0.000000
0.141176
0.760784
0.992157
1.000000
0.988235
0.992157
0.992157
0.992157
0.992157
0.996078
1.000000
1.000000
0.996078
0.992157
0.976471
0.960784
0.968627
0.933333
1.000000
0.780392
0.019608
0.000000
0.019608
0.000000
0.000000
0.000000
0.019608
0.000000
0.133333
0.745098
0.988235
1.000000
0.984314
0.984314
0.976471
0.972549
0.972549
0.972549
0.976471
0.976471
0.988235
0.980392
0.956863
0.945098
0.952941
0.929412
1.000000
0.792157
0.019608
0.000000
0.019608
0.000000
0.000000
0.000000
0.019608
0.000000
0.133333
0.729412
0.976471
0.996078
0.968627
0.972549
0.960784
0.952941
0.952941
0.949020
0.956863
0.960784
0.972549
0.964706
0.945098
0.933333
0.937255
0.913725
0.992157
0.788235
0.023529
0.000000
0.019608
0.000000
0.000000
0.000000
0.019608
0.000000
0.141176
0.772549
1.000000
1.000000
0.972549
0.968627
0.964706
0.968627
0.976471
0.980392
0.972549
0.968627
0.964706
0.964706
0.949020
0.921569
0.917647
0.905882
1.000000
0.858824
0.023529
0.000000
0.023529
0.000000
0.000000
0.000000
0.019608
0.000000
0.133333
0.737255
0.984314
1.000000
1.000000
1.000000
1.000000
1.000000
1.000000
1.000000
1.000000
1.000000
1.000000
1.000000
1.000000
1.000000
1.000000
0.960784
0.984314
0.788235
0.019608
0.000000
0.023529
0.000000
0.000000
0.000000
0.011765
0.000000
0.078431
0.466667
0.725490
0.839216
0.917647
0.972549
0.937255
0.862745
0.815686
0.835294
0.905882
0.964706
1.000000
0.988235
0.968627
0.996078
1.000000
0.917647
0.713725
0.384314
0.007843
0.000000
0.011765
0.000000
0.000000
0.000000
0.003922
0.000000
0.011765
0.074510
0.129412
0.160784
0.184314
0.196078
0.188235
0.168627
0.152941
0.160784
0.176471
0.196078
0.207843
0.200000
0.196078
0.207843
0.211765
0.188235
0.125490
0.047059
0.000000
0.000000
0.000000
0.000000
0.000000
0.000000
0.000000
0.000000
0.000000
0.000000
0.000000
0.000000
0.000000
0.000000
0.000000
0.000000
0.000000
0.000000
0.000000
0.000000
0.000000
0.000000
0.000000
0.000000
0.000000
0.000000
0.000000
0.000000
0.000000
0.000000
0.000000
0.000000
0.000000
0.000000
0.000000
0.000000
0.003922
0.011765
0.019608
0.023529
0.027451
0.027451
0.027451
0.023529
0.023529
0.023529
0.027451
0.027451
0.027451
0.027451
0.027451
0.027451
0.027451
0.027451
0.019608
0.011765
0.000000
0.000000
0.000000
0.000000
0.000000
0.000000
0.000000
0.000000
0.000000
0.000000
0.000000
0.000000
0.000000
0.000000
0.000000
0.000000
0.000000
0.000000
0.000000
0.000000
0.000000
0.000000
0.000000
0.000000
0.000000
0.000000
0.000000
0.000000
0.000000
0.000000
0.000000
0.000000
0.000000
