0.000000
0.000000
0.000000
0.000000
0.000000
0.000000
0.000000
0.000000
0.000000
0.000000
0.000000
0.000000
0.000000
0.000000
0.000000
0.000000
0.000000
0.000000
0.000000
0.000000
0.000000
0.000000
0.000000
0.000000
0.000000
0.000000
0.000000
0.000000
0.000000
0.000000
0.000000
0.000000
0.000000
0.023529
0.027451
0.027451
0.027451
0.027451
0.027451
0.027451
0.027451
0.027451
0.027451
0.027451
0.027451
0.027451
0.027451
0.027451
0.027451
0.027451
0.015686
0.000000
0.000000
0.000000
0.000000
0.000000
0.000000
0.000000
0.000000
0.000000
0.000000
0.000000
0.000000
0.000000
0.000000
0.000000
0.000000
0.000000
0.000000
0.000000
0.000000
0.000000
0.000000
0.000000
0.000000
0.000000
0.000000
0.000000
0.000000
0.000000
0.000000
0.000000
0.000000
0.000000
0.000000
0.000000
0.003922
0.000000
0.003922
0.164706
0.211765
0.203922
0.211765
0.211765
0.215686
0.219608
0.219608
0.215686
0.207843
0.211765
0.211765
0.207843
0.219608
0.219608
0.207843
0.180392
0.105882
0.003922
0.000000
0.003922
0.000000
0.000000
0.000000
0.000000
0.019608
0.000000
0.019608
0.803922
1.000000
0.949020
0.992157
0.996078
1.000000
1.000000
1.000000
1.000000
0.980392
1.000000
0.996078
0.980392
1.000000
1.000000
0.984314
0.901961
0.556863
0.011765
0.000000
0.015686
0.000000
0.000000
0.000000
0.000000
0.019608
0.000000
0.023529
0.847059
1.000000
0.886275
0.913725
0.937255
0.937255
0.909804
0.898039
0.921569
0.941176
0.952941
0.929412
0.909804
0.921569
0.925490
0.937255
0.980392
0.686275
0.019608
0.000000
0.019608
0.000000
0.000000
0.000000
0.000000
0.023529
0.000000
0.023529
0.835294
0.980392
0.792157
0.835294
0.901961
0.901961
0.854902
0.847059
0.890196
0.890196
0.886275
0.882353
0.886275
0.870588
0.835294
0.874510
0.976471
0.741176
0.019608
0.000000
0.019608
0.000000
0.000000
0.000000
0.000000
0.023529
0.000000
0.023529
0.870588
1.000000
0.811765
0.886275
0.984314
0.992157
0.956863
0.960784
0.992157
0.964706
0.952941
0.968627
0.980392
0.968627
0.929412
0.949020
1.000000
0.745098
0.019608
0.000000
0.019608
0.000000
0.000000
0.000000
0.000000
0.023529
0.000000
0.023529
0.870588
1.000000
0.811765
0.894118
0.996078
0.996078
0.976471
0.972549
0.988235
1.000000
0.992157
0.980392
0.992157
0.996078
0.972549
0.976471
1.000000
0.725490
0.019608
0.000000
0.019608
0.000000
0.000000
0.000000
0.000000
0.023529
0.000000
0.023529
0.870588
1.000000
0.807843
0.894118
0.988235
0.972549
0.933333
0.925490
0.941176
0.992157
0.976471
0.960784
0.976471
0.976471
0.941176
0.960784
1.000000
0.745098
0.019608
0.000000
0.019608
0.000000
0.000000
0.000000
0.000000
0.023529
0.000000
0.023529
0.870588
1.000000
0.831373
0.925490
1.000000
0.996078
0.976471
0.980392
0.980392
0.945098
0.956863
0.988235
1.000000
0.996078
0.960784
0.968627
1.000000
0.705882
0.019608
0.000000
0.019608
0.000000
0.000000
0.000000
0.000000
0.023529
0.000000
0.023529
0.874510
1.000000
0.843137
0.937255
0.992157
0.980392
0.992157
1.000000
0.976471
0.960784
0.972549
0.976471
0.972549
0.976471
0.972549
0.980392
1.000000
0.705882
0.019608
0.000000
0.019608
0.000000
0.000000
0.000000
0.000000
0.023529
0.000000
0.023529
0.862745
1.000000
0.843137
0.933333
0.992157
0.972549
0.980392
0.984314
0.964706
0.996078
0.992157
0.964706
0.952941
0.964706
0.964706
0.984314
1.000000
0.705882
0.019608
0.000000
0.019608
0.000000
0.000000
0.000000
0.000000
0.023529
0.000000
0.023529
0.847059
1.000000
0.847059
0.933333
1.000000
1.000000
0.984314
0.988235
1.000000
0.984314
0.992157
0.996078
0.992157
0.992157
0.968627
0.980392
1.000000
0.682353
0.015686
0.000000
0.019608
0.000000
0.000000
0.000000
0.000000
0.023529
0.000000
0.023529
0.866667
1.000000
0.847059
0.925490
0.992157
0.992157
0.976471
0.988235
0.996078
0.980392
0.988235
1.000000
0.996078
0.996078
0.988235
0.988235
1.000000
0.701961
0.019608
0.000000
0.019608
0.000000
0.000000
0.000000
0.000000
0.023529
0.000000
0.023529
0.862745
1.000000
0.847059
0.921569
0.988235
0.984314
0.972549
0.980392
0.988235
0.976471
0.992157
0.996078
0.992157
0.992157
0.988235
0.988235
1.000000
0.709804
0.019608
0.000000
0.019608
0.000000
0.000000
0.000000
0.000000
0.023529
0.000000
0.023529
0.843137
1.000000
0.858824
0.933333
0.992157
0.992157
0.980392
0.980392
0.984314
0.988235
0.992157
0.992157
0.988235
0.988235
0.976471
0.980392
1.000000
0.709804
0.019608
0.000000
0.019608
0.000000
0.000000
0.000000
0.000000
0.023529
0.000000
0.023529
0.835294
1.000000
0.870588
0.949020
1.000000
1.000000
0.996078
0.992157
0.992157
1.000000
1.000000
0.992157
0.988235
0.984314
0.972549
0.980392
1.000000
0.717647
0.019608
0.000000
0.019608
0.000000
0.000000
0.000000
0.000000
0.023529
0.000000
0.023529
0.839216
1.000000
0.862745
0.937255
1.000000
1.000000
0.996078
0.996078
0.996078
0.996078
0.996078
0.988235
0.976471
0.972549
0.964706
0.976471
1.000000
0.725490
0.019608
0.000000
0.019608
0.000000
0.000000
0.000000
0.000000
0.023529
0.000000
0.023529
0.843137
1.000000
0.831373
0.890196
0.945098
0.968627
0.972549
0.984314
0.988235
0.968627
0.972549
0.968627
0.952941
0.952941
0.945098
0.972549
1.000000
0.713725
0.019608
0.000000
0.019608
0.000000
0.000000
0.000000
0.000000
0.023529
0.000000
0.023529
0.843137
0.992157
0.823529
0.866667
0.921569
0.937255
0.941176
0.956863
0.960784
0.937255
0.945098
0.949020
0.941176
0.941176
0.933333
0.952941
0.984314
0.678431
0.015686
0.000000
0.019608
0.000000
0.000000
0.000000
0.000000
0.023529
0.000000
0.023529
0.890196
1.000000
0.882353
0.933333
0.980392
0.980392
0.976471
0.968627
0.960784
0.956863
0.968627
0.968627
0.968627
0.976471
0.964706
0.976471
1.000000
0.686275
0.015686
0.000000
0.019608
0.000000
0.000000
0.000000
0.000000
0.023529
0.000000
0.023529
0.831373
0.996078
0.933333
0.972549
0.996078
1.000000
0.996078
0.984314
0.968627
0.984314
1.000000
1.000000
1.000000
1.000000
0.984314
0.980392
0.968627
0.639216
0.015686
0.000000
0.019608
0.000000
0.000000
0.000000
0.000000
0.011765
0.000000
0.011765
0.513726
0.772549
0.768627
0.752941
0.752941
0.772549
0.788235
0.792157
0.796078
0.807843
0.862745
0.894118
0.870588
0.823529
0.796078
0.768627
0.678431
0.396078
0.007843
0.000000
0.011765
0.000000
0.000000
0.000000
0.000000
0.000000
0.000000
0.000000
0.082353
0.141176
0.145098
0.141176
0.137255
0.141176
0.145098
0.149020
0.152941
0.152941
0.168627
0.176471
0.168627
0.156863
0.152941
0.145098
0.117647
0.062745
0.000000
0.000000
0.003922
0.000000
0.000000
0.000000
0.000000
0.000000
0.000000
0.000000
0.000000
0.000000
0.000000
0.000000
0.000000
0.000000
0.000000
0.000000
0.000000
0.000000
0.000000
0.000000
0.000000
0.000000
0.000000
0.000000
0.000000
0.000000
0.000000
0.000000
0.000000
0.000000
0.000000
0.000000
0.000000
0.000000
0.000000
0.000000
0.015686
0.023529
0.023529
0.019608
0.019608
0.023529
0.023529
0.023529
0.023529
0.023529
0.023529
0.023529
0.023529
0.023529
0.023529
0.023529
0.019608
0.011765
0.000000
0.000000
0.000000
0.000000
0.000000
0.000000
0.000000
0.000000
0.000000
0.000000
0.000000
0.000000
0.000000
0.000000
0.000000
0.000000
0.000000
0.000000
0.000000
0.000000
0.000000
0.000000
0.000000
0.000000
0.000000
0.000000
0.000000
0.000000
0.000000
0.000000
0.000000
0.000000
0.000000
