0.000000
0.000000
0.000000
0.000000
0.000000
0.000000
0.000000
0.000000
0.000000
0.000000
0.000000
0.000000
0.000000
0.000000
0.000000
0.000000
0.000000
0.000000
0.000000
0.000000
0.000000
0.000000
0.000000
0.000000
0.000000
0.000000
0.000000
0.000000
0.000000
0.000000
0.000000
0.000000
0.000000
0.003922
0.007843
0.011765
0.015686
0.015686
0.015686
0.015686
0.015686
0.015686
0.015686
0.015686
0.015686
0.015686
0.015686
0.015686
0.015686
0.015686
0.007843
0.000000
0.000000
0.000000
0.000000
0.000000
0.000000
0.000000
0.000000
0.000000
0.000000
0.000000
0.000000
0.000000
0.000000
0.000000
0.000000
0.000000
0.000000
0.000000
0.000000
0.000000
0.000000
0.000000
0.000000
0.000000
0.000000
0.000000
0.000000
0.000000
0.000000
0.000000
0.000000
0.000000
0.000000
0.000000
0.000000
0.000000
0.000000
0.000000
0.050980
0.101961
0.133333
0.133333
0.129412
0.137255
0.149020
0.156863
0.152941
0.149020
0.145098
0.149020
0.149020
0.172549
0.176471
0.125490
0.070588
0.007843
0.000000
0.000000
0.000000
0.000000
0.000000
0.000000
0.003922
0.000000
0.003922
0.129412
0.360784
0.545098
0.627451
0.627451
0.607843
0.639216
0.670588
0.682353
0.678431
0.666667
0.658823
0.666667
0.666667
0.713725
0.721569
0.592157
0.368627
0.047059
0.000000
0.011765
0.000000
0.000000
0.000000
0.000000
0.011765
0.000000
0.043137
0.411765
0.768627
0.949020
1.000000
0.984314
0.956863
0.980392
1.000000
1.000000
0.996078
0.996078
0.996078
0.996078
0.996078
0.992157
1.000000
0.941176
0.674510
0.090196
0.000000
0.019608
0.000000
0.000000
0.000000
0.000000
0.015686
0.000000
0.062745
0.545098
0.949020
1.000000
0.996078
0.960784
0.937255
0.952941
0.968627
0.980392
0.976471
0.976471
0.968627
0.960784
0.960784
0.964706
0.992157
1.000000
0.850980
0.121569
0.000000
0.023529
0.000000
0.000000
0.000000
0.000000
0.015686
0.000000
0.070588
0.592157
0.972549
0.988235
0.882353
0.882353
0.945098
0.941176
0.949020
0.956863
0.960784
0.956863
0.952941
0.941176
0.937255
0.909804
0.933333
1.000000
0.917647
0.137255
0.000000
0.027451
0.000000
0.000000
0.000000
0.000000
0.015686
0.000000
0.066667
0.576471
0.964706
0.988235
0.901961
0.937255
0.976471
0.964706
0.956863
0.964706
0.972549
0.976471
0.968627
0.949020
0.929412
0.925490
0.949020
0.992157
0.905882
0.133333
0.000000
0.027451
0.000000
0.000000
0.000000
0.000000
0.015686
0.000000
0.058824
0.545098
0.964706
0.996078
0.964706
0.996078
0.960784
0.960784
0.952941
0.952941
0.952941
0.960784
0.964706
0.952941
0.929412
0.949020
0.972549
0.988235
0.894118
0.133333
0.000000
0.023529
0.000000
0.000000
0.000000
0.000000
0.015686
0.000000
0.058824
0.533333
0.952941
1.000000
0.949020
0.952941
0.949020
0.964706
0.960784
0.945098
0.933333
0.945098
0.964706
0.972549
0.976471
0.945098
0.945098
1.000000
0.909804
0.137255
0.000000
0.023529
0.000000
0.000000
0.000000
0.000000
0.015686
0.000000
0.058824
0.525490
0.949020
1.000000
0.945098
0.956863
0.960784
0.968627
0.964706
0.949020
0.937255
0.945098
0.960784
0.968627
0.964706
0.937255
0.945098
1.000000
0.894118
0.133333
0.000000
0.023529
0.000000
0.000000
0.000000
0.000000
0.015686
0.000000
0.058824
0.525490
0.949020
1.000000
0.941176
0.960784
0.968627
0.972549
0.968627
0.956863
0.945098
0.949020
0.956863
0.960784
0.956863
0.937255
0.949020
1.000000
0.882353
0.129412
0.000000
0.023529
0.000000
0.000000
0.000000
0.000000
0.015686
0.000000
0.062745
0.533333
0.952941
1.000000
0.941176
0.956863
0.968627
0.972549
0.968627
0.956863
0.949020
0.952941
0.956863
0.960784
0.956863
0.945098
0.960784
1.000000
0.874510
0.129412
0.000000
0.023529
0.000000
0.000000
0.000000
0.000000
0.015686
0.000000
0.062745
0.552941
0.960784
1.000000
0.941176
0.956863
0.964706
0.964706
0.960784
0.956863
0.956863
0.956863
0.956863
0.960784
0.964706
0.952941
0.972549
1.000000
0.874510
0.129412
0.000000
0.023529
0.000000
0.000000
0.000000
0.000000
0.015686
0.000000
0.066667
0.572549
0.968627
1.000000
0.941176
0.960784
0.960784
0.952941
0.952941
0.960784
0.964706
0.964706
0.960784
0.964706
0.972549
0.960784
0.976471
1.000000
0.878431
0.129412
0.000000
0.023529
0.000000
0.000000
0.000000
0.000000
0.015686
0.000000
0.070588
0.588235
0.972549
1.000000
0.949020
0.968627
0.960784
0.949020
0.949020
0.964706
0.972549
0.968627
0.964706
0.964706
0.976471
0.960784
0.968627
1.000000
0.874510
0.129412
0.000000
0.023529
0.000000
0.000000
0.000000
0.000000
0.015686
0.000000
0.070588
0.592157
0.972549
0.992157
0.952941
0.984314
0.964706
0.952941
0.952941
0.964706
0.976471
0.968627
0.956863
0.952941
0.972549
0.949020
0.945098
1.000000
0.866667
0.125490
0.000000
0.023529
0.000000
0.000000
0.000000
0.000000
0.015686
0.000000
0.070588
0.584314
0.968627
0.996078
0.956863
0.988235
0.976471
0.960784
0.956863
0.964706
0.980392
0.968627
0.949020
0.945098
0.972549
0.925490
0.913725
0.988235
0.850980
0.125490
0.000000
0.023529
0.000000
0.000000
0.000000
0.000000
0.015686
0.000000
0.070588
0.592157
0.949020
0.960784
0.960784
1.000000
0.956863
0.960784
0.964706
0.976471
0.984314
0.980392
0.964706
0.952941
0.956863
0.933333
0.941176
0.992157
0.862745
0.125490
0.000000
0.023529
0.000000
0.000000
0.000000
0.000000
0.015686
0.000000
0.074510
0.611765
0.945098
0.956863
0.941176
0.964706
0.941176
0.956863
0.968627
0.980392
0.988235
0.988235
0.980392
0.964706
0.956863
0.917647
0.933333
1.000000
0.878431
0.129412
0.000000
0.023529
0.000000
0.000000
0.000000
0.000000
0.015686
0.000000
0.074510
0.607843
0.984314
1.000000
0.929412
0.921569
0.964706
0.964706
0.972549
0.980392
0.984314
0.980392
0.976471
0.964706
0.968627
0.894118
0.901961
1.000000
0.874510
0.129412
0.000000
0.023529
0.000000
0.000000
0.000000
0.000000
0.015686
0.000000
0.058824
0.537255
0.956863
1.000000
0.960784
0.952941
0.972549
0.972549
0.976471
0.980392
0.980392
0.980392
0.976471
0.968627
0.964706
0.952941
0.972549
0.996078
0.839216
0.121569
0.000000
0.023529
0.000000
0.000000
0.000000
0.000000
0.007843
0.000000
0.035294
0.360784
0.741176
0.949020
0.988235
0.988235
1.000000
1.000000
1.000000
1.000000
1.000000
1.000000
1.000000
1.000000
1.000000
1.000000
1.000000
0.996078
0.698039
0.090196
0.000000
0.019608
0.000000
0.000000
0.000000
0.000000
0.003922
0.000000
0.007843
0.086275
0.192157
0.282353
0.305882
0.309804
0.325490
0.321569
0.325490
0.325490
0.325490
0.325490
0.325490
0.329412
0.329412
0.321569
0.325490
0.305882
0.192157
0.023529
0.000000
0.003922
0.000000
0.000000
0.000000
0.000000
0.000000
0.000000
0.000000
0.000000
0.000000
0.000000
0.000000
0.000000
0.000000
0.000000
0.000000
0.000000
0.000000
0.000000
0.000000
0.000000
0.000000
0.000000
0.000000
0.000000
0.000000
0.000000
0.000000
0.000000
0.000000
0.000000
0.000000
0.000000
0.000000
0.000000
0.000000
0.007843
0.019608
0.023529
0.027451
0.027451
0.027451
0.027451
0.027451
0.027451
0.027451
0.027451
0.027451
0.027451
0.027451
0.027451
0.027451
0.027451
0.015686
0.003922
0.000000
0.000000
0.000000
0.000000
0.000000
0.000000
0.000000
0.000000
0.000000
0.000000
0.000000
0.000000
0.000000
0.000000
0.000000
0.000000
0.000000
0.000000
0.000000
0.000000
0.000000
0.000000
0.000000
0.000000
0.000000
0.000000
0.000000
0.000000
0.000000
0.000000
0.000000
0.000000
