0.000000
0.000000
0.000000
0.000000
0.000000
0.000000
0.000000
0.000000
0.000000
0.000000
0.000000
0.000000
0.000000
0.000000
0.000000
0.000000
0.000000
0.000000
0.000000
0.000000
0.000000
0.000000
0.000000
0.000000
0.000000
0.000000
0.000000
0.000000
0.000000
0.000000
0.000000
0.000000
0.000000
0.007843
0.011765
0.011765
0.011765
0.011765
0.011765
0.011765
0.011765
0.011765
0.011765
0.015686
0.015686
0.015686
0.015686
0.011765
0.011765
0.007843
0.000000
0.000000
0.000000
0.000000
0.000000
0.000000
0.000000
0.000000
0.000000
0.000000
0.000000
0.000000
0.000000
0.000000
0.000000
0.000000
0.000000
0.000000
0.000000
0.000000
0.000000
0.000000
0.000000
0.000000
0.000000
0.000000
0.000000
0.000000
0.000000
0.000000
0.000000
0.000000
0.000000
0.000000
0.000000
0.000000
0.003922
0.000000
0.023529
0.113725
0.172549
0.176471
0.184314
0.188235
0.188235
0.188235
0.192157
0.196078
0.196078
0.247059
0.250980
0.227451
0.219608
0.200000
0.152941
0.094118
0.011765
0.000000
0.000000
0.000000
0.000000
0.000000
0.000000
0.000000
0.011765
0.000000
0.113725
0.494118
0.666667
0.690196
0.698039
0.705882
0.705882
0.701961
0.705882
0.713725
0.721569
0.780392
0.772549
0.752941
0.764706
0.721569
0.560784
0.337255
0.039216
0.000000
0.007843
0.000000
0.000000
0.000000
0.000000
0.000000
0.019608
0.000000
0.207843
0.823529
0.992157
0.980392
0.988235
1.000000
0.996078
0.988235
0.992157
0.992157
1.000000
0.984314
0.964706
0.980392
1.000000
1.000000
0.854902
0.556863
0.074510
0.000000
0.011765
0.000000
0.000000
0.000000
0.000000
0.000000
0.023529
0.000000
0.231373
0.890196
0.988235
0.882353
0.898039
0.949020
0.937255
0.925490
0.941176
0.937255
0.941176
0.933333
0.941176
0.921569
0.917647
0.968627
0.949020
0.709804
0.101961
0.000000
0.015686
0.000000
0.000000
0.000000
0.000000
0.000000
0.023529
0.000000
0.235294
0.898039
0.992157
0.890196
0.913725
0.968627
0.960784
0.952941
0.968627
0.964706
0.968627
0.945098
0.949020
0.933333
0.937255
0.992157
0.976471
0.749020
0.109804
0.000000
0.015686
0.000000
0.000000
0.000000
0.000000
0.000000
0.023529
0.000000
0.239216
0.901961
0.988235
0.890196
0.921569
0.984314
0.980392
0.976471
0.996078
0.988235
0.988235
0.976471
0.980392
0.960784
0.952941
0.996078
0.964706
0.733333
0.105882
0.000000
0.015686
0.000000
0.000000
0.000000
0.000000
0.000000
0.023529
0.000000
0.235294
0.886275
0.988235
0.890196
0.929412
0.996078
0.996078
0.988235
1.000000
1.000000
0.996078
0.996078
1.000000
0.976471
0.964706
0.984314
0.945098
0.701961
0.098039
0.000000
0.015686
0.000000
0.000000
0.000000
0.000000
0.000000
0.023529
0.000000
0.219608
0.858824
0.992157
0.898039
0.937255
0.996078
1.000000
0.996078
1.000000
0.996078
0.992157
0.996078
1.000000
0.976471
0.964706
0.988235
0.952941
0.709804
0.101961
0.000000
0.015686
0.000000
0.000000
0.000000
0.000000
0.000000
0.023529
0.000000
0.215686
0.854902
0.996078
0.905882
0.937255
0.996078
1.000000
0.996078
1.000000
0.988235
0.984314
0.988235
0.996078
0.976471
0.964706
0.996078
0.964706
0.733333
0.105882
0.000000
0.015686
0.000000
0.000000
0.000000
0.000000
0.000000
0.023529
0.000000
0.231373
0.886275
0.992157
0.905882
0.941176
0.996078
0.996078
0.992157
1.000000
0.988235
0.984314
0.984314
0.996078
0.976471
0.964706
0.988235
0.952941
0.713725
0.105882
0.000000
0.015686
0.000000
0.000000
0.000000
0.000000
0.000000
0.023529
0.000000
0.239216
0.901961
0.992157
0.905882
0.941176
0.996078
0.996078
0.988235
1.000000
0.992157
0.992157
0.992157
1.000000
0.980392
0.968627
0.984314
0.929412
0.682353
0.098039
0.000000
0.015686
0.000000
0.000000
0.000000
0.000000
0.000000
0.023529
0.000000
0.231373
0.882353
0.992157
0.905882
0.933333
0.996078
0.996078
0.988235
1.000000
1.000000
1.000000
0.988235
0.996078
0.980392
0.968627
0.984314
0.929412
0.678431
0.098039
0.000000
0.015686
0.000000
0.000000
0.000000
0.000000
0.000000
0.023529
0.000000
0.227451
0.878431
0.988235
0.866667
0.945098
1.000000
0.980392
0.960784
0.976471
0.988235
1.000000
1.000000
0.988235
0.960784
0.952941
0.984314
0.933333
0.666667
0.094118
0.000000
0.015686
0.000000
0.000000
0.000000
0.000000
0.000000
0.023529
0.000000
0.211765
0.854902
0.992157
0.870588
0.937255
1.000000
0.972549
0.960784
0.988235
0.980392
0.976471
0.996078
0.996078
0.968627
0.960784
0.984314
0.909804
0.623529
0.082353
0.000000
0.015686
0.000000
0.000000
0.000000
0.000000
0.000000
0.023529
0.000000
0.207843
0.835294
1.000000
0.909804
0.941176
0.996078
0.984314
0.984314
1.000000
0.992157
0.952941
0.984314
1.000000
0.972549
0.972549
0.996078
0.921569
0.635294
0.086275
0.000000
0.015686
0.000000
0.000000
0.000000
0.000000
0.000000
0.023529
0.000000
0.207843
0.831373
0.984314
0.929412
0.952941
0.996078
0.988235
0.980392
0.996078
0.996078
0.972549
0.988235
0.988235
0.952941
0.949020
0.984314
0.921569
0.647059
0.090196
0.000000
0.015686
0.000000
0.000000
0.000000
0.000000
0.000000
0.023529
0.000000
0.219608
0.850980
0.976471
0.929412
0.941176
0.992157
0.988235
0.964706
0.968627
0.992157
1.000000
1.000000
0.984314
0.933333
0.921569
0.968627
0.921569
0.643137
0.086275
0.000000
0.015686
0.000000
0.000000
0.000000
0.000000
0.000000
0.023529
0.000000
0.243137
0.898039
0.988235
0.933333
0.905882
0.952941
0.992157
0.964706
0.937255
0.968627
0.988235
0.992157
0.964706
0.917647
0.933333
1.000000
0.980392
0.705882
0.098039
0.000000
0.015686
0.000000
0.000000
0.000000
0.000000
0.000000
0.023529
0.000000
0.247059
0.898039
0.949020
0.909804
0.847059
0.886275
0.956863
0.945098
0.909804
0.917647
0.905882
0.905882
0.894118
0.878431
0.913725
0.988235
0.929412
0.639216
0.086275
0.000000
0.015686
0.000000
0.000000
0.000000
0.000000
0.000000
0.019608
0.000000
0.180392
0.741176
0.945098
0.984314
0.941176
0.956863
0.996078
0.992157
0.984314
0.980392
0.952941
0.968627
0.976471
0.964706
0.980392
0.972549
0.839216
0.521569
0.066667
0.000000
0.011765
0.000000
0.000000
0.000000
0.000000
0.000000
0.011765
0.000000
0.105882
0.466667
0.717647
0.925490
0.968627
0.945098
0.921569
0.898039
0.917647
0.964706
0.925490
0.913725
0.941176
0.945098
0.933333
0.858824
0.647059
0.298039
0.027451
0.000000
0.007843
0.000000
0.000000
0.000000
0.000000
0.000000
0.003922
0.000000
0.031373
0.129412
0.223529
0.345098
0.384314
0.364706
0.345098
0.325490
0.341176
0.372549
0.356863
0.337255
0.352941
0.360784
0.352941
0.313725
0.215686
0.066667
0.000000
0.000000
0.000000
0.000000
0.000000
0.000000
0.000000
0.000000
0.000000
0.000000
0.000000
0.000000
0.000000
0.000000
0.000000
0.000000
0.000000
0.000000
0.000000
0.000000
0.000000
0.000000
0.000000
0.000000
0.000000
0.000000
0.000000
0.000000
0.000000
0.000000
0.000000
0.000000
0.000000
0.000000
0.000000
0.000000
0.000000
0.000000
0.003922
0.007843
0.015686
0.019608
0.023529
0.019608
0.019608
0.019608
0.019608
0.019608
0.019608
0.019608
0.019608
0.019608
0.019608
0.019608
0.011765
0.003922
0.000000
0.000000
0.000000
0.000000
0.000000
0.000000
0.000000
0.000000
0.000000
0.000000
0.000000
0.000000
0.000000
0.000000
0.000000
0.000000
0.000000
0.000000
0.000000
0.000000
0.000000
0.000000
0.000000
0.000000
0.000000
0.000000
0.000000
0.000000
0.000000
0.000000
0.000000
0.000000
0.000000
0.000000
