0.000000
0.000000
0.000000
0.000000
0.000000
0.000000
0.000000
0.000000
0.000000
0.000000
0.000000
0.000000
0.000000
0.000000
0.000000
0.000000
0.000000
0.000000
0.000000
0.000000
0.000000
0.000000
0.000000
0.000000
0.000000
0.000000
0.000000
0.000000
0.000000
0.000000
0.000000
0.000000
0.000000
0.000000
0.004049
0.008097
0.012146
0.012146
0.012146
0.016194
0.012146
0.012146
0.012146
0.012146
0.012146
0.012146
0.012146
0.012146
0.012146
0.004049
0.000000
0.000000
0.000000
0.000000
0.000000
0.000000
0.000000
0.000000
0.000000
0.000000
0.000000
0.000000
0.000000
0.000000
0.000000
0.000000
0.000000
0.000000
0.000000
0.000000
0.000000
0.000000
0.000000
0.000000
0.000000
0.000000
0.000000
0.000000
0.000000
0.000000
0.000000
0.000000
0.000000
0.000000
0.000000
0.000000
0.000000
0.000000
0.004049
0.000000
0.060729
0.267206
0.291498
0.336032
0.356275
0.376518
0.372470
0.360324
0.352227
0.340081
0.336032
0.340081
0.344130
0.352227
0.299595
0.064777
0.000000
0.008097
0.000000
0.000000
0.000000
0.000000
0.000000
0.000000
0.000000
0.000000
0.012146
0.000000
0.109312
0.489879
0.546559
0.651822
0.720648
0.761134
0.757085
0.728745
0.696356
0.672065
0.663968
0.668016
0.676113
0.672065
0.611336
0.133603
0.000000
0.016194
0.000000
0.000000
0.000000
0.000000
0.000000
0.000000
0.000000
0.000000
0.012146
0.000000
0.113360
0.506073
0.570850
0.696356
0.781377
0.829960
0.829960
0.801619
0.765182
0.732794
0.724696
0.728745
0.724696
0.708502
0.655870
0.145749
0.000000
0.016194
0.000000
0.000000
0.000000
0.000000
0.000000
0.000000
0.000000
0.000000
0.012146
0.000000
0.129555
0.582996
0.651822
0.777328
0.850202
0.910931
0.919028
0.894737
0.866397
0.838057
0.829960
0.829960
0.817814
0.797571
0.700405
0.153846
0.000000
0.016194
0.000000
0.000000
0.000000
0.000000
0.000000
0.000000
0.000000
0.000000
0.016194
0.000000
0.141700
0.627530
0.692308
0.817814
0.890688
0.951417
0.967611
0.947368
0.919028
0.894737
0.882591
0.878543
0.854251
0.825911
0.736842
0.161943
0.000000
0.016194
0.000000
0.000000
0.000000
0.000000
0.000000
0.000000
0.000000
0.000000
0.016194
0.000000
0.149798
0.659919
0.720648
0.825911
0.890688
0.943320
0.959514
0.951417
0.931174
0.906883
0.894737
0.878543
0.850202
0.817814
0.740891
0.165992
0.000000
0.016194
0.000000
0.000000
0.000000
0.000000
0.000000
0.000000
0.000000
0.000000
0.016194
0.000000
0.157895
0.696356
0.748988
0.854251
0.906883
0.943320
0.959514
0.959514
0.947368
0.931174
0.914980
0.894737
0.858300
0.817814
0.740891
0.165992
0.000000
0.016194
0.000000
0.000000
0.000000
0.000000
0.000000
0.000000
0.000000
0.000000
0.016194
0.000000
0.161943
0.716599
0.773279
0.866397
0.910931
0.943320
0.959514
0.963563
0.959514
0.947368
0.931174
0.910931
0.870445
0.829960
0.748988
0.165992
0.000000
0.016194
0.000000
0.000000
0.000000
0.000000
0.000000
0.000000
0.000000
0.000000
0.016194
0.000000
0.165992
0.720648
0.773279
0.862348
0.902834
0.935223
0.951417
0.959514
0.955466
0.947368
0.935223
0.914980
0.878543
0.834008
0.753036
0.165992
0.000000
0.016194
0.000000
0.000000
0.000000
0.000000
0.000000
0.000000
0.000000
0.000000
0.016194
0.000000
0.165992
0.728745
0.777328
0.858300
0.890688
0.927126
0.951417
0.959514
0.955466
0.947368
0.939271
0.919028
0.882591
0.838057
0.744939
0.165992
0.000000
0.016194
0.000000
0.000000
0.000000
0.000000
0.000000
0.000000
0.000000
0.000000
0.016194
0.000000
0.161943
0.720648
0.773279
0.858300
0.890688
0.931174
0.955466
0.959514
0.955466
0.947368
0.939271
0.923077
0.886640
0.850202
0.765182
0.170040
0.000000
0.016194
0.000000
0.000000
0.000000
0.000000
0.000000
0.000000
0.000000
0.000000
0.016194
0.000000
0.161943
0.712551
0.777328
0.866397
0.902834
0.943320
0.963563
0.967611
0.963563
0.951417
0.947368
0.935223
0.906883
0.870445
0.785425
0.174089
0.000000
0.016194
0.000000
0.000000
0.000000
0.000000
0.000000
0.000000
0.000000
0.000000
0.016194
0.000000
0.161943
0.716599
0.785425
0.878543
0.919028
0.955466
0.975708
0.979757
0.975708
0.963563
0.959514
0.947368
0.927126
0.890688
0.785425
0.174089
0.000000
0.016194
0.000000
0.000000
0.000000
0.000000
0.000000
0.000000
0.000000
0.000000
0.016194
0.000000
0.157895
0.708502
0.785425
0.882591
0.923077
0.963563
0.979757
0.979757
0.975708
0.963563
0.959514
0.955466
0.931174
0.898785
0.801619
0.174089
0.000000
0.016194
0.000000
0.000000
0.000000
0.000000
0.000000
0.000000
0.000000
0.000000
0.016194
0.000000
0.161943
0.720648
0.789474
0.886640
0.927126
0.971660
0.987854
0.979757
0.967611
0.951417
0.947368
0.947368
0.927126
0.898785
0.813765
0.182186
0.000000
0.020243
0.000000
0.000000
0.000000
0.000000
0.000000
0.000000
0.000000
0.000000
0.016194
0.000000
0.165992
0.736842
0.805668
0.902834
0.947368
0.987854
1.000000
0.987854
0.963563
0.943320
0.939271
0.939271
0.923077
0.898785
0.817814
0.182186
0.000000
0.020243
0.000000
0.000000
0.000000
0.000000
0.000000
0.000000
0.000000
0.000000
0.016194
0.000000
0.165992
0.736842
0.805668
0.906883
0.947368
0.979757
0.983806
0.967611
0.939271
0.923077
0.919028
0.919028
0.910931
0.890688
0.805668
0.178138
0.000000
0.016194
0.000000
0.000000
0.000000
0.000000
0.000000
0.000000
0.000000
0.000000
0.016194
0.000000
0.157895
0.700405
0.765182
0.854251
0.894737
0.919028
0.914980
0.902834
0.878543
0.858300
0.858300
0.866397
0.862348
0.850202
0.765182
0.165992
0.000000
0.016194
0.000000
0.000000
0.000000
0.000000
0.000000
0.000000
0.000000
0.000000
0.016194
0.000000
0.145749
0.643725
0.704453
0.793522
0.829960
0.842105
0.838057
0.825911
0.801619
0.785425
0.793522
0.809717
0.809717
0.793522
0.732794
0.161943
0.000000
0.016194
0.000000
0.000000
0.000000
0.000000
0.000000
0.000000
0.000000
0.000000
0.012146
0.000000
0.129555
0.566802
0.623482
0.696356
0.720648
0.740891
0.736842
0.724696
0.704453
0.692308
0.696356
0.708502
0.716599
0.720648
0.647773
0.141700
0.000000
0.016194
0.000000
0.000000
0.000000
0.000000
0.000000
0.000000
0.000000
0.000000
0.012146
0.000000
0.129555
0.562753
0.615385
0.680162
0.700405
0.724696
0.724696
0.704453
0.692308
0.684211
0.688259
0.692308
0.708502
0.720648
0.651822
0.141700
0.000000
0.016194
0.000000
0.000000
0.000000
0.000000
0.000000
0.000000
0.000000
0.000000
0.008097
0.000000
0.068826
0.303644
0.331984
0.368421
0.384615
0.392713
0.392713
0.380567
0.372470
0.372470
0.376518
0.380567
0.388664
0.392713
0.368421
0.080972
0.000000
0.008097
0.000000
0.000000
0.000000
0.000000
0.000000
0.000000
0.000000
0.000000
0.000000
0.000000
0.000000
0.000000
0.000000
0.000000
0.000000
0.000000
0.000000
0.000000
0.000000
0.000000
0.000000
0.000000
0.000000
0.000000
0.000000
0.000000
0.000000
0.000000
0.000000
0.000000
0.000000
0.000000
0.000000
0.000000
0.000000
0.000000
0.000000
0.000000
0.004049
0.012146
0.012146
0.012146
0.012146
0.016194
0.016194
0.012146
0.012146
0.012146
0.012146
0.012146
0.016194
0.016194
0.012146
0.004049
0.000000
0.000000
0.000000
0.000000
0.000000
0.000000
0.000000
0.000000
0.000000
0.000000
0.000000
0.000000
0.000000
0.000000
0.000000
0.000000
0.000000
0.000000
0.000000
0.000000
0.000000
0.000000
0.000000
0.000000
0.000000
0.000000
0.000000
0.000000
0.000000
0.000000
0.000000
0.000000
0.000000
0.000000
