0.000000
0.000000
0.000000
0.000000
0.000000
0.000000
0.000000
0.000000
0.000000
0.000000
0.000000
0.000000
0.000000
0.000000
0.000000
0.000000
0.000000
0.000000
0.000000
0.000000
0.000000
0.000000
0.000000
0.000000
0.000000
0.000000
0.000000
0.000000
0.000000
0.000000
0.000000
0.000000
0.000000
0.007843
0.011765
0.015686
0.019608
0.019608
0.019608
0.019608
0.019608
0.019608
0.019608
0.019608
0.019608
0.019608
0.019608
0.019608
0.019608
0.015686
0.011765
0.000000
0.000000
0.000000
0.000000
0.000000
0.000000
0.000000
0.000000
0.000000
0.000000
0.000000
0.000000
0.000000
0.000000
0.000000
0.000000
0.000000
0.000000
0.000000
0.000000
0.000000
0.000000
0.000000
0.000000
0.000000
0.000000
0.000000
0.000000
0.000000
0.000000
0.000000
0.000000
0.000000
0.000000
0.000000
0.003922
0.000000
0.007843
0.054902
0.101961
0.160784
0.207843
0.211765
0.188235
0.192157
0.207843
0.211765
0.200000
0.203922
0.219608
0.211765
0.200000
0.211765
0.211765
0.164706
0.101961
0.011765
0.000000
0.003922
0.000000
0.000000
0.000000
0.000000
0.007843
0.000000
0.035294
0.278431
0.462745
0.654902
0.788235
0.796078
0.733333
0.741176
0.784314
0.792157
0.756863
0.764706
0.815686
0.796078
0.756863
0.788235
0.792157
0.682353
0.474510
0.062745
0.000000
0.015686
0.000000
0.000000
0.000000
0.000000
0.015686
0.000000
0.066667
0.505882
0.749020
0.925490
1.000000
0.984314
0.956863
0.964706
0.984314
0.988235
0.968627
0.968627
0.996078
0.984314
0.960784
0.980392
0.992157
0.956863
0.784314
0.113725
0.000000
0.023529
0.000000
0.000000
0.000000
0.000000
0.019608
0.000000
0.090196
0.662745
0.909804
0.992157
1.000000
1.000000
0.976471
1.000000
1.000000
1.000000
0.992157
0.996078
1.000000
0.996078
0.976471
0.988235
0.988235
1.000000
0.952941
0.145098
0.000000
0.027451
0.000000
0.000000
0.000000
0.000000
0.019608
0.000000
0.098039
0.705882
0.945098
0.976471
0.960784
0.937255
0.941176
0.992157
0.992157
0.976471
0.980392
0.988235
0.988235
0.984314
0.964706
0.945098
0.937255
0.996078
0.968627
0.149020
0.000000
0.027451
0.000000
0.000000
0.000000
0.000000
0.019608
0.000000
0.090196
0.666667
0.925490
0.976471
0.964706
0.945098
0.949020
0.984314
0.992157
0.984314
0.988235
0.996078
0.996078
0.992157
0.976471
0.933333
0.917647
0.992157
0.925490
0.141176
0.000000
0.023529
0.000000
0.000000
0.000000
0.000000
0.019608
0.000000
0.078431
0.623529
0.909804
0.996078
0.996078
0.988235
0.972549
0.976471
0.996078
0.988235
0.984314
0.992157
0.988235
0.996078
0.992157
0.921569
0.901961
0.992157
0.909804
0.137255
0.000000
0.023529
0.000000
0.000000
0.000000
0.000000
0.015686
0.000000
0.078431
0.615686
0.905882
0.984314
0.980392
0.984314
0.980392
0.980392
0.992157
0.976471
0.976471
0.984314
0.960784
0.992157
0.992157
0.905882
0.882353
0.996078
0.929412
0.141176
0.000000
0.027451
0.000000
0.000000
0.000000
0.000000
0.015686
0.000000
0.082353
0.623529
0.909804
0.960784
0.941176
0.960784
0.984314
0.996078
1.000000
0.984314
0.988235
0.988235
0.964706
0.992157
1.000000
0.921569
0.894118
1.000000
0.956863
0.145098
0.000000
0.027451
0.000000
0.000000
0.000000
0.000000
0.015686
0.000000
0.078431
0.603922
0.874510
0.980392
0.964706
0.949020
0.988235
1.000000
1.000000
0.980392
0.984314
0.992157
0.980392
0.996078
0.992157
0.925490
0.909804
1.000000
0.952941
0.145098
0.000000
0.027451
0.000000
0.000000
0.000000
0.000000
0.019608
0.000000
0.082353
0.615686
0.866667
0.992157
0.972549
0.937255
0.980392
0.988235
1.000000
0.984314
0.988235
1.000000
0.996078
0.996078
0.996078
0.945098
0.929412
1.000000
0.929412
0.141176
0.000000
0.027451
0.000000
0.000000
0.000000
0.000000
0.019608
0.000000
0.090196
0.650980
0.878431
0.984314
0.968627
0.937255
0.980392
0.988235
0.988235
0.972549
0.976471
0.992157
0.988235
0.996078
0.996078
0.941176
0.921569
0.996078
0.917647
0.137255
0.000000
0.027451
0.000000
0.000000
0.000000
0.000000
0.019608
0.000000
0.094118
0.678431
0.890196
0.984314
0.968627
0.949020
1.000000
1.000000
0.988235
0.960784
0.964706
0.984314
0.984314
0.996078
0.988235
0.925490
0.909804
0.996078
0.921569
0.137255
0.000000
0.027451
0.000000
0.000000
0.000000
0.000000
0.019608
0.000000
0.101961
0.717647
0.905882
0.984314
0.968627
0.949020
1.000000
0.996078
1.000000
0.980392
0.980392
1.000000
0.996078
0.996078
1.000000
0.941176
0.917647
1.000000
0.933333
0.141176
0.000000
0.027451
0.000000
0.000000
0.000000
0.000000
0.019608
0.000000
0.105882
0.745098
0.929412
0.992157
0.964706
0.937255
0.984314
0.980392
0.992157
0.976471
0.976471
0.992157
0.984314
0.996078
0.992157
0.925490
0.898039
0.988235
0.933333
0.141176
0.000000
0.027451
0.000000
0.000000
0.000000
0.000000
0.019608
0.000000
0.101961
0.725490
0.925490
0.992157
0.964706
0.937255
0.984314
0.988235
0.996078
0.976471
0.976471
0.988235
0.972549
0.988235
0.980392
0.917647
0.898039
0.992157
0.913725
0.137255
0.000000
0.023529
0.000000
0.000000
0.000000
0.000000
0.019608
0.000000
0.094118
0.670588
0.898039
0.992157
0.964706
0.933333
0.984314
0.996078
1.000000
1.000000
1.000000
1.000000
0.996078
1.000000
1.000000
0.952941
0.945098
1.000000
0.913725
0.137255
0.000000
0.023529
0.000000
0.000000
0.000000
0.000000
0.019608
0.000000
0.090196
0.643137
0.874510
0.984314
0.929412
0.866667
0.921569
0.941176
0.952941
0.933333
0.933333
0.945098
0.933333
0.949020
0.960784
0.905882
0.898039
0.980392
0.933333
0.141176
0.000000
0.027451
0.000000
0.000000
0.000000
0.000000
0.019608
0.000000
0.086275
0.631373
0.882353
0.992157
0.937255
0.866667
0.901961
0.917647
0.909804
0.886275
0.882353
0.890196
0.882353
0.898039
0.909804
0.874510
0.858824
0.968627
0.980392
0.152941
0.000000
0.027451
0.000000
0.000000
0.000000
0.000000
0.015686
0.000000
0.066667
0.549020
0.854902
0.984314
1.000000
0.988235
0.980392
1.000000
1.000000
1.000000
1.000000
1.000000
1.000000
0.992157
0.988235
0.992157
0.988235
1.000000
0.964706
0.145098
0.000000
0.027451
0.000000
0.000000
0.000000
0.000000
0.007843
0.000000
0.043137
0.356863
0.600000
0.749020
0.788235
0.780392
0.788235
0.823529
0.839216
0.835294
0.823529
0.819608
0.815686
0.815686
0.815686
0.807843
0.811765
0.788235
0.592157
0.082353
0.000000
0.015686
0.000000
0.000000
0.000000
0.000000
0.003922
0.000000
0.011765
0.082353
0.145098
0.192157
0.203922
0.200000
0.207843
0.219608
0.227451
0.223529
0.219608
0.215686
0.215686
0.215686
0.219608
0.211765
0.215686
0.203922
0.121569
0.015686
0.000000
0.003922
0.000000
0.000000
0.000000
0.000000
0.000000
0.000000
0.000000
0.000000
0.000000
0.000000
0.000000
0.000000
0.000000
0.000000
0.000000
0.000000
0.000000
0.000000
0.000000
0.000000
0.000000
0.000000
0.000000
0.000000
0.000000
0.000000
0.000000
0.000000
0.000000
0.000000
0.000000
0.000000
0.000000
0.000000
0.000000
0.007843
0.015686
0.019608
0.019608
0.019608
0.019608
0.019608
0.019608
0.019608
0.019608
0.019608
0.019608
0.019608
0.019608
0.019608
0.019608
0.019608
0.011765
0.000000
0.000000
0.000000
0.000000
0.000000
0.000000
0.000000
0.000000
0.000000
0.000000
0.000000
0.000000
0.000000
0.000000
0.000000
0.000000
0.000000
0.000000
0.000000
0.000000
0.000000
0.000000
0.000000
0.000000
0.000000
0.000000
0.000000
0.000000
0.000000
0.000000
0.000000
0.000000
0.000000
