0.000000
0.000000
0.000000
0.000000
0.000000
0.000000
0.000000
0.000000
0.000000
0.000000
0.000000
0.000000
0.000000
0.000000
0.000000
0.000000
0.000000
0.000000
0.000000
0.000000
0.000000
0.000000
0.000000
0.000000
0.000000
0.000000
0.000000
0.000000
0.000000
0.000000
0.000000
0.000000
0.000000
0.012987
0.021645
0.021645
0.025974
0.025974
0.025974
0.025974
0.025974
0.025974
0.025974
0.025974
0.025974
0.025974
0.021645
0.025974
0.021645
0.021645
0.012987
0.000000
0.000000
0.000000
0.000000
0.000000
0.000000
0.000000
0.000000
0.000000
0.000000
0.000000
0.000000
0.000000
0.000000
0.000000
0.000000
0.000000
0.000000
0.000000
0.000000
0.000000
0.000000
0.000000
0.000000
0.000000
0.000000
0.000000
0.000000
0.000000
0.000000
0.000000
0.000000
0.000000
0.000000
0.000000
0.004329
0.000000
0.017316
0.151515
0.238095
0.277056
0.290043
0.303030
0.303030
0.307359
0.307359
0.298701
0.294372
0.294372
0.285714
0.281385
0.281385
0.281385
0.268398
0.229437
0.160173
0.021645
0.000000
0.004329
0.000000
0.000000
0.000000
0.000000
0.012987
0.000000
0.069264
0.536797
0.787879
0.891775
0.943723
0.965368
0.965368
0.982684
0.982684
0.961039
0.943723
0.943723
0.935065
0.913420
0.909091
0.926407
0.900433
0.792208
0.571429
0.077922
0.000000
0.012987
0.000000
0.000000
0.000000
0.000000
0.017316
0.000000
0.086580
0.627706
0.813853
0.896104
0.948052
0.952381
0.939394
0.948052
0.952381
0.935065
0.922078
0.935065
0.956710
0.913420
0.891775
0.930736
0.956710
0.891775
0.679654
0.095238
0.000000
0.017316
0.000000
0.000000
0.000000
0.000000
0.017316
0.000000
0.095238
0.679654
0.865801
0.943723
1.000000
0.991342
0.961039
0.969697
0.974026
0.965368
0.948052
0.969697
0.982684
0.909091
0.861472
0.904762
0.961039
0.935065
0.735931
0.103896
0.000000
0.021645
0.000000
0.000000
0.000000
0.000000
0.017316
0.000000
0.095238
0.662338
0.883117
0.965368
0.969697
0.935065
0.926407
0.943723
0.935065
0.943723
0.939394
0.926407
0.922078
0.900433
0.865801
0.857143
0.878788
0.891775
0.735931
0.103896
0.000000
0.021645
0.000000
0.000000
0.000000
0.000000
0.017316
0.000000
0.086580
0.632035
0.852814
0.939394
0.922078
0.874459
0.878788
0.891775
0.874459
0.891775
0.896104
0.878788
0.900433
0.913420
0.883117
0.835498
0.822511
0.826840
0.679654
0.099567
0.000000
0.017316
0.000000
0.000000
0.000000
0.000000
0.017316
0.000000
0.086580
0.636364
0.844156
0.939394
0.943723
0.900433
0.883117
0.878788
0.861472
0.883117
0.900433
0.900433
0.943723
0.952381
0.913420
0.865801
0.831169
0.813853
0.653680
0.095238
0.000000
0.017316
0.000000
0.000000
0.000000
0.000000
0.017316
0.000000
0.090909
0.666667
0.883117
0.974026
0.978355
0.930736
0.913420
0.904762
0.883117
0.913420
0.943723
0.935065
0.948052
0.965368
0.939394
0.891775
0.857143
0.835498
0.688312
0.099567
0.000000
0.017316
0.000000
0.000000
0.000000
0.000000
0.017316
0.000000
0.099567
0.696970
0.878788
0.952381
0.952381
0.900433
0.887446
0.891775
0.878788
0.913420
0.935065
0.922078
0.913420
0.930736
0.904762
0.861472
0.844156
0.831169
0.683983
0.099567
0.000000
0.017316
0.000000
0.000000
0.000000
0.000000
0.017316
0.000000
0.095238
0.688312
0.870130
0.935065
0.917749
0.865801
0.870130
0.900433
0.900433
0.926407
0.935065
0.917749
0.926407
0.935065
0.909091
0.874459
0.865801
0.861472
0.705628
0.099567
0.000000
0.021645
0.000000
0.000000
0.000000
0.000000
0.017316
0.000000
0.090909
0.658009
0.870130
0.939394
0.909091
0.857143
0.874459
0.917749
0.930736
0.956710
0.948052
0.926407
0.948052
0.956710
0.935065
0.909091
0.917749
0.930736
0.770563
0.112554
0.000000
0.021645
0.000000
0.000000
0.000000
0.000000
0.017316
0.000000
0.086580
0.632035
0.839827
0.909091
0.883117
0.835498
0.852814
0.900433
0.909091
0.930736
0.926407
0.891775
0.891775
0.909091
0.904762
0.896104
0.917749
0.939394
0.787879
0.116883
0.000000
0.021645
0.000000
0.000000
0.000000
0.000000
0.017316
0.000000
0.077922
0.588745
0.792208
0.883117
0.870130
0.822511
0.839827
0.874459
0.874459
0.891775
0.900433
0.857143
0.826840
0.865801
0.874459
0.870130
0.883117
0.887446
0.740260
0.108225
0.000000
0.021645
0.000000
0.000000
0.000000
0.000000
0.017316
0.000000
0.073593
0.562771
0.813853
0.913420
0.909091
0.874459
0.883117
0.896104
0.887446
0.909091
0.926407
0.891775
0.857143
0.896104
0.904762
0.891775
0.891775
0.878788
0.718615
0.103896
0.000000
0.021645
0.000000
0.000000
0.000000
0.000000
0.017316
0.000000
0.086580
0.649351
0.887446
0.935065
0.939394
0.939394
0.913420
0.887446
0.887446
0.904762
0.935065
0.922078
0.870130
0.887446
0.904762
0.904762
0.900433
0.878788
0.718615
0.103896
0.000000
0.021645
0.000000
0.000000
0.000000
0.000000
0.021645
0.000000
0.099567
0.692641
0.917749
0.943723
0.939394
0.935065
0.904762
0.883117
0.896104
0.913420
0.943723
0.913420
0.822511
0.839827
0.870130
0.883117
0.874459
0.839827
0.688312
0.099567
0.000000
0.017316
0.000000
0.000000
0.000000
0.000000
0.021645
0.000000
0.103896
0.718615
0.909091
0.913420
0.896104
0.874459
0.857143
0.852814
0.870130
0.887446
0.896104
0.883117
0.861472
0.865801
0.883117
0.904762
0.900433
0.848485
0.675325
0.099567
0.000000
0.017316
0.000000
0.000000
0.000000
0.000000
0.021645
0.000000
0.103896
0.714286
0.900433
0.904762
0.891775
0.878788
0.865801
0.861472
0.878788
0.887446
0.874459
0.878788
0.904762
0.878788
0.878788
0.922078
0.952381
0.909091
0.709957
0.099567
0.000000
0.017316
0.000000
0.000000
0.000000
0.000000
0.017316
0.000000
0.086580
0.627706
0.852814
0.887446
0.900433
0.913420
0.909091
0.904762
0.909091
0.904762
0.891775
0.887446
0.887446
0.835498
0.835498
0.904762
0.965368
0.926407
0.714286
0.099567
0.000000
0.021645
0.000000
0.000000
0.000000
0.000000
0.012987
0.000000
0.060606
0.476190
0.679654
0.744589
0.792208
0.839827
0.848485
0.844156
0.835498
0.831169
0.813853
0.831169
0.887446
0.848485
0.839827
0.887446
0.904762
0.822511
0.597403
0.082251
0.000000
0.017316
0.000000
0.000000
0.000000
0.000000
0.008658
0.000000
0.034632
0.303030
0.502164
0.593074
0.662338
0.735931
0.753247
0.753247
0.740260
0.740260
0.731602
0.735931
0.774892
0.761905
0.766234
0.770563
0.718615
0.584416
0.380952
0.047619
0.000000
0.008658
0.000000
0.000000
0.000000
0.000000
0.004329
0.000000
0.008658
0.073593
0.134199
0.164502
0.186147
0.212121
0.216450
0.216450
0.216450
0.216450
0.212121
0.212121
0.220779
0.220779
0.225108
0.220779
0.190476
0.142857
0.086580
0.008658
0.000000
0.004329
0.000000
0.000000
0.000000
0.000000
0.000000
0.000000
0.000000
0.000000
0.000000
0.000000
0.000000
0.000000
0.000000
0.000000
0.000000
0.000000
0.000000
0.000000
0.000000
0.000000
0.000000
0.000000
0.000000
0.000000
0.000000
0.000000
0.000000
0.000000
0.000000
0.000000
0.000000
0.000000
0.000000
0.000000
0.000000
0.008658
0.012987
0.012987
0.017316
0.017316
0.017316
0.017316
0.017316
0.017316
0.017316
0.017316
0.021645
0.017316
0.021645
0.021645
0.017316
0.012987
0.008658
0.000000
0.000000
0.000000
0.000000
0.000000
0.000000
0.000000
0.000000
0.000000
0.000000
0.000000
0.000000
0.000000
0.000000
0.000000
0.000000
0.000000
0.000000
0.000000
0.000000
0.000000
0.000000
0.000000
0.000000
0.000000
0.000000
0.000000
0.000000
0.000000
0.000000
0.000000
0.000000
0.000000
