0.000000
0.000000
0.000000
0.000000
0.000000
0.000000
0.000000
0.000000
0.000000
0.000000
0.000000
0.004082
0.004082
0.004082
0.008163
0.004082
0.004082
0.000000
0.000000
0.000000
0.000000
0.000000
0.000000
0.000000
0.000000
0.000000
0.000000
0.000000
0.000000
0.000000
0.000000
0.000000
0.000000
0.000000
0.000000
0.000000
0.000000
0.000000
0.000000
0.000000
0.000000
0.000000
0.000000
0.000000
0.000000
0.000000
0.000000
0.000000
0.000000
0.000000
0.000000
0.000000
0.000000
0.000000
0.000000
0.000000
0.000000
0.000000
0.000000
0.000000
0.000000
0.000000
0.000000
0.000000
0.004082
0.000000
0.081633
0.424490
0.461224
0.546939
0.579592
0.546939
0.502041
0.097959
0.000000
0.004082
0.000000
0.000000
0.000000
0.000000
0.000000
0.000000
0.000000
0.000000
0.000000
0.000000
0.000000
0.000000
0.000000
0.000000
0.000000
0.000000
0.004082
0.000000
0.110204
0.587755
0.657143
0.787755
0.836735
0.767347
0.693878
0.134694
0.000000
0.008163
0.000000
0.000000
0.000000
0.000000
0.000000
0.000000
0.000000
0.000000
0.000000
0.000000
0.000000
0.000000
0.000000
0.000000
0.000000
0.000000
0.008163
0.000000
0.114286
0.624490
0.710204
0.869388
0.922449
0.828571
0.742857
0.142857
0.000000
0.008163
0.000000
0.000000
0.000000
0.000000
0.000000
0.000000
0.000000
0.000000
0.000000
0.000000
0.000000
0.000000
0.000000
0.000000
0.000000
0.000000
0.008163
0.000000
0.118367
0.644898
0.746939
0.914286
0.979592
0.877551
0.787755
0.151020
0.000000
0.008163
0.000000
0.000000
0.000000
0.000000
0.000000
0.000000
0.000000
0.000000
0.000000
0.000000
0.000000
0.000000
0.000000
0.000000
0.000000
0.000000
0.004082
0.000000
0.114286
0.636735
0.738776
0.893878
0.983673
0.881633
0.791837
0.146939
0.000000
0.008163
0.000000
0.000000
0.000000
0.000000
0.000000
0.000000
0.000000
0.000000
0.000000
0.000000
0.000000
0.000000
0.000000
0.000000
0.000000
0.000000
0.004082
0.000000
0.110204
0.636735
0.755102
0.906122
0.987755
0.873469
0.779592
0.146939
0.000000
0.008163
0.000000
0.000000
0.000000
0.000000
0.000000
0.000000
0.000000
0.000000
0.000000
0.000000
0.000000
0.000000
0.000000
0.000000
0.000000
0.000000
0.008163
0.000000
0.114286
0.648980
0.771429
0.922449
1.000000
0.873469
0.787755
0.146939
0.000000
0.008163
0.000000
0.000000
0.000000
0.000000
0.000000
0.000000
0.000000
0.000000
0.000000
0.000000
0.000000
0.000000
0.000000
0.000000
0.000000
0.000000
0.008163
0.000000
0.118367
0.665306
0.779592
0.930612
1.000000
0.877551
0.800000
0.151020
0.000000
0.008163
0.000000
0.000000
0.000000
0.000000
0.000000
0.000000
0.000000
0.000000
0.000000
0.000000
0.000000
0.000000
0.000000
0.000000
0.000000
0.000000
0.008163
0.000000
0.118367
0.669388
0.775510
0.918367
0.979592
0.861224
0.795918
0.146939
0.000000
0.008163
0.000000
0.000000
0.000000
0.000000
0.000000
0.000000
0.000000
0.000000
0.000000
0.000000
0.000000
0.000000
0.000000
0.000000
0.000000
0.000000
0.008163
0.000000
0.118367
0.665306
0.759184
0.902041
0.971429
0.861224
0.783673
0.138775
0.000000
0.008163
0.000000
0.000000
0.000000
0.000000
0.000000
0.000000
0.000000
0.000000
0.000000
0.000000
0.000000
0.000000
0.000000
0.000000
0.000000
0.000000
0.008163
0.000000
0.114286
0.653061
0.763265
0.922449
0.979592
0.857143
0.759184
0.134694
0.000000
0.008163
0.000000
0.000000
0.000000
0.000000
0.000000
0.000000
0.000000
0.000000
0.000000
0.000000
0.000000
0.000000
0.000000
0.000000
0.000000
0.000000
0.004082
0.000000
0.110204
0.636735
0.779592
0.946939
0.991837
0.836735
0.734694
0.138775
0.000000
0.008163
0.000000
0.000000
0.000000
0.000000
0.000000
0.000000
0.000000
0.000000
0.000000
0.000000
0.000000
0.000000
0.000000
0.000000
0.000000
0.000000
0.004082
0.000000
0.106122
0.632653
0.775510
0.938776
0.995918
0.836735
0.738776
0.142857
0.000000
0.008163
0.000000
0.000000
0.000000
0.000000
0.000000
0.000000
0.000000
0.000000
0.000000
0.000000
0.000000
0.000000
0.000000
0.000000
0.000000
0.000000
0.008163
0.000000
0.114286
0.644898
0.771429
0.926531
0.975510
0.828571
0.726531
0.138775
0.000000
0.008163
0.000000
0.000000
0.000000
0.000000
0.000000
0.000000
0.000000
0.000000
0.000000
0.000000
0.000000
0.000000
0.000000
0.000000
0.000000
0.000000
0.008163
0.000000
0.114286
0.661224
0.787755
0.926531
0.951020
0.791837
0.689796
0.126531
0.000000
0.008163
0.000000
0.000000
0.000000
0.000000
0.000000
0.000000
0.000000
0.000000
0.000000
0.000000
0.000000
0.000000
0.000000
0.000000
0.000000
0.000000
0.008163
0.000000
0.110204
0.669388
0.808163
0.918367
0.951020
0.787755
0.665306
0.114286
0.000000
0.008163
0.000000
0.000000
0.000000
0.000000
0.000000
0.000000
0.000000
0.000000
0.000000
0.000000
0.000000
0.000000
0.000000
0.000000
0.000000
0.000000
0.004082
0.000000
0.106122
0.657143
0.816327
0.918367
0.963265
0.800000
0.661224
0.114286
0.000000
0.008163
0.000000
0.000000
0.000000
0.000000
0.000000
0.000000
0.000000
0.000000
0.000000
0.000000
0.000000
0.000000
0.000000
0.000000
0.000000
0.000000
0.004082
0.000000
0.102041
0.653061
0.828571
0.942857
0.979592
0.812245
0.677551
0.118367
0.000000
0.008163
0.000000
0.000000
0.000000
0.000000
0.000000
0.000000
0.000000
0.000000
0.000000
0.000000
0.000000
0.000000
0.000000
0.000000
0.000000
0.000000
0.004082
0.000000
0.106122
0.669388
0.853061
0.967347
1.000000
0.824490
0.693878
0.122449
0.000000
0.008163
0.000000
0.000000
0.000000
0.000000
0.000000
0.000000
0.000000
0.000000
0.000000
0.000000
0.000000
0.000000
0.000000
0.000000
0.000000
0.000000
0.008163
0.000000
0.110204
0.702041
0.865306
0.967347
0.991837
0.820408
0.689796
0.122449
0.000000
0.008163
0.000000
0.000000
0.000000
0.000000
0.000000
0.000000
0.000000
0.000000
0.000000
0.000000
0.000000
0.000000
0.000000
0.000000
0.000000
0.000000
0.008163
0.000000
0.118367
0.718367
0.865306
0.955102
0.975510
0.804082
0.673469
0.118367
0.000000
0.008163
0.000000
0.000000
0.000000
0.000000
0.000000
0.000000
0.000000
0.000000
0.000000
0.000000
0.000000
0.000000
0.000000
0.000000
0.000000
0.000000
0.008163
0.000000
0.118367
0.685714
0.812245
0.897959
0.877551
0.779592
0.636735
0.118367
0.000000
0.008163
0.000000
0.000000
0.000000
0.000000
0.000000
0.000000
0.000000
0.000000
0.000000
0.000000
0.000000
0.000000
0.000000
0.000000
0.000000
0.000000
0.004082
0.000000
0.114286
0.640816
0.734694
0.804082
0.791837
0.714286
0.612245
0.114286
0.000000
0.004082
0.000000
0.000000
0.000000
0.000000
0.000000
0.000000
0.000000
0.000000
0.000000
0.000000
0.000000
0.000000
0.000000
0.000000
0.000000
0.000000
0.004082
0.000000
0.085714
0.469388
0.506122
0.546939
0.542857
0.493878
0.453061
0.085714
0.000000
0.004082
0.000000
0.000000
0.000000
0.000000
0.000000
0.000000
0.000000
0.000000
0.000000
0.000000
0.000000
0.000000
0.000000
0.000000
0.000000
0.000000
0.000000
0.000000
0.000000
0.000000
0.000000
0.000000
0.000000
0.000000
0.000000
0.000000
0.000000
0.000000
0.000000
0.000000
0.000000
0.000000
0.000000
0.000000
0.000000
0.000000
0.000000
0.000000
0.000000
0.000000
0.000000
0.000000
0.000000
0.000000
0.000000
0.000000
0.000000
0.004082
0.004082
0.004082
0.004082
0.004082
0.004082
0.000000
0.000000
0.000000
0.000000
0.000000
0.000000
0.000000
0.000000
0.000000
0.000000
0.000000
