0.000000
0.000000
0.000000
0.000000
0.000000
0.000000
0.000000
0.004219
0.008439
0.008439
0.004219
0.000000
0.000000
0.004219
0.008439
0.008439
0.008439
0.008439
0.008439
0.004219
0.000000
0.000000
0.000000
0.000000
0.000000
0.000000
0.000000
0.000000
0.000000
0.000000
0.000000
0.000000
0.000000
0.000000
0.000000
0.000000
0.000000
0.000000
0.000000
0.000000
0.000000
0.000000
0.000000
0.000000
0.000000
0.000000
0.000000
0.000000
0.000000
0.000000
0.000000
0.000000
0.000000
0.000000
0.000000
0.000000
0.000000
0.000000
0.000000
0.000000
0.000000
0.000000
0.000000
0.063291
0.135021
0.130802
0.071730
0.037975
0.042194
0.101266
0.143460
0.139241
0.194093
0.206751
0.143460
0.050633
0.000000
0.000000
0.000000
0.000000
0.000000
0.000000
0.000000
0.000000
0.000000
0.000000
0.000000
0.000000
0.000000
0.008439
0.000000
0.367089
0.691983
0.776371
0.548523
0.232067
0.181435
0.455696
0.679325
0.717300
0.890295
0.860759
0.784810
0.447257
0.000000
0.004219
0.000000
0.000000
0.000000
0.000000
0.000000
0.000000
0.000000
0.000000
0.000000
0.000000
0.000000
0.012658
0.000000
0.506329
0.814346
0.928270
0.755274
0.350211
0.278481
0.586498
0.734177
0.725738
0.835443
0.784810
0.890295
0.713080
0.000000
0.012658
0.000000
0.000000
0.000000
0.000000
0.000000
0.000000
0.000000
0.000000
0.000000
0.000000
0.000000
0.021097
0.000000
0.637131
0.907173
0.860759
0.734177
0.476793
0.413502
0.658228
0.616034
0.527426
0.683544
0.793249
0.856540
0.691983
0.000000
0.008439
0.000000
0.000000
0.000000
0.000000
0.000000
0.000000
0.000000
0.000000
0.000000
0.000000
0.000000
0.021097
0.000000
0.687764
0.945148
0.864979
0.801688
0.616034
0.459916
0.434599
0.358650
0.451477
0.599156
0.767932
0.886076
0.637131
0.000000
0.008439
0.000000
0.000000
0.000000
0.000000
0.000000
0.000000
0.000000
0.000000
0.000000
0.000000
0.000000
0.016878
0.000000
0.654008
0.919831
0.924051
0.886076
0.708861
0.569620
0.400844
0.379747
0.599156
0.717300
0.810127
0.924051
0.691983
0.000000
0.008439
0.000000
0.000000
0.000000
0.000000
0.000000
0.000000
0.000000
0.000000
0.000000
0.000000
0.000000
0.016878
0.000000
0.607595
0.890295
0.957806
0.907173
0.666667
0.561181
0.578059
0.565401
0.683544
0.839662
0.864979
0.886076
0.700422
0.000000
0.008439
0.000000
0.000000
0.000000
0.000000
0.000000
0.000000
0.000000
0.000000
0.000000
0.000000
0.000000
0.016878
0.000000
0.628692
0.911392
0.940928
0.873418
0.624473
0.518987
0.670886
0.620253
0.599156
0.864979
0.890295
0.869198
0.687764
0.000000
0.008439
0.000000
0.000000
0.000000
0.000000
0.000000
0.000000
0.000000
0.000000
0.000000
0.000000
0.000000
0.021097
0.000000
0.675105
0.978903
0.953587
0.860759
0.683544
0.637131
0.729958
0.624473
0.578059
0.886076
0.915612
0.928270
0.772152
0.000000
0.012658
0.000000
0.000000
0.000000
0.000000
0.000000
0.000000
0.000000
0.000000
0.000000
0.000000
0.000000
0.021097
0.000000
0.670886
0.970464
0.957806
0.856540
0.767932
0.734177
0.729958
0.578059
0.599156
0.864979
0.945148
0.978903
0.725738
0.000000
0.012658
0.000000
0.000000
0.000000
0.000000
0.000000
0.000000
0.000000
0.000000
0.000000
0.000000
0.000000
0.021097
0.000000
0.662447
0.949367
0.949367
0.864979
0.742616
0.624473
0.552743
0.527426
0.632911
0.856540
0.911392
0.932489
0.666667
0.000000
0.008439
0.000000
0.000000
0.000000
0.000000
0.000000
0.000000
0.000000
0.000000
0.000000
0.000000
0.000000
0.016878
0.000000
0.599156
0.953587
1.000000
0.839662
0.561181
0.350211
0.396624
0.556962
0.670886
0.822785
0.907173
0.962025
0.628692
0.000000
0.008439
0.000000
0.000000
0.000000
0.000000
0.000000
0.000000
0.000000
0.000000
0.000000
0.000000
0.000000
0.021097
0.000000
0.645570
0.962025
0.936709
0.767932
0.472574
0.274262
0.227848
0.341772
0.493671
0.780591
0.966245
1.000000
0.696203
0.000000
0.008439
0.000000
0.000000
0.000000
0.000000
0.000000
0.000000
0.000000
0.000000
0.000000
0.000000
0.000000
0.021097
0.000000
0.687764
0.962025
0.873418
0.742616
0.459916
0.232067
0.164557
0.177215
0.345992
0.738397
0.919831
0.898734
0.691983
0.000000
0.008439
0.000000
0.000000
0.000000
0.000000
0.000000
0.000000
0.000000
0.000000
0.000000
0.000000
0.000000
0.016878
0.000000
0.624473
0.911392
0.835443
0.746835
0.476793
0.274262
0.198312
0.105485
0.244726
0.654008
0.881857
0.970464
0.654008
0.000000
0.008439
0.000000
0.000000
0.000000
0.000000
0.000000
0.000000
0.000000
0.000000
0.000000
0.000000
0.000000
0.016878
0.000000
0.620253
0.814346
0.683544
0.713080
0.523207
0.257384
0.172996
0.122363
0.400844
0.814346
0.911392
0.957806
0.751055
0.000000
0.012658
0.000000
0.000000
0.000000
0.000000
0.000000
0.000000
0.000000
0.000000
0.000000
0.000000
0.000000
0.016878
0.000000
0.645570
0.869198
0.822785
0.742616
0.447257
0.168776
0.130802
0.126582
0.451477
0.869198
0.928270
0.928270
0.654008
0.000000
0.008439
0.000000
0.000000
0.000000
0.000000
0.000000
0.000000
0.000000
0.000000
0.000000
0.000000
0.000000
0.021097
0.000000
0.666667
0.987342
0.962025
0.755274
0.392405
0.172996
0.126582
0.126582
0.333333
0.683544
0.839662
0.919831
0.658228
0.000000
0.008439
0.000000
0.000000
0.000000
0.000000
0.000000
0.000000
0.000000
0.000000
0.000000
0.000000
0.000000
0.021097
0.000000
0.687764
0.978903
0.928270
0.751055
0.405063
0.156118
0.126582
0.194093
0.320675
0.573840
0.767932
0.898734
0.734177
0.000000
0.012658
0.000000
0.000000
0.000000
0.000000
0.000000
0.000000
0.000000
0.000000
0.000000
0.000000
0.000000
0.021097
0.000000
0.687764
0.974684
0.949367
0.797468
0.459916
0.168776
0.101266
0.194093
0.333333
0.599156
0.822785
0.945148
0.746835
0.000000
0.012658
0.000000
0.000000
0.000000
0.000000
0.000000
0.000000
0.000000
0.000000
0.000000
0.000000
0.000000
0.021097
0.000000
0.649789
0.957806
0.966245
0.784810
0.426160
0.177215
0.084388
0.185654
0.405063
0.734177
0.911392
0.970464
0.729958
0.000000
0.012658
0.000000
0.000000
0.000000
0.000000
0.000000
0.000000
0.000000
0.000000
0.000000
0.000000
0.000000
0.021097
0.000000
0.654008
0.911392
0.881857
0.751055
0.400844
0.113924
0.109705
0.219409
0.510548
0.831224
0.886076
0.869198
0.721519
0.000000
0.008439
0.000000
0.000000
0.000000
0.000000
0.000000
0.000000
0.000000
0.000000
0.000000
0.000000
0.000000
0.021097
0.000000
0.620253
0.902954
0.911392
0.704641
0.308017
0.143460
0.118143
0.135021
0.430380
0.831224
0.898734
0.919831
0.696203
0.000000
0.008439
0.000000
0.000000
0.000000
0.000000
0.000000
0.000000
0.000000
0.000000
0.000000
0.000000
0.000000
0.004219
0.000000
0.126582
0.198312
0.210970
0.147679
0.050633
0.042194
0.025316
0.012658
0.075949
0.181435
0.206751
0.223629
0.151899
0.000000
0.004219
0.000000
0.000000
0.000000
0.000000
0.000000
0.000000
0.000000
0.000000
0.000000
0.000000
0.000000
0.000000
0.000000
0.000000
0.000000
0.000000
0.000000
0.000000
0.000000
0.000000
0.000000
0.000000
0.000000
0.000000
0.000000
0.000000
0.000000
0.000000
0.000000
0.000000
0.000000
0.000000
0.000000
0.000000
0.000000
0.000000
0.000000
0.000000
0.000000
0.000000
0.000000
0.004219
0.008439
0.008439
0.008439
0.004219
0.000000
0.000000
0.000000
0.004219
0.008439
0.008439
0.008439
0.008439
0.000000
0.000000
0.000000
0.000000
0.000000
0.000000
0.000000
0.000000
