0.000000
0.000000
0.000000
0.000000
0.000000
0.000000
0.000000
0.003922
0.003922
0.003922
0.003922
0.003922
0.003922
0.007843
0.011765
0.011765
0.011765
0.011765
0.007843
0.007843
0.000000
0.000000
0.000000
0.000000
0.000000
0.000000
0.000000
0.000000
0.000000
0.000000
0.000000
0.000000
0.000000
0.000000
0.000000
0.000000
0.000000
0.000000
0.000000
0.000000
0.000000
0.000000
0.000000
0.000000
0.000000
0.000000
0.000000
0.000000
0.000000
0.000000
0.000000
0.000000
0.000000
0.000000
0.000000
0.000000
0.000000
0.000000
0.000000
0.000000
0.000000
0.000000
0.000000
0.035294
0.050980
0.062745
0.066667
0.043137
0.058824
0.121569
0.192157
0.219608
0.247059
0.207843
0.137255
0.105882
0.007843
0.000000
0.000000
0.000000
0.000000
0.000000
0.000000
0.000000
0.000000
0.000000
0.000000
0.000000
0.000000
0.000000
0.000000
0.227451
0.419608
0.533333
0.423529
0.196078
0.168627
0.403922
0.650980
0.717647
0.823529
0.768627
0.619608
0.447059
0.035294
0.000000
0.000000
0.000000
0.000000
0.000000
0.000000
0.000000
0.000000
0.000000
0.000000
0.000000
0.000000
0.000000
0.000000
0.498039
0.843137
0.956863
0.749020
0.337255
0.184314
0.388235
0.603922
0.650980
0.772549
0.835294
0.811765
0.756863
0.070588
0.000000
0.003922
0.000000
0.000000
0.000000
0.000000
0.000000
0.000000
0.000000
0.000000
0.000000
0.000000
0.000000
0.003922
0.611765
0.929412
1.000000
0.811765
0.505882
0.372549
0.450980
0.588235
0.650980
0.776471
0.807843
0.831373
0.764706
0.066667
0.000000
0.003922
0.000000
0.000000
0.000000
0.000000
0.000000
0.000000
0.000000
0.000000
0.000000
0.000000
0.000000
0.003922
0.658823
0.917647
0.980392
0.847059
0.568627
0.427451
0.560784
0.458824
0.454902
0.650980
0.850980
0.756863
0.603922
0.054902
0.000000
0.003922
0.000000
0.000000
0.000000
0.000000
0.000000
0.000000
0.000000
0.000000
0.000000
0.000000
0.000000
0.003922
0.737255
0.960784
0.956863
0.835294
0.619608
0.494118
0.521569
0.400000
0.458824
0.745098
0.960784
0.898039
0.639216
0.043137
0.000000
0.003922
0.000000
0.000000
0.000000
0.000000
0.000000
0.000000
0.000000
0.000000
0.000000
0.000000
0.000000
0.003922
0.725490
0.956863
0.945098
0.839216
0.678431
0.494118
0.505882
0.541176
0.615686
0.823529
0.945098
0.917647
0.839216
0.074510
0.000000
0.003922
0.000000
0.000000
0.000000
0.000000
0.000000
0.000000
0.000000
0.000000
0.000000
0.000000
0.000000
0.003922
0.643137
0.905882
0.945098
0.850980
0.694118
0.545098
0.549020
0.588235
0.607843
0.807843
0.898039
0.823529
0.800000
0.074510
0.000000
0.003922
0.000000
0.000000
0.000000
0.000000
0.000000
0.000000
0.000000
0.000000
0.000000
0.000000
0.000000
0.003922
0.635294
0.901961
0.905882
0.815686
0.694118
0.643137
0.631373
0.568627
0.568627
0.784314
0.882353
0.776471
0.600000
0.043137
0.000000
0.000000
0.000000
0.000000
0.000000
0.000000
0.000000
0.000000
0.000000
0.000000
0.000000
0.000000
0.000000
0.000000
0.650980
0.929412
0.913725
0.796078
0.678431
0.615686
0.658823
0.615686
0.662745
0.772549
0.827451
0.776471
0.654902
0.054902
0.000000
0.003922
0.000000
0.000000
0.000000
0.000000
0.000000
0.000000
0.000000
0.000000
0.000000
0.000000
0.000000
0.000000
0.596078
0.937255
0.984314
0.835294
0.635294
0.580392
0.560784
0.423529
0.607843
0.760784
0.835294
0.835294
0.745098
0.066667
0.000000
0.003922
0.000000
0.000000
0.000000
0.000000
0.000000
0.000000
0.000000
0.000000
0.000000
0.000000
0.000000
0.000000
0.545098
0.894118
0.980392
0.858824
0.592157
0.411765
0.337255
0.360784
0.545098
0.725490
0.850980
0.905882
0.733333
0.054902
0.000000
0.003922
0.000000
0.000000
0.000000
0.000000
0.000000
0.000000
0.000000
0.000000
0.000000
0.000000
0.000000
0.003922
0.607843
0.815686
0.823529
0.756863
0.564706
0.278431
0.211765
0.282353
0.435294
0.682353
0.882353
0.890196
0.698039
0.054902
0.000000
0.003922
0.000000
0.000000
0.000000
0.000000
0.000000
0.000000
0.000000
0.000000
0.000000
0.000000
0.000000
0.003922
0.607843
0.760784
0.760784
0.713725
0.498039
0.235294
0.133333
0.207843
0.454902
0.729412
0.878431
0.850980
0.717647
0.062745
0.000000
0.003922
0.000000
0.000000
0.000000
0.000000
0.000000
0.000000
0.000000
0.000000
0.000000
0.000000
0.000000
0.003922
0.564706
0.827451
0.890196
0.784314
0.482353
0.286274
0.129412
0.200000
0.568627
0.819608
0.866667
0.854902
0.756863
0.066667
0.000000
0.003922
0.000000
0.000000
0.000000
0.000000
0.000000
0.000000
0.000000
0.000000
0.000000
0.000000
0.000000
0.000000
0.580392
0.901961
0.941176
0.776471
0.494118
0.274510
0.137255
0.192157
0.501961
0.803922
0.921569
0.890196
0.709804
0.054902
0.000000
0.003922
0.000000
0.000000
0.000000
0.000000
0.000000
0.000000
0.000000
0.000000
0.000000
0.000000
0.000000
0.000000
0.600000
0.886275
0.890196
0.729412
0.443137
0.184314
0.105882
0.160784
0.396078
0.737255
0.937255
0.878431
0.639216
0.047059
0.000000
0.003922
0.000000
0.000000
0.000000
0.000000
0.000000
0.000000
0.000000
0.000000
0.000000
0.000000
0.000000
0.003922
0.600000
0.866667
0.917647
0.772549
0.380392
0.149020
0.078431
0.160784
0.435294
0.725490
0.858824
0.819608
0.635294
0.050980
0.000000
0.003922
0.000000
0.000000
0.000000
0.000000
0.000000
0.000000
0.000000
0.000000
0.000000
0.000000
0.000000
0.000000
0.572549
0.866667
0.941176
0.752941
0.376471
0.133333
0.054902
0.156863
0.529412
0.780392
0.850980
0.819608
0.623529
0.047059
0.000000
0.003922
0.000000
0.000000
0.000000
0.000000
0.000000
0.000000
0.000000
0.000000
0.000000
0.000000
0.000000
0.003922
0.603922
0.866667
0.874510
0.701961
0.364706
0.137255
0.074510
0.168627
0.517647
0.768627
0.874510
0.882353
0.701961
0.054902
0.000000
0.003922
0.000000
0.000000
0.000000
0.000000
0.000000
0.000000
0.000000
0.000000
0.000000
0.000000
0.000000
0.003922
0.682353
0.901961
0.835294
0.698039
0.415686
0.149020
0.090196
0.196078
0.525490
0.756863
0.878431
0.870588
0.772549
0.070588
0.000000
0.003922
0.000000
0.000000
0.000000
0.000000
0.000000
0.000000
0.000000
0.000000
0.000000
0.000000
0.000000
0.003922
0.678431
0.882353
0.788235
0.654902
0.384314
0.125490
0.086275
0.203922
0.525490
0.772549
0.886275
0.858824
0.729412
0.066667
0.000000
0.003922
0.000000
0.000000
0.000000
0.000000
0.000000
0.000000
0.000000
0.000000
0.000000
0.000000
0.000000
0.003922
0.705882
0.901961
0.831373
0.627451
0.329412
0.109804
0.074510
0.168627
0.478431
0.772549
0.945098
0.956863
0.627451
0.039216
0.000000
0.000000
0.000000
0.000000
0.000000
0.000000
0.000000
0.000000
0.000000
0.000000
0.000000
0.000000
0.000000
0.000000
0.207843
0.262745
0.247059
0.176471
0.086275
0.031373
0.019608
0.043137
0.129412
0.215686
0.282353
0.294118
0.164706
0.007843
0.000000
0.000000
0.000000
0.000000
0.000000
0.000000
0.000000
0.000000
0.000000
0.000000
0.000000
0.000000
0.000000
0.000000
0.000000
0.000000
0.000000
0.000000
0.000000
0.000000
0.000000
0.000000
0.000000
0.000000
0.000000
0.000000
0.000000
0.000000
0.000000
0.000000
0.000000
0.000000
0.000000
0.000000
0.000000
0.000000
0.000000
0.000000
0.000000
0.000000
0.000000
0.000000
0.011765
0.011765
0.011765
0.007843
0.003922
0.000000
0.000000
0.003922
0.007843
0.011765
0.015686
0.015686
0.007843
0.000000
0.000000
0.000000
0.000000
0.000000
0.000000
0.000000
0.000000
