0.000000
0.000000
0.000000
0.000000
0.000000
0.000000
0.000000
0.000000
0.000000
0.000000
0.000000
0.000000
0.000000
0.000000
0.000000
0.000000
0.000000
0.000000
0.000000
0.000000
0.000000
0.000000
0.000000
0.000000
0.000000
0.000000
0.000000
0.000000
0.000000
0.000000
0.000000
0.000000
0.000000
0.000000
0.000000
0.008969
0.008969
0.008969
0.008969
0.013453
0.008969
0.008969
0.008969
0.013453
0.013453
0.013453
0.008969
0.008969
0.008969
0.000000
0.000000
0.000000
0.000000
0.000000
0.000000
0.000000
0.000000
0.000000
0.000000
0.000000
0.000000
0.000000
0.000000
0.008969
0.008969
0.008969
0.008969
0.013453
0.008969
0.008969
0.008969
0.013453
0.013453
0.013453
0.008969
0.008969
0.008969
0.000000
0.000000
0.000000
0.000000
0.000000
0.000000
0.000000
0.000000
0.000000
0.000000
0.000000
0.000000
0.000000
0.000000
0.000000
0.000000
0.000000
0.000000
0.000000
0.000000
0.000000
0.000000
0.000000
0.000000
0.000000
0.000000
0.000000
0.000000
0.000000
0.000000
0.000000
0.000000
0.000000
0.000000
0.000000
0.000000
0.000000
0.000000
0.000000
0.000000
0.000000
0.004484
0.026906
0.040359
0.040359
0.040359
0.044843
0.040359
0.040359
0.040359
0.044843
0.044843
0.044843
0.040359
0.040359
0.026906
0.004484
0.000000
0.000000
0.000000
0.000000
0.000000
0.000000
0.000000
0.000000
0.000000
0.013453
0.000000
0.000000
0.076233
0.372197
0.538117
0.556054
0.578475
0.596413
0.573991
0.560538
0.569507
0.605381
0.627803
0.605381
0.569507
0.533632
0.358744
0.071749
0.000000
0.000000
0.013453
0.000000
0.000000
0.000000
0.000000
0.000000
0.000000
0.017937
0.000000
0.000000
0.121076
0.600897
0.878924
0.910314
0.955157
0.982063
0.946188
0.910314
0.914798
0.959641
1.000000
0.968610
0.919282
0.869955
0.591928
0.116592
0.000000
0.000000
0.017937
0.000000
0.000000
0.000000
0.000000
0.000000
0.000000
0.017937
0.000000
0.000000
0.116592
0.569507
0.838565
0.887892
0.946188
0.968610
0.923767
0.869955
0.856502
0.883408
0.914798
0.896861
0.869955
0.847534
0.578475
0.116592
0.000000
0.000000
0.017937
0.000000
0.000000
0.000000
0.000000
0.000000
0.000000
0.017937
0.000000
0.000000
0.103139
0.515695
0.771300
0.834081
0.896861
0.919282
0.874439
0.811659
0.784753
0.798206
0.820628
0.811659
0.802691
0.802691
0.560538
0.112108
0.000000
0.000000
0.017937
0.000000
0.000000
0.000000
0.000000
0.000000
0.000000
0.017937
0.000000
0.000000
0.107623
0.542601
0.811659
0.865471
0.932735
0.959641
0.919282
0.856502
0.829596
0.838565
0.869955
0.860987
0.852018
0.860987
0.605381
0.125561
0.000000
0.000000
0.017937
0.000000
0.000000
0.000000
0.000000
0.000000
0.000000
0.017937
0.000000
0.000000
0.112108
0.573991
0.847534
0.887892
0.941704
0.959641
0.914798
0.852018
0.834081
0.860987
0.901345
0.896861
0.887892
0.892377
0.627803
0.130045
0.000000
0.000000
0.017937
0.000000
0.000000
0.000000
0.000000
0.000000
0.000000
0.017937
0.000000
0.000000
0.121076
0.609865
0.878924
0.887892
0.919282
0.937220
0.905830
0.865471
0.860987
0.892377
0.928251
0.914798
0.901345
0.905830
0.632287
0.130045
0.000000
0.000000
0.017937
0.000000
0.000000
0.000000
0.000000
0.000000
0.000000
0.017937
0.000000
0.000000
0.130045
0.627803
0.883408
0.856502
0.860987
0.901345
0.905830
0.905830
0.923767
0.941704
0.946188
0.905830
0.883408
0.887892
0.627803
0.130045
0.000000
0.000000
0.017937
0.000000
0.000000
0.000000
0.000000
0.000000
0.000000
0.017937
0.000000
0.000000
0.134529
0.641256
0.887892
0.843049
0.843049
0.896861
0.914798
0.941704
0.959641
0.973094
0.959641
0.901345
0.869955
0.878924
0.623318
0.130045
0.000000
0.000000
0.017937
0.000000
0.000000
0.000000
0.000000
0.000000
0.000000
0.017937
0.000000
0.000000
0.130045
0.645740
0.901345
0.874439
0.883408
0.919282
0.923767
0.932735
0.941704
0.959641
0.959641
0.910314
0.878924
0.878924
0.618834
0.125561
0.000000
0.000000
0.017937
0.000000
0.000000
0.000000
0.000000
0.000000
0.000000
0.017937
0.000000
0.000000
0.125561
0.632287
0.896861
0.887892
0.905830
0.928251
0.910314
0.887892
0.887892
0.919282
0.932735
0.901345
0.869955
0.860987
0.600897
0.121076
0.000000
0.000000
0.017937
0.000000
0.000000
0.000000
0.000000
0.000000
0.000000
0.017937
0.000000
0.000000
0.121076
0.609865
0.874439
0.878924
0.901345
0.910314
0.869955
0.829596
0.825112
0.860987
0.896861
0.878924
0.847534
0.829596
0.573991
0.116592
0.000000
0.000000
0.017937
0.000000
0.000000
0.000000
0.000000
0.000000
0.000000
0.017937
0.000000
0.000000
0.116592
0.578475
0.843049
0.865471
0.892377
0.892377
0.834081
0.775785
0.766816
0.816143
0.865471
0.865471
0.834081
0.816143
0.560538
0.112108
0.000000
0.000000
0.017937
0.000000
0.000000
0.000000
0.000000
0.000000
0.000000
0.017937
0.000000
0.000000
0.112108
0.542601
0.807175
0.847534
0.883408
0.883408
0.820628
0.757848
0.748879
0.798206
0.860987
0.860987
0.834081
0.816143
0.556054
0.112108
0.000000
0.000000
0.017937
0.000000
0.000000
0.000000
0.000000
0.000000
0.000000
0.013453
0.000000
0.000000
0.098655
0.497758
0.748879
0.798206
0.852018
0.860987
0.811659
0.757848
0.748879
0.793722
0.847534
0.843049
0.816143
0.798206
0.542601
0.112108
0.000000
0.000000
0.017937
0.000000
0.000000
0.000000
0.000000
0.000000
0.000000
0.013453
0.000000
0.000000
0.085202
0.439462
0.668161
0.739910
0.811659
0.852018
0.825112
0.789238
0.784753
0.816143
0.852018
0.829596
0.789238
0.753363
0.511211
0.103139
0.000000
0.000000
0.017937
0.000000
0.000000
0.000000
0.000000
0.000000
0.000000
0.008969
0.000000
0.000000
0.062780
0.336323
0.524664
0.605381
0.695067
0.753363
0.757848
0.739910
0.735426
0.753363
0.766816
0.730942
0.672646
0.627803
0.421525
0.085202
0.000000
0.000000
0.013453
0.000000
0.000000
0.000000
0.000000
0.000000
0.000000
0.004484
0.000000
0.000000
0.031390
0.170404
0.273543
0.322870
0.381166
0.421525
0.430493
0.426009
0.426009
0.430493
0.430493
0.403587
0.367713
0.336323
0.224215
0.044843
0.000000
0.000000
0.008969
0.000000
0.000000
0.000000
0.000000
0.000000
0.000000
0.000000
0.000000
0.000000
0.000000
0.008969
0.017937
0.022422
0.026906
0.031390
0.031390
0.031390
0.031390
0.031390
0.031390
0.026906
0.026906
0.022422
0.013453
0.004484
0.000000
0.000000
0.000000
0.000000
0.000000
0.000000
0.000000
0.000000
0.000000
0.000000
0.000000
0.000000
0.000000
0.000000
0.000000
0.000000
0.000000
0.000000
0.000000
0.000000
0.000000
0.000000
0.000000
0.000000
0.000000
0.000000
0.000000
0.000000
0.000000
0.000000
0.000000
0.000000
0.000000
0.000000
0.000000
0.000000
0.000000
0.000000
0.000000
0.000000
0.000000
0.004484
0.004484
0.004484
0.008969
0.008969
0.008969
0.008969
0.008969
0.008969
0.008969
0.008969
0.008969
0.008969
0.004484
0.000000
0.000000
0.000000
0.000000
0.000000
0.000000
0.000000
0.000000
0.000000
0.000000
0.000000
0.000000
0.000000
0.000000
0.004484
0.004484
0.004484
0.008969
0.008969
0.008969
0.008969
0.008969
0.008969
0.008969
0.008969
0.008969
0.008969
0.004484
0.000000
0.000000
0.000000
0.000000
0.000000
0.000000
0.000000
0.000000
0.000000
0.000000
0.000000
0.000000
0.000000
0.000000
0.000000
0.000000
0.000000
0.000000
0.000000
0.000000
0.000000
0.000000
0.000000
0.000000
0.000000
0.000000
0.000000
0.000000
0.000000
0.000000
0.000000
0.000000
0.000000
0.000000
0.000000
