0.000000
0.000000
0.000000
0.000000
0.000000
0.000000
0.000000
0.004237
0.008475
0.008475
0.008475
0.004237
0.004237
0.004237
0.004237
0.008475
0.008475
0.008475
0.008475
0.008475
0.004237
0.000000
0.000000
0.000000
0.000000
0.000000
0.000000
0.000000
0.000000
0.000000
0.000000
0.000000
0.000000
0.000000
0.000000
0.000000
0.000000
0.000000
0.000000
0.000000
0.000000
0.000000
0.000000
0.000000
0.000000
0.000000
0.000000
0.000000
0.000000
0.000000
0.000000
0.000000
0.000000
0.000000
0.000000
0.000000
0.000000
0.000000
0.000000
0.000000
0.000000
0.000000
0.000000
0.067797
0.127119
0.144068
0.127119
0.097458
0.046610
0.059322
0.101695
0.144068
0.173729
0.194915
0.216102
0.161017
0.072034
0.000000
0.000000
0.000000
0.000000
0.000000
0.000000
0.000000
0.000000
0.000000
0.000000
0.000000
0.000000
0.012712
0.000000
0.394068
0.741525
0.788136
0.694915
0.487288
0.233051
0.250000
0.466102
0.661017
0.745763
0.843220
0.881356
0.716102
0.368644
0.000000
0.012712
0.000000
0.000000
0.000000
0.000000
0.000000
0.000000
0.000000
0.000000
0.000000
0.000000
0.012712
0.000000
0.466102
0.898305
0.919492
0.860170
0.580509
0.292373
0.317797
0.542373
0.648305
0.631356
0.758475
0.796610
0.754237
0.453390
0.000000
0.012712
0.000000
0.000000
0.000000
0.000000
0.000000
0.000000
0.000000
0.000000
0.000000
0.000000
0.012712
0.000000
0.470339
0.894068
0.911017
0.877119
0.639831
0.364407
0.453390
0.605932
0.572034
0.512712
0.716102
0.851695
0.877119
0.516949
0.000000
0.016949
0.000000
0.000000
0.000000
0.000000
0.000000
0.000000
0.000000
0.000000
0.000000
0.000000
0.016949
0.000000
0.521186
0.940678
0.906780
0.872881
0.711864
0.504237
0.474576
0.521186
0.491525
0.533898
0.775424
0.881356
0.919492
0.546610
0.000000
0.016949
0.000000
0.000000
0.000000
0.000000
0.000000
0.000000
0.000000
0.000000
0.000000
0.000000
0.016949
0.000000
0.546610
0.957627
0.932203
0.944915
0.830508
0.627119
0.508475
0.504237
0.542373
0.694915
0.923729
0.911017
0.923729
0.567797
0.000000
0.016949
0.000000
0.000000
0.000000
0.000000
0.000000
0.000000
0.000000
0.000000
0.000000
0.000000
0.012712
0.000000
0.500000
0.889831
0.898305
0.949153
0.817797
0.610169
0.584746
0.593220
0.601695
0.733051
0.915254
0.843220
0.877119
0.567797
0.000000
0.016949
0.000000
0.000000
0.000000
0.000000
0.000000
0.000000
0.000000
0.000000
0.000000
0.000000
0.012712
0.000000
0.466102
0.868644
0.889831
0.864407
0.690678
0.597458
0.661017
0.677966
0.597458
0.661017
0.843220
0.766949
0.728814
0.508475
0.000000
0.016949
0.000000
0.000000
0.000000
0.000000
0.000000
0.000000
0.000000
0.000000
0.000000
0.000000
0.012712
0.000000
0.487288
0.915254
0.949153
0.877119
0.677966
0.686441
0.745763
0.728814
0.618644
0.694915
0.851695
0.750000
0.627119
0.457627
0.000000
0.012712
0.000000
0.000000
0.000000
0.000000
0.000000
0.000000
0.000000
0.000000
0.000000
0.000000
0.012712
0.000000
0.487288
0.877119
0.906780
0.949153
0.779661
0.682203
0.720339
0.635593
0.567797
0.775424
0.838983
0.733051
0.750000
0.478814
0.000000
0.012712
0.000000
0.000000
0.000000
0.000000
0.000000
0.000000
0.000000
0.000000
0.000000
0.000000
0.012712
0.000000
0.483051
0.894068
0.919492
0.915254
0.703390
0.546610
0.525424
0.470339
0.466102
0.711864
0.881356
0.898305
0.838983
0.508475
0.000000
0.012712
0.000000
0.000000
0.000000
0.000000
0.000000
0.000000
0.000000
0.000000
0.000000
0.000000
0.016949
0.000000
0.525424
0.957627
0.970339
0.911017
0.656780
0.432203
0.326271
0.364407
0.538136
0.826271
0.936441
0.923729
0.872881
0.512712
0.000000
0.016949
0.000000
0.000000
0.000000
0.000000
0.000000
0.000000
0.000000
0.000000
0.000000
0.000000
0.016949
0.000000
0.567797
1.000000
1.000000
0.936441
0.677966
0.411017
0.182203
0.211864
0.466102
0.800847
0.902542
0.885593
0.885593
0.508475
0.000000
0.016949
0.000000
0.000000
0.000000
0.000000
0.000000
0.000000
0.000000
0.000000
0.000000
0.000000
0.012712
0.000000
0.504237
0.898305
0.927966
0.915254
0.665254
0.385593
0.182203
0.148305
0.317797
0.648305
0.834746
0.894068
0.923729
0.521186
0.000000
0.016949
0.000000
0.000000
0.000000
0.000000
0.000000
0.000000
0.000000
0.000000
0.000000
0.000000
0.012712
0.000000
0.427966
0.805085
0.868644
0.872881
0.605932
0.322034
0.245763
0.207627
0.296610
0.614407
0.838983
0.906780
0.898305
0.508475
0.000000
0.016949
0.000000
0.000000
0.000000
0.000000
0.000000
0.000000
0.000000
0.000000
0.000000
0.000000
0.012712
0.000000
0.440678
0.855932
0.927966
0.902542
0.588983
0.279661
0.224576
0.156780
0.241525
0.627119
0.877119
0.894068
0.809322
0.457627
0.000000
0.012712
0.000000
0.000000
0.000000
0.000000
0.000000
0.000000
0.000000
0.000000
0.000000
0.000000
0.012712
0.000000
0.461864
0.898305
0.961864
0.911017
0.580509
0.228814
0.148305
0.144068
0.233051
0.508475
0.809322
0.911017
0.750000
0.432203
0.000000
0.012712
0.000000
0.000000
0.000000
0.000000
0.000000
0.000000
0.000000
0.000000
0.000000
0.000000
0.012712
0.000000
0.453390
0.855932
0.906780
0.864407
0.580509
0.266949
0.101695
0.114407
0.292373
0.605932
0.864407
0.923729
0.872881
0.500000
0.000000
0.012712
0.000000
0.000000
0.000000
0.000000
0.000000
0.000000
0.000000
0.000000
0.000000
0.000000
0.012712
0.000000
0.440678
0.809322
0.838983
0.822034
0.580509
0.275424
0.080508
0.110169
0.322034
0.644068
0.872881
0.919492
0.915254
0.521186
0.000000
0.016949
0.000000
0.000000
0.000000
0.000000
0.000000
0.000000
0.000000
0.000000
0.000000
0.000000
0.012712
0.000000
0.461864
0.809322
0.826271
0.830508
0.588983
0.250000
0.097458
0.127119
0.305085
0.597458
0.826271
0.885593
0.868644
0.500000
0.000000
0.016949
0.000000
0.000000
0.000000
0.000000
0.000000
0.000000
0.000000
0.000000
0.000000
0.000000
0.012712
0.000000
0.427966
0.762712
0.779661
0.775424
0.542373
0.254237
0.088983
0.101695
0.296610
0.627119
0.830508
0.830508
0.877119
0.516949
0.000000
0.016949
0.000000
0.000000
0.000000
0.000000
0.000000
0.000000
0.000000
0.000000
0.000000
0.000000
0.012712
0.000000
0.419491
0.754237
0.771186
0.745763
0.504237
0.228814
0.076271
0.067797
0.271186
0.639831
0.826271
0.754237
0.817797
0.491525
0.000000
0.012712
0.000000
0.000000
0.000000
0.000000
0.000000
0.000000
0.000000
0.000000
0.000000
0.000000
0.012712
0.000000
0.411017
0.779661
0.796610
0.737288
0.432203
0.169492
0.110169
0.084746
0.220339
0.618644
0.877119
0.805085
0.716102
0.440678
0.000000
0.012712
0.000000
0.000000
0.000000
0.000000
0.000000
0.000000
0.000000
0.000000
0.000000
0.000000
0.000000
0.000000
0.084746
0.169492
0.173729
0.156780
0.084746
0.029661
0.029661
0.025424
0.042373
0.135593
0.203390
0.190678
0.152542
0.093220
0.000000
0.004237
0.000000
0.000000
0.000000
0.000000
0.000000
0.000000
0.000000
0.000000
0.000000
0.000000
0.000000
0.000000
0.000000
0.000000
0.000000
0.000000
0.000000
0.000000
0.000000
0.000000
0.000000
0.000000
0.000000
0.000000
0.000000
0.000000
0.000000
0.000000
0.000000
0.000000
0.000000
0.000000
0.000000
0.000000
0.000000
0.000000
0.000000
0.000000
0.000000
0.000000
0.004237
0.008475
0.008475
0.008475
0.004237
0.000000
0.000000
0.000000
0.004237
0.008475
0.008475
0.008475
0.008475
0.004237
0.000000
0.000000
0.000000
0.000000
0.000000
0.000000
0.000000
