0.000000
0.000000
0.000000
0.000000
0.000000
0.000000
0.000000
0.004237
0.004237
0.004237
0.004237
0.000000
0.004237
0.008475
0.008475
0.012712
0.012712
0.012712
0.012712
0.004237
0.000000
0.000000
0.000000
0.000000
0.000000
0.000000
0.000000
0.000000
0.000000
0.000000
0.000000
0.000000
0.000000
0.000000
0.000000
0.000000
0.000000
0.000000
0.000000
0.000000
0.000000
0.000000
0.000000
0.000000
0.000000
0.000000
0.000000
0.000000
0.000000
0.000000
0.000000
0.000000
0.000000
0.000000
0.000000
0.000000
0.000000
0.000000
0.000000
0.000000
0.000000
0.000000
0.000000
0.055085
0.072034
0.059322
0.029661
0.021186
0.067797
0.131356
0.169492
0.207627
0.275424
0.262712
0.224576
0.101695
0.000000
0.000000
0.000000
0.000000
0.000000
0.000000
0.000000
0.000000
0.000000
0.000000
0.000000
0.000000
0.000000
0.000000
0.004237
0.398305
0.542373
0.576271
0.398305
0.211864
0.266949
0.389830
0.610169
0.758475
0.927966
0.881356
0.737288
0.470339
0.029661
0.000000
0.000000
0.000000
0.000000
0.000000
0.000000
0.000000
0.000000
0.000000
0.000000
0.000000
0.000000
0.000000
0.008475
0.580509
0.796610
0.936441
0.750000
0.372881
0.224576
0.449152
0.750000
0.796610
0.843220
0.809322
0.707627
0.635593
0.059322
0.000000
0.004237
0.000000
0.000000
0.000000
0.000000
0.000000
0.000000
0.000000
0.000000
0.000000
0.000000
0.000000
0.008475
0.669491
0.800847
0.860170
0.800847
0.525424
0.343220
0.555085
0.648305
0.597458
0.682203
0.809322
0.872881
0.728814
0.055085
0.000000
0.004237
0.000000
0.000000
0.000000
0.000000
0.000000
0.000000
0.000000
0.000000
0.000000
0.000000
0.000000
0.012712
0.809322
0.881356
0.775424
0.745763
0.614407
0.491525
0.546610
0.423729
0.389830
0.529661
0.741525
0.944915
0.669491
0.033898
0.000000
0.000000
0.000000
0.000000
0.000000
0.000000
0.000000
0.000000
0.000000
0.000000
0.000000
0.000000
0.000000
0.012712
0.796610
0.885593
0.788136
0.771186
0.699153
0.584746
0.563559
0.483051
0.402542
0.533898
0.868644
0.885593
0.682203
0.055085
0.000000
0.004237
0.000000
0.000000
0.000000
0.000000
0.000000
0.000000
0.000000
0.000000
0.000000
0.000000
0.000000
0.012712
0.788136
0.834746
0.762712
0.788136
0.741525
0.644068
0.593220
0.495763
0.610169
0.834746
0.949153
0.855932
0.737288
0.067797
0.000000
0.004237
0.000000
0.000000
0.000000
0.000000
0.000000
0.000000
0.000000
0.000000
0.000000
0.000000
0.000000
0.012712
0.724576
0.788136
0.771186
0.830508
0.775424
0.690678
0.661017
0.440678
0.555085
0.800847
0.932203
0.911017
0.741525
0.063559
0.000000
0.004237
0.000000
0.000000
0.000000
0.000000
0.000000
0.000000
0.000000
0.000000
0.000000
0.000000
0.000000
0.004237
0.635593
0.775424
0.813559
0.868644
0.779661
0.711864
0.694915
0.495763
0.618644
0.762712
0.855932
0.906780
0.686441
0.046610
0.000000
0.004237
0.000000
0.000000
0.000000
0.000000
0.000000
0.000000
0.000000
0.000000
0.000000
0.000000
0.000000
0.004237
0.618644
0.779661
0.834746
0.860170
0.737288
0.703390
0.567797
0.389830
0.614407
0.813559
0.868644
0.898305
0.737288
0.055085
0.000000
0.004237
0.000000
0.000000
0.000000
0.000000
0.000000
0.000000
0.000000
0.000000
0.000000
0.000000
0.000000
0.004237
0.644068
0.800847
0.860170
0.838983
0.635593
0.546610
0.516949
0.394068
0.584746
0.783898
0.877119
0.864407
0.639831
0.046610
0.000000
0.000000
0.000000
0.000000
0.000000
0.000000
0.000000
0.000000
0.000000
0.000000
0.000000
0.000000
0.000000
0.004237
0.644068
0.813559
0.889831
0.834746
0.521186
0.343220
0.372881
0.538136
0.800847
0.860170
0.940678
0.957627
0.669491
0.046610
0.000000
0.004237
0.000000
0.000000
0.000000
0.000000
0.000000
0.000000
0.000000
0.000000
0.000000
0.000000
0.000000
0.008475
0.580509
0.699153
0.860170
0.826271
0.500000
0.241525
0.186441
0.360169
0.694915
0.923729
0.961864
0.936441
0.669491
0.046610
0.000000
0.004237
0.000000
0.000000
0.000000
0.000000
0.000000
0.000000
0.000000
0.000000
0.000000
0.000000
0.000000
0.008475
0.690678
0.877119
0.936441
0.826271
0.500000
0.220339
0.190678
0.296610
0.538136
0.737288
0.788136
0.809322
0.597458
0.042373
0.000000
0.000000
0.000000
0.000000
0.000000
0.000000
0.000000
0.000000
0.000000
0.000000
0.000000
0.000000
0.000000
0.004237
0.720339
0.953390
0.944915
0.783898
0.483051
0.237288
0.211864
0.283898
0.504237
0.728814
0.796610
0.817797
0.627119
0.050847
0.000000
0.000000
0.000000
0.000000
0.000000
0.000000
0.000000
0.000000
0.000000
0.000000
0.000000
0.000000
0.000000
0.008475
0.733051
0.940678
0.949153
0.771186
0.436441
0.220339
0.165254
0.245763
0.538136
0.838983
0.911017
0.894068
0.669491
0.050847
0.000000
0.000000
0.000000
0.000000
0.000000
0.000000
0.000000
0.000000
0.000000
0.000000
0.000000
0.000000
0.000000
0.008475
0.720339
0.932203
1.000000
0.822034
0.423729
0.161017
0.105932
0.173729
0.495763
0.851695
0.932203
0.877119
0.631356
0.046610
0.000000
0.000000
0.000000
0.000000
0.000000
0.000000
0.000000
0.000000
0.000000
0.000000
0.000000
0.000000
0.000000
0.008475
0.703390
0.932203
1.000000
0.843220
0.449152
0.122881
0.093220
0.144068
0.461864
0.843220
0.923729
0.851695
0.610169
0.042373
0.000000
0.000000
0.000000
0.000000
0.000000
0.000000
0.000000
0.000000
0.000000
0.000000
0.000000
0.000000
0.000000
0.008475
0.783898
0.987288
0.966102
0.809322
0.453390
0.105932
0.097458
0.144068
0.466102
0.864407
0.949153
0.868644
0.614407
0.046610
0.000000
0.000000
0.000000
0.000000
0.000000
0.000000
0.000000
0.000000
0.000000
0.000000
0.000000
0.000000
0.000000
0.008475
0.830508
1.000000
0.953390
0.792373
0.385593
0.135593
0.114407
0.173729
0.516949
0.805085
0.927966
0.927966
0.656780
0.046610
0.000000
0.000000
0.000000
0.000000
0.000000
0.000000
0.000000
0.000000
0.000000
0.000000
0.000000
0.000000
0.000000
0.008475
0.783898
0.932203
0.902542
0.758475
0.355932
0.097458
0.093220
0.220339
0.601695
0.868644
0.944915
0.915254
0.669491
0.050847
0.000000
0.000000
0.000000
0.000000
0.000000
0.000000
0.000000
0.000000
0.000000
0.000000
0.000000
0.000000
0.000000
0.008475
0.771186
0.940678
0.860170
0.648305
0.288136
0.105932
0.105932
0.237288
0.584746
0.826271
0.881356
0.830508
0.627119
0.050847
0.000000
0.004237
0.000000
0.000000
0.000000
0.000000
0.000000
0.000000
0.000000
0.000000
0.000000
0.000000
0.000000
0.000000
0.677966
0.953390
0.885593
0.601695
0.245763
0.101695
0.050847
0.152542
0.495763
0.796610
0.885593
0.771186
0.504237
0.038136
0.000000
0.000000
0.000000
0.000000
0.000000
0.000000
0.000000
0.000000
0.000000
0.000000
0.000000
0.000000
0.000000
0.000000
0.165254
0.237288
0.220339
0.144068
0.063559
0.033898
0.021186
0.046610
0.148305
0.245763
0.279661
0.233051
0.139830
0.008475
0.000000
0.000000
0.000000
0.000000
0.000000
0.000000
0.000000
0.000000
0.000000
0.000000
0.000000
0.000000
0.000000
0.000000
0.000000
0.000000
0.000000
0.000000
0.000000
0.000000
0.000000
0.000000
0.000000
0.000000
0.000000
0.000000
0.000000
0.000000
0.000000
0.000000
0.000000
0.000000
0.000000
0.000000
0.000000
0.000000
0.000000
0.000000
0.000000
0.000000
0.000000
0.000000
0.008475
0.012712
0.012712
0.008475
0.004237
0.000000
0.000000
0.004237
0.008475
0.012712
0.012712
0.012712
0.008475
0.000000
0.000000
0.000000
0.000000
0.000000
0.000000
0.000000
0.000000
