0.000000
0.000000
0.000000
0.000000
0.000000
0.000000
0.000000
0.000000
0.003984
0.003984
0.003984
0.003984
0.003984
0.003984
0.007968
0.011952
0.011952
0.011952
0.011952
0.007968
0.000000
0.000000
0.000000
0.000000
0.000000
0.000000
0.000000
0.000000
0.000000
0.000000
0.000000
0.000000
0.000000
0.000000
0.000000
0.000000
0.000000
0.000000
0.000000
0.000000
0.000000
0.000000
0.000000
0.000000
0.000000
0.000000
0.000000
0.000000
0.000000
0.000000
0.000000
0.000000
0.000000
0.000000
0.000000
0.000000
0.000000
0.000000
0.000000
0.000000
0.000000
0.000000
0.000000
0.003984
0.051793
0.091633
0.087649
0.051793
0.031873
0.059761
0.135458
0.199203
0.211155
0.215139
0.211155
0.135458
0.007968
0.000000
0.000000
0.000000
0.000000
0.000000
0.000000
0.000000
0.000000
0.000000
0.000000
0.000000
0.000000
0.000000
0.000000
0.023904
0.342629
0.490040
0.470120
0.298805
0.183267
0.199203
0.430279
0.665339
0.749004
0.804781
0.756972
0.557769
0.043825
0.000000
0.000000
0.000000
0.000000
0.000000
0.000000
0.000000
0.000000
0.000000
0.000000
0.000000
0.000000
0.003984
0.000000
0.051793
0.621514
0.780877
0.745020
0.541833
0.266932
0.227092
0.466135
0.709163
0.788845
0.836653
0.737052
0.689243
0.071713
0.000000
0.003984
0.000000
0.000000
0.000000
0.000000
0.000000
0.000000
0.000000
0.000000
0.000000
0.000000
0.003984
0.000000
0.063745
0.725100
0.860558
0.836653
0.657371
0.326693
0.326693
0.545817
0.657371
0.633466
0.689243
0.725100
0.729084
0.071713
0.000000
0.003984
0.000000
0.000000
0.000000
0.000000
0.000000
0.000000
0.000000
0.000000
0.000000
0.000000
0.003984
0.000000
0.063745
0.733068
0.844622
0.844622
0.681275
0.442231
0.454183
0.498008
0.462151
0.430279
0.565737
0.796813
0.872510
0.083665
0.000000
0.003984
0.000000
0.000000
0.000000
0.000000
0.000000
0.000000
0.000000
0.000000
0.000000
0.000000
0.003984
0.000000
0.067729
0.768924
0.872510
0.888446
0.725100
0.537849
0.513944
0.486056
0.438247
0.490040
0.649402
0.860558
0.916335
0.087649
0.000000
0.003984
0.000000
0.000000
0.000000
0.000000
0.000000
0.000000
0.000000
0.000000
0.000000
0.000000
0.003984
0.000000
0.071713
0.816733
0.916335
0.920319
0.816733
0.613546
0.478088
0.581673
0.525896
0.669323
0.872510
0.828685
0.808765
0.083665
0.000000
0.003984
0.000000
0.000000
0.000000
0.000000
0.000000
0.000000
0.000000
0.000000
0.000000
0.000000
0.003984
0.000000
0.067729
0.784861
0.932271
0.948207
0.832669
0.641434
0.553785
0.501992
0.458167
0.593626
0.804781
0.904382
0.812749
0.075697
0.000000
0.003984
0.000000
0.000000
0.000000
0.000000
0.000000
0.000000
0.000000
0.000000
0.000000
0.000000
0.003984
0.000000
0.063745
0.756972
0.932271
0.952191
0.804781
0.625498
0.649402
0.553785
0.474104
0.553785
0.749004
0.900398
0.832669
0.075697
0.000000
0.003984
0.000000
0.000000
0.000000
0.000000
0.000000
0.000000
0.000000
0.000000
0.000000
0.000000
0.003984
0.000000
0.059761
0.752988
0.936255
0.948207
0.764940
0.565737
0.617530
0.585657
0.501992
0.641434
0.832669
0.860558
0.888446
0.087649
0.000000
0.003984
0.000000
0.000000
0.000000
0.000000
0.000000
0.000000
0.000000
0.000000
0.000000
0.000000
0.003984
0.000000
0.063745
0.752988
0.940239
0.960159
0.768924
0.593626
0.482072
0.410359
0.374502
0.637450
0.848606
0.768924
0.832669
0.083665
0.000000
0.003984
0.000000
0.000000
0.000000
0.000000
0.000000
0.000000
0.000000
0.000000
0.000000
0.000000
0.003984
0.000000
0.063745
0.733068
0.900398
0.932271
0.780877
0.505976
0.262948
0.278884
0.418327
0.609562
0.669323
0.589641
0.581673
0.059761
0.000000
0.000000
0.000000
0.000000
0.000000
0.000000
0.000000
0.000000
0.000000
0.000000
0.000000
0.000000
0.003984
0.000000
0.059761
0.717131
0.868526
0.896414
0.749004
0.501992
0.191235
0.179283
0.342629
0.442231
0.557769
0.745020
0.709163
0.071713
0.000000
0.003984
0.000000
0.000000
0.000000
0.000000
0.000000
0.000000
0.000000
0.000000
0.000000
0.000000
0.003984
0.000000
0.063745
0.745020
0.940239
0.916335
0.693227
0.398406
0.171315
0.147410
0.179283
0.358566
0.657371
0.940239
0.972112
0.091633
0.000000
0.003984
0.000000
0.000000
0.000000
0.000000
0.000000
0.000000
0.000000
0.000000
0.000000
0.000000
0.003984
0.000000
0.051793
0.645418
0.872510
0.900398
0.677291
0.414343
0.215139
0.155378
0.159363
0.402390
0.697211
0.932271
0.992032
0.095618
0.000000
0.003984
0.000000
0.000000
0.000000
0.000000
0.000000
0.000000
0.000000
0.000000
0.000000
0.000000
0.000000
0.000000
0.043825
0.589641
0.836653
0.896414
0.641434
0.398406
0.207171
0.119522
0.163347
0.553785
0.764940
0.788845
0.956175
0.103586
0.000000
0.003984
0.000000
0.000000
0.000000
0.000000
0.000000
0.000000
0.000000
0.000000
0.000000
0.000000
0.000000
0.000000
0.043825
0.585657
0.812749
0.856574
0.577689
0.282869
0.151394
0.115538
0.135458
0.533864
0.768924
0.844622
0.952191
0.087649
0.000000
0.003984
0.000000
0.000000
0.000000
0.000000
0.000000
0.000000
0.000000
0.000000
0.000000
0.000000
0.003984
0.000000
0.055777
0.653386
0.832669
0.844622
0.581673
0.231076
0.107570
0.127490
0.147410
0.482072
0.741036
0.872510
0.932271
0.083665
0.000000
0.003984
0.000000
0.000000
0.000000
0.000000
0.000000
0.000000
0.000000
0.000000
0.000000
0.000000
0.003984
0.000000
0.059761
0.725100
0.864542
0.876494
0.689243
0.302789
0.103586
0.099602
0.167331
0.450199
0.681275
0.749004
0.840637
0.091633
0.000000
0.003984
0.000000
0.000000
0.000000
0.000000
0.000000
0.000000
0.000000
0.000000
0.000000
0.000000
0.003984
0.000000
0.063745
0.745020
0.880478
0.900398
0.752988
0.334661
0.107570
0.095618
0.111554
0.298805
0.585657
0.812749
0.836653
0.079681
0.000000
0.003984
0.000000
0.000000
0.000000
0.000000
0.000000
0.000000
0.000000
0.000000
0.000000
0.000000
0.003984
0.000000
0.063745
0.729084
0.880478
0.920319
0.733068
0.338645
0.103586
0.095618
0.115538
0.370518
0.637450
0.888446
1.000000
0.091633
0.000000
0.003984
0.000000
0.000000
0.000000
0.000000
0.000000
0.000000
0.000000
0.000000
0.000000
0.000000
0.003984
0.000000
0.063745
0.709163
0.812749
0.852590
0.725100
0.346614
0.075697
0.075697
0.223108
0.589641
0.792829
0.848606
0.964143
0.099602
0.000000
0.003984
0.000000
0.000000
0.000000
0.000000
0.000000
0.000000
0.000000
0.000000
0.000000
0.000000
0.000000
0.000000
0.055777
0.737052
0.976096
0.944223
0.621514
0.278884
0.111554
0.099602
0.147410
0.402390
0.673307
0.916335
0.936255
0.083665
0.000000
0.003984
0.000000
0.000000
0.000000
0.000000
0.000000
0.000000
0.000000
0.000000
0.000000
0.000000
0.000000
0.000000
0.015936
0.203187
0.294821
0.274900
0.155378
0.067729
0.039841
0.031873
0.019920
0.067729
0.159363
0.266932
0.250996
0.019920
0.000000
0.000000
0.000000
0.000000
0.000000
0.000000
0.000000
0.000000
0.000000
0.000000
0.000000
0.000000
0.000000
0.000000
0.000000
0.000000
0.000000
0.000000
0.000000
0.000000
0.000000
0.000000
0.000000
0.000000
0.000000
0.000000
0.000000
0.000000
0.000000
0.000000
0.000000
0.000000
0.000000
0.000000
0.000000
0.000000
0.000000
0.000000
0.000000
0.000000
0.000000
0.000000
0.000000
0.011952
0.015936
0.015936
0.007968
0.003984
0.000000
0.000000
0.000000
0.003984
0.007968
0.015936
0.011952
0.000000
0.000000
0.000000
0.000000
0.000000
0.000000
0.000000
0.000000
