0.000000
0.000000
0.000000
0.000000
0.000000
0.000000
0.000000
0.000000
0.004926
0.009852
0.009852
0.009852
0.014778
0.014778
0.014778
0.014778
0.009852
0.009852
0.004926
0.004926
0.000000
0.000000
0.000000
0.000000
0.000000
0.000000
0.000000
0.000000
0.000000
0.000000
0.000000
0.000000
0.000000
0.000000
0.000000
0.000000
0.000000
0.000000
0.000000
0.000000
0.000000
0.000000
0.000000
0.000000
0.000000
0.000000
0.000000
0.000000
0.000000
0.000000
0.000000
0.000000
0.000000
0.000000
0.000000
0.000000
0.000000
0.000000
0.000000
0.000000
0.000000
0.000000
0.009852
0.000000
0.182266
0.330049
0.344828
0.418719
0.492611
0.536946
0.551724
0.517241
0.458128
0.369458
0.256158
0.108374
0.000000
0.004926
0.000000
0.000000
0.000000
0.000000
0.000000
0.000000
0.000000
0.000000
0.000000
0.000000
0.000000
0.000000
0.009852
0.000000
0.334975
0.591133
0.615763
0.714286
0.812808
0.862069
0.866995
0.807882
0.709360
0.566502
0.394089
0.167488
0.000000
0.004926
0.000000
0.000000
0.000000
0.000000
0.000000
0.000000
0.000000
0.000000
0.000000
0.000000
0.000000
0.000000
0.009852
0.000000
0.418719
0.729064
0.748768
0.832512
0.901478
0.926108
0.906404
0.837438
0.724138
0.566502
0.399015
0.172414
0.000000
0.004926
0.000000
0.000000
0.000000
0.000000
0.000000
0.000000
0.000000
0.000000
0.000000
0.000000
0.000000
0.000000
0.014778
0.000000
0.467980
0.822660
0.847291
0.921182
0.980296
0.980296
0.945813
0.871921
0.748768
0.591133
0.423645
0.192118
0.000000
0.004926
0.000000
0.000000
0.000000
0.000000
0.000000
0.000000
0.000000
0.000000
0.000000
0.000000
0.000000
0.000000
0.014778
0.000000
0.487685
0.857143
0.876847
0.945813
1.000000
1.000000
0.960591
0.886699
0.768473
0.625616
0.463054
0.221675
0.000000
0.004926
0.000000
0.000000
0.000000
0.000000
0.000000
0.000000
0.000000
0.000000
0.000000
0.000000
0.000000
0.000000
0.014778
0.000000
0.487685
0.847291
0.871921
0.940887
0.990148
1.000000
0.975369
0.896552
0.778325
0.635468
0.482759
0.231527
0.000000
0.004926
0.000000
0.000000
0.000000
0.000000
0.000000
0.000000
0.000000
0.000000
0.000000
0.000000
0.000000
0.000000
0.014778
0.000000
0.453202
0.802956
0.842365
0.906404
0.970443
0.990148
0.965517
0.891626
0.773399
0.630542
0.497537
0.246305
0.000000
0.009852
0.000000
0.000000
0.000000
0.000000
0.000000
0.000000
0.000000
0.000000
0.000000
0.000000
0.000000
0.000000
0.014778
0.000000
0.399015
0.724138
0.778325
0.862069
0.940887
0.985222
0.960591
0.891626
0.773399
0.630542
0.497537
0.251232
0.000000
0.009852
0.000000
0.000000
0.000000
0.000000
0.000000
0.000000
0.000000
0.000000
0.000000
0.000000
0.000000
0.000000
0.009852
0.000000
0.325123
0.591133
0.665025
0.783251
0.901478
0.965517
0.960591
0.896552
0.778325
0.630542
0.482759
0.236453
0.000000
0.009852
0.000000
0.000000
0.000000
0.000000
0.000000
0.000000
0.000000
0.000000
0.000000
0.000000
0.000000
0.000000
0.004926
0.000000
0.236453
0.453202
0.556650
0.714286
0.862069
0.950739
0.970443
0.906404
0.783251
0.625616
0.472906
0.226601
0.000000
0.004926
0.000000
0.000000
0.000000
0.000000
0.000000
0.000000
0.000000
0.000000
0.000000
0.000000
0.000000
0.000000
0.004926
0.000000
0.187192
0.374384
0.502463
0.689655
0.862069
0.960591
0.980296
0.906404
0.773399
0.615763
0.458128
0.221675
0.000000
0.004926
0.000000
0.000000
0.000000
0.000000
0.000000
0.000000
0.000000
0.000000
0.000000
0.000000
0.000000
0.000000
0.004926
0.000000
0.182266
0.364532
0.502463
0.709360
0.886699
0.980296
0.990148
0.906404
0.763547
0.605911
0.453202
0.221675
0.000000
0.004926
0.000000
0.000000
0.000000
0.000000
0.000000
0.000000
0.000000
0.000000
0.000000
0.000000
0.000000
0.000000
0.004926
0.000000
0.157635
0.334975
0.502463
0.733990
0.901478
0.985222
0.995074
0.911330
0.753695
0.586207
0.443350
0.221675
0.000000
0.004926
0.000000
0.000000
0.000000
0.000000
0.000000
0.000000
0.000000
0.000000
0.000000
0.000000
0.000000
0.000000
0.004926
0.000000
0.152709
0.325123
0.507389
0.743842
0.906404
0.980296
0.985222
0.906404
0.758621
0.586207
0.448276
0.226601
0.000000
0.004926
0.000000
0.000000
0.000000
0.000000
0.000000
0.000000
0.000000
0.000000
0.000000
0.000000
0.000000
0.000000
0.004926
0.000000
0.157635
0.339901
0.527094
0.758621
0.916256
0.980296
0.975369
0.901478
0.763547
0.600985
0.467980
0.231527
0.000000
0.004926
0.000000
0.000000
0.000000
0.000000
0.000000
0.000000
0.000000
0.000000
0.000000
0.000000
0.000000
0.000000
0.004926
0.000000
0.152709
0.339901
0.536946
0.768473
0.921182
0.985222
0.980296
0.906404
0.773399
0.620690
0.482759
0.236453
0.000000
0.009852
0.000000
0.000000
0.000000
0.000000
0.000000
0.000000
0.000000
0.000000
0.000000
0.000000
0.000000
0.000000
0.004926
0.000000
0.167488
0.369458
0.556650
0.778325
0.916256
0.970443
0.970443
0.901478
0.793103
0.660098
0.522167
0.261084
0.000000
0.009852
0.000000
0.000000
0.000000
0.000000
0.000000
0.000000
0.000000
0.000000
0.000000
0.000000
0.000000
0.000000
0.004926
0.000000
0.206897
0.418719
0.586207
0.778325
0.891626
0.940887
0.945813
0.891626
0.802956
0.699507
0.571429
0.295566
0.000000
0.009852
0.000000
0.000000
0.000000
0.000000
0.000000
0.000000
0.000000
0.000000
0.000000
0.000000
0.000000
0.000000
0.009852
0.000000
0.251232
0.487685
0.610837
0.783251
0.881773
0.911330
0.906404
0.871921
0.817734
0.729064
0.635468
0.349754
0.000000
0.009852
0.000000
0.000000
0.000000
0.000000
0.000000
0.000000
0.000000
0.000000
0.000000
0.000000
0.000000
0.000000
0.009852
0.000000
0.325123
0.605911
0.689655
0.822660
0.896552
0.906404
0.906404
0.871921
0.847291
0.773399
0.714286
0.418719
0.000000
0.014778
0.000000
0.000000
0.000000
0.000000
0.000000
0.000000
0.000000
0.000000
0.000000
0.000000
0.000000
0.000000
0.014778
0.000000
0.443350
0.778325
0.837438
0.926108
0.945813
0.931035
0.916256
0.881773
0.852217
0.793103
0.778325
0.477832
0.000000
0.014778
0.000000
0.000000
0.000000
0.000000
0.000000
0.000000
0.000000
0.000000
0.000000
0.000000
0.000000
0.000000
0.014778
0.000000
0.497537
0.862069
0.891626
0.950739
0.931035
0.896552
0.881773
0.852217
0.812808
0.773399
0.793103
0.497537
0.000000
0.014778
0.000000
0.000000
0.000000
0.000000
0.000000
0.000000
0.000000
0.000000
0.000000
0.000000
0.000000
0.000000
0.014778
0.000000
0.527094
0.896552
0.901478
0.945813
0.916256
0.871921
0.862069
0.832512
0.802956
0.768473
0.812808
0.522167
0.000000
0.014778
0.000000
0.000000
0.000000
0.000000
0.000000
0.000000
0.000000
0.000000
0.000000
0.000000
0.000000
0.000000
0.009852
0.000000
0.354680
0.586207
0.571429
0.596059
0.581281
0.541872
0.532020
0.527094
0.512315
0.492611
0.536946
0.349754
0.000000
0.009852
0.000000
0.000000
0.000000
0.000000
0.000000
0.000000
0.000000
0.000000
0.000000
0.000000
0.000000
0.000000
0.000000
0.000000
0.000000
0.000000
0.000000
0.000000
0.000000
0.000000
0.000000
0.000000
0.000000
0.000000
0.000000
0.000000
0.000000
0.000000
0.000000
0.000000
0.000000
0.000000
0.000000
0.000000
0.000000
0.000000
0.000000
0.000000
0.000000
0.000000
0.000000
0.000000
0.009852
0.014778
0.014778
0.014778
0.014778
0.014778
0.014778
0.014778
0.014778
0.014778
0.014778
0.009852
0.000000
0.000000
0.000000
0.000000
0.000000
0.000000
0.000000
0.000000
