0.000000
0.000000
0.000000
0.000000
0.000000
0.000000
0.000000
0.000000
0.000000
0.000000
0.000000
0.000000
0.000000
0.000000
0.000000
0.000000
0.000000
0.000000
0.000000
0.000000
0.000000
0.000000
0.000000
0.000000
0.000000
0.000000
0.000000
0.000000
0.000000
0.000000
0.000000
0.000000
0.000000
0.000000
0.004049
0.008097
0.008097
0.012146
0.012146
0.012146
0.012146
0.008097
0.008097
0.012146
0.012146
0.012146
0.012146
0.008097
0.004049
0.000000
0.000000
0.000000
0.000000
0.000000
0.000000
0.000000
0.000000
0.000000
0.000000
0.000000
0.000000
0.000000
0.000000
0.000000
0.000000
0.000000
0.000000
0.000000
0.000000
0.000000
0.000000
0.000000
0.000000
0.000000
0.000000
0.000000
0.000000
0.000000
0.000000
0.000000
0.000000
0.000000
0.000000
0.000000
0.000000
0.000000
0.000000
0.000000
0.008097
0.000000
0.170040
0.384615
0.388664
0.445344
0.485830
0.493927
0.481781
0.429150
0.412955
0.437247
0.469636
0.469636
0.445344
0.425101
0.149798
0.000000
0.008097
0.000000
0.000000
0.000000
0.000000
0.000000
0.000000
0.000000
0.000000
0.000000
0.016194
0.000000
0.283401
0.639676
0.647773
0.736842
0.801619
0.817814
0.789474
0.704453
0.676113
0.724696
0.781377
0.773279
0.732794
0.704453
0.251012
0.000000
0.016194
0.000000
0.000000
0.000000
0.000000
0.000000
0.000000
0.000000
0.000000
0.000000
0.020243
0.000000
0.323887
0.720648
0.728745
0.825911
0.890688
0.910931
0.874494
0.793522
0.757085
0.813765
0.882591
0.866397
0.821862
0.789474
0.283401
0.000000
0.020243
0.000000
0.000000
0.000000
0.000000
0.000000
0.000000
0.000000
0.000000
0.000000
0.020243
0.000000
0.356275
0.793522
0.801619
0.898785
0.967611
0.975708
0.939271
0.870445
0.821862
0.886640
0.971660
0.947368
0.898785
0.866397
0.311741
0.000000
0.020243
0.000000
0.000000
0.000000
0.000000
0.000000
0.000000
0.000000
0.000000
0.000000
0.020243
0.000000
0.364372
0.805668
0.801619
0.906883
0.967611
0.967611
0.955466
0.890688
0.866397
0.919028
0.971660
0.963563
0.910931
0.862348
0.307692
0.000000
0.020243
0.000000
0.000000
0.000000
0.000000
0.000000
0.000000
0.000000
0.000000
0.000000
0.020243
0.000000
0.364372
0.785425
0.781377
0.890688
0.939271
0.951417
0.955466
0.894737
0.906883
0.931174
0.951417
0.951417
0.898785
0.834008
0.295547
0.000000
0.020243
0.000000
0.000000
0.000000
0.000000
0.000000
0.000000
0.000000
0.000000
0.000000
0.020243
0.000000
0.356275
0.777328
0.765182
0.870445
0.919028
0.935223
0.943320
0.902834
0.902834
0.931174
0.955466
0.935223
0.878543
0.809717
0.287449
0.000000
0.020243
0.000000
0.000000
0.000000
0.000000
0.000000
0.000000
0.000000
0.000000
0.000000
0.020243
0.000000
0.352227
0.757085
0.736842
0.838057
0.890688
0.910931
0.931174
0.914980
0.919028
0.935223
0.939271
0.902834
0.842105
0.773279
0.271255
0.000000
0.020243
0.000000
0.000000
0.000000
0.000000
0.000000
0.000000
0.000000
0.000000
0.000000
0.020243
0.000000
0.348178
0.740891
0.716599
0.813765
0.866397
0.890688
0.914980
0.923077
0.923077
0.939271
0.923077
0.878543
0.801619
0.732794
0.255061
0.000000
0.016194
0.000000
0.000000
0.000000
0.000000
0.000000
0.000000
0.000000
0.000000
0.000000
0.020243
0.000000
0.344130
0.732794
0.708502
0.797571
0.850202
0.878543
0.910931
0.931174
0.931174
0.939271
0.914980
0.846154
0.765182
0.700405
0.246964
0.000000
0.016194
0.000000
0.000000
0.000000
0.000000
0.000000
0.000000
0.000000
0.000000
0.000000
0.020243
0.000000
0.344130
0.732794
0.704453
0.793522
0.846154
0.874494
0.906883
0.931174
0.931174
0.935223
0.902834
0.829960
0.740891
0.680162
0.242915
0.000000
0.016194
0.000000
0.000000
0.000000
0.000000
0.000000
0.000000
0.000000
0.000000
0.000000
0.020243
0.000000
0.348178
0.740891
0.712551
0.797571
0.846154
0.878543
0.910931
0.931174
0.931174
0.931174
0.890688
0.809717
0.720648
0.668016
0.238866
0.000000
0.016194
0.000000
0.000000
0.000000
0.000000
0.000000
0.000000
0.000000
0.000000
0.000000
0.020243
0.000000
0.348178
0.748988
0.716599
0.797571
0.850202
0.882591
0.914980
0.931174
0.931174
0.931174
0.886640
0.797571
0.712551
0.668016
0.238866
0.000000
0.016194
0.000000
0.000000
0.000000
0.000000
0.000000
0.000000
0.000000
0.000000
0.000000
0.020243
0.000000
0.348178
0.761134
0.761134
0.842105
0.878543
0.919028
0.914980
0.935223
0.919028
0.923077
0.902834
0.842105
0.757085
0.692308
0.242915
0.000000
0.016194
0.000000
0.000000
0.000000
0.000000
0.000000
0.000000
0.000000
0.000000
0.000000
0.020243
0.000000
0.356275
0.789474
0.801619
0.886640
0.919028
0.963563
0.947368
0.927126
0.902834
0.910931
0.906883
0.858300
0.781377
0.724696
0.259109
0.000000
0.016194
0.000000
0.000000
0.000000
0.000000
0.000000
0.000000
0.000000
0.000000
0.000000
0.020243
0.000000
0.364372
0.809717
0.825911
0.914980
0.955466
1.000000
0.975708
0.923077
0.898785
0.902834
0.898785
0.866397
0.805668
0.757085
0.271255
0.000000
0.020243
0.000000
0.000000
0.000000
0.000000
0.000000
0.000000
0.000000
0.000000
0.000000
0.020243
0.000000
0.356275
0.797571
0.821862
0.914980
0.955466
0.991903
0.963563
0.923077
0.894737
0.890688
0.890688
0.862348
0.805668
0.748988
0.267206
0.000000
0.016194
0.000000
0.000000
0.000000
0.000000
0.000000
0.000000
0.000000
0.000000
0.000000
0.020243
0.000000
0.336032
0.757085
0.797571
0.898785
0.943320
0.979757
0.955466
0.927126
0.890688
0.874494
0.862348
0.825911
0.761134
0.700405
0.246964
0.000000
0.016194
0.000000
0.000000
0.000000
0.000000
0.000000
0.000000
0.000000
0.000000
0.000000
0.020243
0.000000
0.307692
0.704453
0.757085
0.866397
0.923077
0.971660
0.947368
0.914980
0.874494
0.854251
0.829960
0.777328
0.708502
0.655870
0.230769
0.000000
0.016194
0.000000
0.000000
0.000000
0.000000
0.000000
0.000000
0.000000
0.000000
0.000000
0.012146
0.000000
0.267206
0.603239
0.659919
0.769231
0.829960
0.878543
0.858300
0.825911
0.793522
0.773279
0.744939
0.688259
0.627530
0.587045
0.210526
0.000000
0.016194
0.000000
0.000000
0.000000
0.000000
0.000000
0.000000
0.000000
0.000000
0.000000
0.012146
0.000000
0.230769
0.522267
0.570850
0.672065
0.732794
0.781377
0.757085
0.712551
0.684211
0.680162
0.655870
0.595142
0.538462
0.514170
0.186235
0.000000
0.012146
0.000000
0.000000
0.000000
0.000000
0.000000
0.000000
0.000000
0.000000
0.000000
0.008097
0.000000
0.141700
0.327935
0.356275
0.421053
0.457490
0.489879
0.469636
0.429150
0.417004
0.417004
0.400810
0.360324
0.323887
0.311741
0.113360
0.000000
0.008097
0.000000
0.000000
0.000000
0.000000
0.000000
0.000000
0.000000
0.000000
0.000000
0.000000
0.000000
0.000000
0.000000
0.000000
0.000000
0.000000
0.000000
0.000000
0.000000
0.000000
0.000000
0.000000
0.000000
0.000000
0.000000
0.000000
0.000000
0.000000
0.000000
0.000000
0.000000
0.000000
0.000000
0.000000
0.000000
0.000000
0.000000
0.000000
0.000000
0.004049
0.008097
0.008097
0.008097
0.012146
0.012146
0.012146
0.008097
0.008097
0.008097
0.008097
0.008097
0.008097
0.008097
0.004049
0.000000
0.000000
0.000000
0.000000
0.000000
0.000000
0.000000
0.000000
0.000000
0.000000
0.000000
0.000000
0.000000
0.000000
0.000000
0.000000
0.000000
0.000000
0.000000
0.000000
0.000000
0.000000
0.000000
0.000000
0.000000
0.000000
0.000000
0.000000
0.000000
0.000000
0.000000
0.000000
0.000000
0.000000
0.000000
