0.000000
0.000000
0.000000
0.000000
0.000000
0.000000
0.000000
0.000000
0.000000
0.000000
0.000000
0.000000
0.000000
0.000000
0.000000
0.000000
0.000000
0.000000
0.000000
0.000000
0.000000
0.000000
0.000000
0.000000
0.000000
0.000000
0.000000
0.000000
0.000000
0.000000
0.000000
0.000000
0.000000
0.010050
0.020101
0.020101
0.020101
0.020101
0.020101
0.020101
0.020101
0.020101
0.020101
0.020101
0.020101
0.020101
0.020101
0.020101
0.015075
0.000000
0.000000
0.000000
0.000000
0.000000
0.000000
0.000000
0.000000
0.000000
0.000000
0.000000
0.000000
0.000000
0.000000
0.000000
0.000000
0.000000
0.000000
0.000000
0.000000
0.000000
0.000000
0.000000
0.000000
0.000000
0.000000
0.000000
0.000000
0.000000
0.000000
0.000000
0.000000
0.000000
0.000000
0.000000
0.000000
0.000000
0.000000
0.000000
0.000000
0.000000
0.000000
0.000000
0.000000
0.000000
0.000000
0.000000
0.000000
0.000000
0.000000
0.000000
0.000000
0.000000
0.000000
0.000000
0.000000
0.000000
0.000000
0.000000
0.000000
0.000000
0.000000
0.000000
0.000000
0.000000
0.010050
0.000000
0.000000
0.236181
0.638191
0.643216
0.592965
0.577889
0.562814
0.552764
0.557789
0.552764
0.557789
0.562814
0.577889
0.577889
0.542714
0.577889
0.447236
0.050251
0.000000
0.015075
0.000000
0.000000
0.000000
0.000000
0.000000
0.000000
0.010050
0.000000
0.000000
0.371859
0.989950
1.000000
0.929648
0.904523
0.879397
0.869347
0.864322
0.859297
0.864322
0.884422
0.904523
0.904523
0.854271
0.899498
0.693467
0.080402
0.000000
0.025126
0.000000
0.000000
0.000000
0.000000
0.000000
0.000000
0.010050
0.000000
0.000000
0.341709
0.909548
0.924623
0.874372
0.849246
0.824121
0.814070
0.804020
0.798995
0.804020
0.834171
0.859297
0.854271
0.804020
0.839196
0.643216
0.075377
0.000000
0.025126
0.000000
0.000000
0.000000
0.000000
0.000000
0.000000
0.010050
0.000000
0.000000
0.341709
0.904523
0.924623
0.879397
0.859297
0.834171
0.824121
0.809045
0.804020
0.814070
0.844221
0.874372
0.869347
0.809045
0.844221
0.653266
0.075377
0.000000
0.025126
0.000000
0.000000
0.000000
0.000000
0.000000
0.000000
0.010050
0.000000
0.000000
0.321608
0.869347
0.894472
0.859297
0.839196
0.824121
0.809045
0.798995
0.788945
0.798995
0.834171
0.864322
0.854271
0.788945
0.819095
0.633166
0.075377
0.000000
0.020101
0.000000
0.000000
0.000000
0.000000
0.000000
0.000000
0.010050
0.000000
0.000000
0.316583
0.849246
0.879397
0.844221
0.834171
0.819095
0.814070
0.804020
0.793970
0.793970
0.829146
0.864322
0.849246
0.783920
0.809045
0.623116
0.075377
0.000000
0.020101
0.000000
0.000000
0.000000
0.000000
0.000000
0.000000
0.010050
0.000000
0.000000
0.321608
0.859297
0.884422
0.849246
0.849246
0.839196
0.829146
0.819095
0.809045
0.809045
0.844221
0.874372
0.864322
0.793970
0.819095
0.633166
0.075377
0.000000
0.020101
0.000000
0.000000
0.000000
0.000000
0.000000
0.000000
0.010050
0.000000
0.000000
0.331658
0.879397
0.909548
0.874372
0.869347
0.849246
0.834171
0.819095
0.809045
0.814070
0.839196
0.859297
0.854271
0.793970
0.829146
0.638191
0.075377
0.000000
0.020101
0.000000
0.000000
0.000000
0.000000
0.000000
0.000000
0.010050
0.000000
0.000000
0.331658
0.884422
0.909548
0.874372
0.859297
0.839196
0.819095
0.809045
0.798995
0.814070
0.839196
0.854271
0.844221
0.793970
0.829146
0.633166
0.075377
0.000000
0.020101
0.000000
0.000000
0.000000
0.000000
0.000000
0.000000
0.010050
0.000000
0.000000
0.331658
0.884422
0.899498
0.849246
0.834171
0.814070
0.809045
0.804020
0.798995
0.814070
0.839196
0.854271
0.844221
0.788945
0.819095
0.628141
0.075377
0.000000
0.020101
0.000000
0.000000
0.000000
0.000000
0.000000
0.000000
0.010050
0.000000
0.000000
0.336683
0.894472
0.904523
0.844221
0.819095
0.804020
0.804020
0.809045
0.809045
0.814070
0.829146
0.844221
0.829146
0.773869
0.809045
0.618090
0.070352
0.000000
0.020101
0.000000
0.000000
0.000000
0.000000
0.000000
0.000000
0.010050
0.000000
0.000000
0.336683
0.899498
0.909548
0.844221
0.814070
0.798995
0.798995
0.809045
0.814070
0.809045
0.824121
0.839196
0.824121
0.768844
0.798995
0.613065
0.070352
0.000000
0.020101
0.000000
0.000000
0.000000
0.000000
0.000000
0.000000
0.010050
0.000000
0.000000
0.336683
0.899498
0.919598
0.854271
0.824121
0.804020
0.798995
0.809045
0.814070
0.809045
0.829146
0.844221
0.829146
0.773869
0.804020
0.618090
0.070352
0.000000
0.020101
0.000000
0.000000
0.000000
0.000000
0.000000
0.000000
0.010050
0.000000
0.000000
0.341709
0.919598
0.939699
0.884422
0.854271
0.829146
0.824121
0.824121
0.824121
0.824121
0.849246
0.864322
0.849246
0.793970
0.834171
0.643216
0.075377
0.000000
0.020101
0.000000
0.000000
0.000000
0.000000
0.000000
0.000000
0.010050
0.000000
0.000000
0.351759
0.954774
0.979900
0.929648
0.904523
0.879397
0.864322
0.859297
0.854271
0.849246
0.869347
0.889447
0.879397
0.824121
0.869347
0.673367
0.080402
0.000000
0.025126
0.000000
0.000000
0.000000
0.000000
0.000000
0.000000
0.010050
0.000000
0.000000
0.361809
0.969849
1.000000
0.954774
0.934673
0.909548
0.894472
0.884422
0.874372
0.859297
0.874372
0.899498
0.899498
0.844221
0.889447
0.688442
0.080402
0.000000
0.025126
0.000000
0.000000
0.000000
0.000000
0.000000
0.000000
0.010050
0.000000
0.000000
0.361809
0.954774
0.979900
0.939699
0.924623
0.904523
0.889447
0.874372
0.859297
0.854271
0.869347
0.899498
0.899498
0.849246
0.899498
0.693467
0.080402
0.000000
0.025126
0.000000
0.000000
0.000000
0.000000
0.000000
0.000000
0.010050
0.000000
0.000000
0.336683
0.889447
0.914573
0.874372
0.864322
0.849246
0.834171
0.819095
0.809045
0.819095
0.849246
0.874372
0.874372
0.834171
0.884422
0.683417
0.080402
0.000000
0.025126
0.000000
0.000000
0.000000
0.000000
0.000000
0.000000
0.010050
0.000000
0.000000
0.346734
0.929648
0.944724
0.899498
0.899498
0.889447
0.884422
0.864322
0.849246
0.869347
0.904523
0.944724
0.949749
0.899498
0.944724
0.733668
0.085427
0.000000
0.025126
0.000000
0.000000
0.000000
0.000000
0.000000
0.000000
0.005025
0.000000
0.000000
0.221106
0.597990
0.603015
0.572864
0.572864
0.572864
0.572864
0.562814
0.547739
0.552764
0.582915
0.613065
0.618090
0.582915
0.608040
0.467337
0.055276
0.000000
0.015075
0.000000
0.000000
0.000000
0.000000
0.000000
0.000000
0.000000
0.000000
0.000000
0.000000
0.000000
0.000000
0.000000
0.000000
0.000000
0.000000
0.000000
0.000000
0.000000
0.000000
0.000000
0.000000
0.000000
0.000000
0.000000
0.000000
0.000000
0.000000
0.000000
0.000000
0.000000
0.000000
0.000000
0.000000
0.000000
0.000000
0.000000
0.000000
0.000000
0.000000
0.000000
0.000000
0.000000
0.000000
0.000000
0.000000
0.000000
0.000000
0.000000
0.000000
0.000000
0.000000
0.000000
0.000000
0.000000
0.000000
0.000000
0.000000
0.000000
0.000000
0.000000
0.000000
0.000000
0.000000
0.000000
0.010050
0.020101
0.020101
0.020101
0.020101
0.020101
0.020101
0.020101
0.020101
0.020101
0.020101
0.020101
0.020101
0.020101
0.020101
0.015075
0.000000
0.000000
0.000000
0.000000
0.000000
0.000000
0.000000
0.000000
0.000000
0.000000
0.000000
0.000000
0.000000
0.000000
0.000000
0.000000
0.000000
0.000000
0.000000
0.000000
0.000000
0.000000
0.000000
0.000000
0.000000
0.000000
0.000000
0.000000
0.000000
0.000000
0.000000
0.000000
0.000000
0.000000
0.000000
