0.000000
0.000000
0.000000
0.000000
0.000000
0.000000
0.000000
0.003922
0.007843
0.007843
0.003922
0.000000
0.003922
0.003922
0.003922
0.007843
0.007843
0.007843
0.007843
0.003922
0.000000
0.000000
0.000000
0.000000
0.000000
0.000000
0.000000
0.000000
0.000000
0.000000
0.000000
0.000000
0.000000
0.000000
0.000000
0.000000
0.000000
0.000000
0.000000
0.000000
0.000000
0.000000
0.000000
0.000000
0.000000
0.000000
0.000000
0.000000
0.000000
0.000000
0.000000
0.000000
0.000000
0.000000
0.000000
0.000000
0.000000
0.000000
0.000000
0.000000
0.000000
0.000000
0.000000
0.058824
0.117647
0.117647
0.062745
0.027451
0.043137
0.094118
0.105882
0.125490
0.192157
0.188235
0.137255
0.058824
0.000000
0.000000
0.000000
0.000000
0.000000
0.000000
0.000000
0.000000
0.000000
0.000000
0.000000
0.000000
0.000000
0.007843
0.000000
0.345098
0.674510
0.713725
0.501961
0.211765
0.196078
0.411765
0.603922
0.670588
0.854902
0.807843
0.749020
0.439216
0.000000
0.003922
0.000000
0.000000
0.000000
0.000000
0.000000
0.000000
0.000000
0.000000
0.000000
0.000000
0.000000
0.011765
0.000000
0.462745
0.831373
0.866667
0.713725
0.333333
0.270588
0.521569
0.725490
0.690196
0.764706
0.760784
0.835294
0.682353
0.000000
0.011765
0.000000
0.000000
0.000000
0.000000
0.000000
0.000000
0.000000
0.000000
0.000000
0.000000
0.000000
0.019608
0.000000
0.564706
0.894118
0.800000
0.698039
0.423529
0.372549
0.592157
0.580392
0.478431
0.627451
0.764706
0.800000
0.690196
0.000000
0.011765
0.000000
0.000000
0.000000
0.000000
0.000000
0.000000
0.000000
0.000000
0.000000
0.000000
0.000000
0.019608
0.000000
0.666667
0.988235
0.780392
0.729412
0.572549
0.419608
0.407843
0.337255
0.400000
0.560784
0.741176
0.831373
0.611765
0.000000
0.007843
0.000000
0.000000
0.000000
0.000000
0.000000
0.000000
0.000000
0.000000
0.000000
0.000000
0.000000
0.019608
0.000000
0.631373
0.949020
0.819608
0.807843
0.670588
0.537255
0.392157
0.352941
0.549020
0.670588
0.760784
0.866667
0.666667
0.000000
0.011765
0.000000
0.000000
0.000000
0.000000
0.000000
0.000000
0.000000
0.000000
0.000000
0.000000
0.000000
0.015686
0.000000
0.521569
0.823529
0.870588
0.866667
0.607843
0.529412
0.533333
0.501961
0.631373
0.772549
0.788235
0.839216
0.662745
0.000000
0.007843
0.000000
0.000000
0.000000
0.000000
0.000000
0.000000
0.000000
0.000000
0.000000
0.000000
0.000000
0.015686
0.000000
0.549020
0.878431
0.878431
0.835294
0.564706
0.490196
0.603922
0.541176
0.584314
0.807843
0.800000
0.858824
0.650980
0.000000
0.007843
0.000000
0.000000
0.000000
0.000000
0.000000
0.000000
0.000000
0.000000
0.000000
0.000000
0.000000
0.019608
0.000000
0.666667
1.000000
0.886275
0.788235
0.635294
0.611765
0.658823
0.556863
0.568627
0.835294
0.839216
0.960784
0.784314
0.000000
0.011765
0.000000
0.000000
0.000000
0.000000
0.000000
0.000000
0.000000
0.000000
0.000000
0.000000
0.000000
0.019608
0.000000
0.643137
0.996078
0.866667
0.819608
0.670588
0.690196
0.682353
0.556863
0.537255
0.811765
0.890196
0.952941
0.768627
0.000000
0.011765
0.000000
0.000000
0.000000
0.000000
0.000000
0.000000
0.000000
0.000000
0.000000
0.000000
0.000000
0.019608
0.000000
0.635294
0.976471
0.858824
0.819608
0.666667
0.584314
0.501961
0.498039
0.592157
0.823529
0.850980
0.874510
0.619608
0.000000
0.007843
0.000000
0.000000
0.000000
0.000000
0.000000
0.000000
0.000000
0.000000
0.000000
0.000000
0.000000
0.015686
0.000000
0.560784
0.964706
0.921569
0.800000
0.525490
0.352941
0.349020
0.486274
0.607843
0.768627
0.854902
0.913725
0.607843
0.000000
0.007843
0.000000
0.000000
0.000000
0.000000
0.000000
0.000000
0.000000
0.000000
0.000000
0.000000
0.000000
0.019608
0.000000
0.596078
0.960784
0.866667
0.725490
0.435294
0.223529
0.207843
0.337255
0.498039
0.737255
0.882353
0.913725
0.717647
0.000000
0.011765
0.000000
0.000000
0.000000
0.000000
0.000000
0.000000
0.000000
0.000000
0.000000
0.000000
0.000000
0.019608
0.000000
0.631373
0.956863
0.815686
0.698039
0.439216
0.235294
0.149020
0.156863
0.305882
0.654902
0.850980
0.890196
0.670588
0.000000
0.007843
0.000000
0.000000
0.000000
0.000000
0.000000
0.000000
0.000000
0.000000
0.000000
0.000000
0.000000
0.015686
0.000000
0.572549
0.917647
0.792157
0.694118
0.450980
0.247059
0.164706
0.121569
0.254902
0.615686
0.807843
0.929412
0.615686
0.000000
0.007843
0.000000
0.000000
0.000000
0.000000
0.000000
0.000000
0.000000
0.000000
0.000000
0.000000
0.000000
0.015686
0.000000
0.568627
0.827451
0.658823
0.654902
0.501961
0.266667
0.117647
0.105882
0.372549
0.776471
0.847059
0.937255
0.776471
0.000000
0.011765
0.000000
0.000000
0.000000
0.000000
0.000000
0.000000
0.000000
0.000000
0.000000
0.000000
0.000000
0.015686
0.000000
0.592157
0.886275
0.772549
0.682353
0.392157
0.156863
0.086275
0.145098
0.407843
0.921569
0.882353
0.850980
0.639216
0.000000
0.007843
0.000000
0.000000
0.000000
0.000000
0.000000
0.000000
0.000000
0.000000
0.000000
0.000000
0.000000
0.019608
0.000000
0.615686
0.968627
0.870588
0.729412
0.384314
0.160784
0.098039
0.101961
0.298039
0.666667
0.792157
0.901961
0.686275
0.000000
0.011765
0.000000
0.000000
0.000000
0.000000
0.000000
0.000000
0.000000
0.000000
0.000000
0.000000
0.000000
0.019608
0.000000
0.654902
1.000000
0.905882
0.698039
0.321569
0.145098
0.121569
0.149020
0.305882
0.505882
0.705882
0.929412
0.752941
0.000000
0.011765
0.000000
0.000000
0.000000
0.000000
0.000000
0.000000
0.000000
0.000000
0.000000
0.000000
0.000000
0.019608
0.000000
0.658823
0.992157
0.898039
0.737255
0.392157
0.149020
0.109804
0.180392
0.329412
0.560784
0.705882
0.976471
0.772549
0.000000
0.011765
0.000000
0.000000
0.000000
0.000000
0.000000
0.000000
0.000000
0.000000
0.000000
0.000000
0.000000
0.019608
0.000000
0.623529
0.964706
0.850980
0.745098
0.447059
0.168627
0.082353
0.168627
0.345098
0.717647
0.768627
0.996078
0.792157
0.000000
0.011765
0.000000
0.000000
0.000000
0.000000
0.000000
0.000000
0.000000
0.000000
0.000000
0.000000
0.000000
0.019608
0.000000
0.627451
0.964706
0.854902
0.698039
0.352941
0.121569
0.082353
0.192157
0.411765
0.807843
0.796078
0.882353
0.752941
0.000000
0.011765
0.000000
0.000000
0.000000
0.000000
0.000000
0.000000
0.000000
0.000000
0.000000
0.000000
0.000000
0.015686
0.000000
0.556863
0.913725
0.862745
0.662745
0.235294
0.121569
0.101961
0.149020
0.403922
0.803922
0.890196
0.898039
0.690196
0.000000
0.011765
0.000000
0.000000
0.000000
0.000000
0.000000
0.000000
0.000000
0.000000
0.000000
0.000000
0.000000
0.003922
0.000000
0.105882
0.188235
0.188235
0.141176
0.043137
0.031373
0.023529
0.023529
0.082353
0.172549
0.211765
0.215686
0.149020
0.000000
0.000000
0.000000
0.000000
0.000000
0.000000
0.000000
0.000000
0.000000
0.000000
0.000000
0.000000
0.000000
0.000000
0.000000
0.000000
0.000000
0.000000
0.000000
0.000000
0.000000
0.000000
0.000000
0.000000
0.000000
0.000000
0.000000
0.000000
0.000000
0.000000
0.000000
0.000000
0.000000
0.000000
0.000000
0.000000
0.000000
0.000000
0.000000
0.000000
0.000000
0.000000
0.000000
0.003922
0.007843
0.007843
0.007843
0.003922
0.000000
0.000000
0.000000
0.003922
0.007843
0.007843
0.007843
0.007843
0.000000
0.000000
0.000000
0.000000
0.000000
0.000000
0.000000
0.000000
