0.000000
0.000000
0.000000
0.000000
0.000000
0.000000
0.000000
0.000000
0.000000
0.000000
0.000000
0.000000
0.000000
0.000000
0.000000
0.000000
0.000000
0.000000
0.000000
0.000000
0.000000
0.000000
0.000000
0.000000
0.000000
0.000000
0.000000
0.000000
0.000000
0.000000
0.000000
0.000000
0.000000
0.007843
0.015686
0.019608
0.023529
0.023529
0.023529
0.023529
0.023529
0.019608
0.019608
0.019608
0.019608
0.019608
0.019608
0.019608
0.023529
0.027451
0.015686
0.000000
0.000000
0.000000
0.000000
0.000000
0.000000
0.000000
0.000000
0.000000
0.000000
0.000000
0.000000
0.000000
0.000000
0.000000
0.000000
0.000000
0.000000
0.000000
0.000000
0.000000
0.000000
0.000000
0.000000
0.000000
0.000000
0.000000
0.000000
0.000000
0.000000
0.000000
0.000000
0.000000
0.000000
0.000000
0.000000
0.000000
0.000000
0.023529
0.047059
0.058824
0.066667
0.070588
0.070588
0.066667
0.066667
0.058824
0.054902
0.058824
0.062745
0.066667
0.062745
0.062745
0.074510
0.082353
0.043137
0.000000
0.000000
0.000000
0.000000
0.000000
0.000000
0.000000
0.007843
0.000000
0.000000
0.254902
0.525490
0.619608
0.709804
0.741176
0.733333
0.717647
0.701961
0.639216
0.603922
0.635294
0.666667
0.670588
0.650980
0.682353
0.764706
0.831373
0.443137
0.000000
0.000000
0.011765
0.000000
0.000000
0.000000
0.000000
0.011765
0.000000
0.000000
0.364706
0.784314
0.933333
1.000000
1.000000
1.000000
1.000000
0.984314
0.921569
0.878431
0.878431
0.898039
0.901961
0.913725
0.964706
1.000000
1.000000
0.635294
0.000000
0.000000
0.015686
0.000000
0.000000
0.000000
0.000000
0.011765
0.000000
0.000000
0.372549
0.815686
0.968627
0.996078
0.952941
0.956863
0.988235
0.964706
0.941176
0.905882
0.870588
0.862745
0.866667
0.905882
0.964706
0.968627
0.980392
0.635294
0.000000
0.000000
0.015686
0.000000
0.000000
0.000000
0.000000
0.011765
0.000000
0.000000
0.364706
0.796078
0.937255
0.960784
0.890196
0.878431
0.909804
0.886275
0.886275
0.858824
0.815686
0.807843
0.803922
0.843137
0.921569
0.960784
1.000000
0.603922
0.000000
0.000000
0.015686
0.000000
0.000000
0.000000
0.000000
0.007843
0.000000
0.000000
0.356863
0.776471
0.917647
0.909804
0.796078
0.752941
0.772549
0.749020
0.756863
0.733333
0.686275
0.686275
0.682353
0.741176
0.858824
0.921569
1.000000
0.568627
0.000000
0.000000
0.015686
0.000000
0.000000
0.000000
0.000000
0.011765
0.000000
0.000000
0.368627
0.807843
0.945098
0.917647
0.776471
0.705882
0.713725
0.690196
0.686275
0.654902
0.623529
0.647059
0.639216
0.705882
0.850980
0.933333
1.000000
0.564706
0.000000
0.000000
0.015686
0.000000
0.000000
0.000000
0.000000
0.011765
0.000000
0.000000
0.364706
0.807843
0.952941
0.929412
0.796078
0.729412
0.737255
0.713725
0.698039
0.670588
0.658823
0.698039
0.678431
0.737255
0.882353
0.960784
1.000000
0.556863
0.000000
0.000000
0.015686
0.000000
0.000000
0.000000
0.000000
0.007843
0.000000
0.000000
0.325490
0.729412
0.882353
0.878431
0.772549
0.733333
0.756863
0.733333
0.717647
0.698039
0.705882
0.749020
0.717647
0.752941
0.894118
0.960784
0.988235
0.521569
0.000000
0.000000
0.011765
0.000000
0.000000
0.000000
0.000000
0.007843
0.000000
0.000000
0.286274
0.639216
0.780392
0.788235
0.713725
0.705882
0.745098
0.717647
0.690196
0.674510
0.694118
0.749020
0.701961
0.725490
0.878431
0.952941
0.945098
0.482353
0.000000
0.000000
0.011765
0.000000
0.000000
0.000000
0.000000
0.007843
0.000000
0.000000
0.286274
0.619608
0.741176
0.760784
0.721569
0.729412
0.764706
0.721569
0.682353
0.662745
0.678431
0.741176
0.686275
0.721569
0.898039
0.976471
0.960784
0.494118
0.000000
0.000000
0.011765
0.000000
0.000000
0.000000
0.000000
0.007843
0.000000
0.000000
0.286274
0.615686
0.733333
0.768627
0.756863
0.780392
0.796078
0.721569
0.678431
0.654902
0.666667
0.725490
0.654902
0.701961
0.905882
0.992157
0.984314
0.501961
0.000000
0.000000
0.011765
0.000000
0.000000
0.000000
0.000000
0.007843
0.000000
0.000000
0.262745
0.576471
0.709804
0.768627
0.776471
0.800000
0.796078
0.713725
0.670588
0.647059
0.650980
0.690196
0.623529
0.682353
0.894118
0.984314
0.968627
0.494118
0.000000
0.000000
0.011765
0.000000
0.000000
0.000000
0.000000
0.007843
0.000000
0.000000
0.243137
0.545098
0.694118
0.776471
0.800000
0.788235
0.764706
0.717647
0.670588
0.643137
0.643137
0.650980
0.619608
0.713725
0.913725
0.972549
0.964706
0.494118
0.000000
0.000000
0.011765
0.000000
0.000000
0.000000
0.000000
0.007843
0.000000
0.000000
0.282353
0.611765
0.741176
0.823529
0.839216
0.811765
0.772549
0.721569
0.650980
0.615686
0.623529
0.643137
0.627451
0.717647
0.901961
0.972549
0.988235
0.529412
0.000000
0.000000
0.015686
0.000000
0.000000
0.000000
0.000000
0.007843
0.000000
0.000000
0.329412
0.678431
0.776471
0.843137
0.850980
0.831373
0.780392
0.713725
0.639216
0.600000
0.619608
0.666667
0.654902
0.709804
0.870588
0.960784
1.000000
0.564706
0.000000
0.000000
0.015686
0.000000
0.000000
0.000000
0.000000
0.007843
0.000000
0.000000
0.321569
0.647059
0.725490
0.792157
0.831373
0.843137
0.811765
0.749020
0.698039
0.662745
0.674510
0.733333
0.721569
0.745098
0.870588
0.952941
1.000000
0.584314
0.000000
0.000000
0.015686
0.000000
0.000000
0.000000
0.000000
0.007843
0.000000
0.000000
0.270588
0.541176
0.611765
0.713725
0.815686
0.894118
0.905882
0.862745
0.835294
0.800000
0.780392
0.839216
0.823529
0.831373
0.917647
0.968627
0.996078
0.600000
0.000000
0.000000
0.015686
0.000000
0.000000
0.000000
0.000000
0.003922
0.000000
0.000000
0.203922
0.415686
0.505882
0.639216
0.807843
0.937255
0.984314
0.972549
0.952941
0.894118
0.854902
0.905882
0.898039
0.905882
0.964706
0.976471
0.992157
0.603922
0.000000
0.000000
0.015686
0.000000
0.000000
0.000000
0.000000
0.003922
0.000000
0.000000
0.156863
0.325490
0.427451
0.580392
0.780392
0.941176
1.000000
1.000000
0.980392
0.905882
0.850980
0.901961
0.901961
0.925490
0.992157
0.996078
1.000000
0.596078
0.000000
0.000000
0.015686
0.000000
0.000000
0.000000
0.000000
0.003922
0.000000
0.000000
0.098039
0.207843
0.274510
0.388235
0.533333
0.658823
0.717647
0.698039
0.678431
0.627451
0.584314
0.619608
0.623529
0.647059
0.713725
0.725490
0.768627
0.415686
0.000000
0.000000
0.011765
0.000000
0.000000
0.000000
0.000000
0.000000
0.000000
0.000000
0.007843
0.019608
0.023529
0.035294
0.050980
0.062745
0.066667
0.066667
0.062745
0.058824
0.054902
0.058824
0.058824
0.062745
0.066667
0.070588
0.074510
0.039216
0.000000
0.000000
0.000000
0.000000
0.000000
0.000000
0.000000
0.000000
0.000000
0.000000
0.000000
0.000000
0.000000
0.000000
0.000000
0.000000
0.000000
0.000000
0.000000
0.000000
0.000000
0.000000
0.000000
0.000000
0.000000
0.000000
0.000000
0.000000
0.000000
0.000000
0.000000
0.000000
0.000000
0.000000
0.000000
0.000000
0.000000
0.000000
0.003922
0.007843
0.007843
0.011765
0.015686
0.019608
0.023529
0.023529
0.019608
0.019608
0.019608
0.019608
0.019608
0.019608
0.023529
0.023529
0.023529
0.011765
0.000000
0.000000
0.000000
0.000000
0.000000
0.000000
0.000000
0.000000
0.000000
0.000000
0.000000
0.000000
0.000000
0.000000
0.000000
0.000000
0.000000
0.000000
0.000000
0.000000
0.000000
0.000000
0.000000
0.000000
0.000000
0.000000
0.000000
0.000000
0.000000
0.000000
0.000000
0.000000
0.000000
