0.000000
0.000000
0.000000
0.000000
0.000000
0.000000
0.000000
0.000000
0.000000
0.000000
0.000000
0.000000
0.000000
0.000000
0.000000
0.000000
0.000000
0.000000
0.000000
0.000000
0.000000
0.000000
0.000000
0.000000
0.000000
0.000000
0.000000
0.000000
0.000000
0.000000
0.000000
0.000000
0.000000
0.000000
0.011765
0.019608
0.015686
0.015686
0.015686
0.015686
0.015686
0.015686
0.015686
0.015686
0.015686
0.015686
0.015686
0.015686
0.015686
0.011765
0.000000
0.000000
0.000000
0.000000
0.000000
0.000000
0.000000
0.000000
0.000000
0.000000
0.000000
0.000000
0.000000
0.000000
0.000000
0.000000
0.000000
0.000000
0.000000
0.000000
0.000000
0.000000
0.000000
0.000000
0.000000
0.000000
0.000000
0.000000
0.000000
0.000000
0.000000
0.000000
0.000000
0.000000
0.000000
0.000000
0.000000
0.003922
0.000000
0.000000
0.145098
0.200000
0.184314
0.176471
0.172549
0.156863
0.156863
0.152941
0.156863
0.160784
0.160784
0.164706
0.160784
0.152941
0.164706
0.133333
0.000000
0.000000
0.003922
0.000000
0.000000
0.000000
0.000000
0.000000
0.000000
0.007843
0.000000
0.003922
0.533333
0.745098
0.709804
0.690196
0.678431
0.662745
0.658823
0.654902
0.658823
0.666667
0.670588
0.666667
0.658823
0.650980
0.678431
0.501961
0.003922
0.000000
0.007843
0.000000
0.000000
0.000000
0.000000
0.000000
0.000000
0.011765
0.000000
0.007843
0.670588
0.945098
0.933333
0.925490
0.925490
0.949020
0.956863
0.960784
0.960784
0.956863
0.949020
0.941176
0.933333
0.941176
0.952941
0.658823
0.007843
0.000000
0.011765
0.000000
0.000000
0.000000
0.000000
0.000000
0.000000
0.011765
0.000000
0.007843
0.729412
1.000000
1.000000
1.000000
1.000000
1.000000
1.000000
1.000000
1.000000
1.000000
1.000000
0.996078
0.992157
0.992157
1.000000
0.741176
0.007843
0.000000
0.011765
0.000000
0.000000
0.000000
0.000000
0.000000
0.000000
0.011765
0.000000
0.007843
0.701961
0.992157
0.980392
0.972549
0.972549
0.980392
0.972549
0.960784
0.956863
0.968627
0.984314
0.996078
0.992157
0.980392
1.000000
0.729412
0.007843
0.000000
0.011765
0.000000
0.000000
0.000000
0.000000
0.000000
0.000000
0.011765
0.000000
0.007843
0.686275
0.988235
0.968627
0.972549
0.968627
0.929412
0.901961
0.882353
0.882353
0.917647
0.964706
0.996078
0.992157
0.976471
0.984314
0.690196
0.007843
0.000000
0.011765
0.000000
0.000000
0.000000
0.000000
0.000000
0.000000
0.011765
0.000000
0.007843
0.694118
0.996078
0.988235
0.996078
0.976471
0.878431
0.831373
0.803922
0.807843
0.858824
0.929412
0.988235
0.996078
0.968627
0.964706
0.686275
0.007843
0.000000
0.011765
0.000000
0.000000
0.000000
0.000000
0.000000
0.000000
0.011765
0.000000
0.007843
0.690196
1.000000
1.000000
0.984314
0.929412
0.850980
0.788235
0.752941
0.756863
0.807843
0.882353
0.972549
1.000000
0.964706
0.960784
0.705882
0.007843
0.000000
0.011765
0.000000
0.000000
0.000000
0.000000
0.000000
0.000000
0.011765
0.000000
0.007843
0.682353
0.992157
0.984314
0.956863
0.890196
0.819608
0.752941
0.721569
0.733333
0.788235
0.870588
0.964706
1.000000
0.972549
0.976471
0.705882
0.007843
0.000000
0.011765
0.000000
0.000000
0.000000
0.000000
0.000000
0.000000
0.011765
0.000000
0.007843
0.674510
0.988235
0.980392
0.921569
0.843137
0.788235
0.729412
0.698039
0.713725
0.772549
0.858824
0.960784
1.000000
0.980392
0.984314
0.709804
0.007843
0.000000
0.011765
0.000000
0.000000
0.000000
0.000000
0.000000
0.000000
0.011765
0.000000
0.007843
0.666667
0.988235
0.984314
0.913725
0.819608
0.784314
0.729412
0.694118
0.705882
0.760784
0.850980
0.949020
0.996078
0.980392
0.992157
0.721569
0.007843
0.000000
0.011765
0.000000
0.000000
0.000000
0.000000
0.000000
0.000000
0.011765
0.000000
0.007843
0.658823
0.988235
0.992157
0.921569
0.823529
0.792157
0.737255
0.701961
0.713725
0.760784
0.843137
0.941176
0.996078
0.976471
1.000000
0.741176
0.007843
0.000000
0.011765
0.000000
0.000000
0.000000
0.000000
0.000000
0.000000
0.011765
0.000000
0.007843
0.658823
0.984314
0.988235
0.925490
0.839216
0.792157
0.737255
0.705882
0.721569
0.768627
0.843137
0.941176
0.996078
0.976471
1.000000
0.764706
0.007843
0.000000
0.011765
0.000000
0.000000
0.000000
0.000000
0.000000
0.000000
0.011765
0.000000
0.007843
0.666667
0.980392
0.976471
0.937255
0.874510
0.800000
0.745098
0.721569
0.737255
0.784314
0.850980
0.945098
0.996078
0.972549
1.000000
0.784314
0.011765
0.000000
0.015686
0.000000
0.000000
0.000000
0.000000
0.000000
0.000000
0.011765
0.000000
0.007843
0.682353
0.988235
0.980392
0.968627
0.921569
0.843137
0.792157
0.768627
0.780392
0.819608
0.878431
0.964706
1.000000
0.968627
1.000000
0.807843
0.011765
0.000000
0.015686
0.000000
0.000000
0.000000
0.000000
0.000000
0.000000
0.011765
0.000000
0.007843
0.701961
0.996078
0.988235
0.996078
0.976471
0.878431
0.827451
0.803922
0.815686
0.847059
0.894118
0.976471
1.000000
0.964706
1.000000
0.831373
0.011765
0.000000
0.015686
0.000000
0.000000
0.000000
0.000000
0.000000
0.000000
0.011765
0.000000
0.007843
0.713725
1.000000
0.984314
0.992157
0.996078
0.952941
0.913725
0.882353
0.882353
0.909804
0.949020
0.988235
0.996078
0.968627
1.000000
0.792157
0.007843
0.000000
0.011765
0.000000
0.000000
0.000000
0.000000
0.000000
0.000000
0.011765
0.000000
0.007843
0.729412
1.000000
0.996078
0.988235
1.000000
1.000000
0.992157
0.964706
0.956863
0.980392
1.000000
1.000000
1.000000
0.984314
1.000000
0.729412
0.007843
0.000000
0.011765
0.000000
0.000000
0.000000
0.000000
0.000000
0.000000
0.011765
0.000000
0.007843
0.717647
0.996078
0.980392
0.972549
0.980392
0.980392
0.972549
0.964706
0.968627
0.976471
0.984314
0.984314
0.964706
0.949020
0.956863
0.678431
0.007843
0.000000
0.011765
0.000000
0.000000
0.000000
0.000000
0.000000
0.000000
0.011765
0.000000
0.007843
0.635294
0.901961
0.870588
0.850980
0.847059
0.850980
0.854902
0.858824
0.858824
0.854902
0.843137
0.823529
0.796078
0.780392
0.780392
0.549020
0.007843
0.000000
0.011765
0.000000
0.000000
0.000000
0.000000
0.000000
0.000000
0.007843
0.000000
0.003922
0.517647
0.729412
0.709804
0.690196
0.682353
0.682353
0.674510
0.674510
0.670588
0.658823
0.635294
0.607843
0.568627
0.545098
0.545098
0.384314
0.003922
0.000000
0.007843
0.000000
0.000000
0.000000
0.000000
0.000000
0.000000
0.003922
0.000000
0.000000
0.141176
0.200000
0.196078
0.192157
0.188235
0.188235
0.184314
0.180392
0.180392
0.176471
0.168627
0.156863
0.145098
0.137255
0.137255
0.098039
0.000000
0.000000
0.003922
0.000000
0.000000
0.000000
0.000000
0.000000
0.000000
0.000000
0.000000
0.000000
0.000000
0.000000
0.000000
0.000000
0.000000
0.000000
0.000000
0.000000
0.000000
0.000000
0.000000
0.000000
0.000000
0.000000
0.000000
0.000000
0.000000
0.000000
0.000000
0.000000
0.000000
0.000000
0.000000
0.000000
0.000000
0.000000
0.000000
0.000000
0.011765
0.019608
0.019608
0.015686
0.015686
0.015686
0.015686
0.015686
0.015686
0.015686
0.015686
0.015686
0.015686
0.011765
0.011765
0.007843
0.000000
0.000000
0.000000
0.000000
0.000000
0.000000
0.000000
0.000000
0.000000
0.000000
0.000000
0.000000
0.000000
0.000000
0.000000
0.000000
0.000000
0.000000
0.000000
0.000000
0.000000
0.000000
0.000000
0.000000
0.000000
0.000000
0.000000
0.000000
0.000000
0.000000
0.000000
0.000000
0.000000
0.000000
