0.000000
0.000000
0.000000
0.000000
0.000000
0.000000
0.000000
0.000000
0.004219
0.004219
0.004219
0.004219
0.004219
0.008439
0.012658
0.012658
0.012658
0.012658
0.008439
0.008439
0.004219
0.000000
0.000000
0.000000
0.000000
0.000000
0.000000
0.000000
0.000000
0.000000
0.000000
0.000000
0.000000
0.000000
0.000000
0.000000
0.000000
0.000000
0.000000
0.000000
0.000000
0.000000
0.000000
0.000000
0.000000
0.000000
0.000000
0.000000
0.000000
0.000000
0.000000
0.000000
0.000000
0.000000
0.000000
0.000000
0.000000
0.000000
0.000000
0.000000
0.000000
0.000000
0.000000
0.012658
0.046413
0.046413
0.046413
0.050633
0.050633
0.122363
0.215190
0.265823
0.278481
0.219409
0.135021
0.126582
0.042194
0.000000
0.000000
0.000000
0.000000
0.000000
0.000000
0.000000
0.000000
0.000000
0.000000
0.000000
0.000000
0.004219
0.000000
0.054852
0.223629
0.248945
0.236287
0.160338
0.143460
0.316456
0.510548
0.616034
0.721519
0.759494
0.641350
0.459916
0.118143
0.000000
0.008439
0.000000
0.000000
0.000000
0.000000
0.000000
0.000000
0.000000
0.000000
0.000000
0.000000
0.008439
0.000000
0.172996
0.649789
0.746835
0.717300
0.447257
0.194093
0.308017
0.502110
0.662447
0.805907
0.890295
0.831224
0.637131
0.147679
0.000000
0.008439
0.000000
0.000000
0.000000
0.000000
0.000000
0.000000
0.000000
0.000000
0.000000
0.000000
0.012658
0.000000
0.227848
0.848101
0.974684
0.953587
0.603376
0.312236
0.426160
0.645570
0.810127
0.873418
0.818565
0.772152
0.869198
0.240506
0.000000
0.012658
0.000000
0.000000
0.000000
0.000000
0.000000
0.000000
0.000000
0.000000
0.000000
0.000000
0.012658
0.000000
0.236287
0.852321
0.949367
0.949367
0.666667
0.506329
0.578059
0.654008
0.662447
0.738397
0.877637
0.890295
0.780591
0.206751
0.000000
0.012658
0.000000
0.000000
0.000000
0.000000
0.000000
0.000000
0.000000
0.000000
0.000000
0.000000
0.012658
0.000000
0.223629
0.835443
0.902954
0.898734
0.742616
0.624473
0.548523
0.472574
0.489451
0.691983
0.860759
0.898734
0.810127
0.177215
0.000000
0.008439
0.000000
0.000000
0.000000
0.000000
0.000000
0.000000
0.000000
0.000000
0.000000
0.000000
0.012658
0.000000
0.232067
0.881857
0.902954
0.801688
0.708861
0.696203
0.637131
0.552743
0.599156
0.818565
0.915612
0.881857
0.890295
0.219409
0.000000
0.012658
0.000000
0.000000
0.000000
0.000000
0.000000
0.000000
0.000000
0.000000
0.000000
0.000000
0.012658
0.000000
0.236287
0.877637
0.797468
0.755274
0.679325
0.616034
0.590717
0.552743
0.527426
0.797468
0.928270
0.919831
0.936709
0.257384
0.000000
0.012658
0.000000
0.000000
0.000000
0.000000
0.000000
0.000000
0.000000
0.000000
0.000000
0.000000
0.012658
0.000000
0.253165
0.915612
0.835443
0.898734
0.843882
0.670886
0.649789
0.624473
0.611814
0.848101
0.902954
0.852321
0.856540
0.232067
0.000000
0.012658
0.000000
0.000000
0.000000
0.000000
0.000000
0.000000
0.000000
0.000000
0.000000
0.000000
0.012658
0.000000
0.240506
0.924051
0.940928
1.000000
0.886076
0.759494
0.767932
0.628692
0.628692
0.869198
0.860759
0.670886
0.670886
0.172996
0.000000
0.008439
0.000000
0.000000
0.000000
0.000000
0.000000
0.000000
0.000000
0.000000
0.000000
0.000000
0.012658
0.000000
0.210970
0.886076
0.978903
1.000000
0.818565
0.717300
0.683544
0.489451
0.535865
0.810127
0.856540
0.679325
0.632911
0.160338
0.000000
0.008439
0.000000
0.000000
0.000000
0.000000
0.000000
0.000000
0.000000
0.000000
0.000000
0.000000
0.012658
0.000000
0.202532
0.805907
0.869198
0.945148
0.814346
0.573840
0.413502
0.400844
0.594937
0.700422
0.721519
0.759494
0.725738
0.177215
0.000000
0.008439
0.000000
0.000000
0.000000
0.000000
0.000000
0.000000
0.000000
0.000000
0.000000
0.000000
0.008439
0.000000
0.194093
0.742616
0.746835
0.839662
0.742616
0.434599
0.198312
0.312236
0.599156
0.670886
0.594937
0.776371
0.780591
0.189873
0.000000
0.012658
0.000000
0.000000
0.000000
0.000000
0.000000
0.000000
0.000000
0.000000
0.000000
0.000000
0.012658
0.000000
0.215190
0.831224
0.827004
0.810127
0.599156
0.295359
0.122363
0.156118
0.464135
0.839662
0.784810
0.911392
0.864979
0.206751
0.000000
0.012658
0.000000
0.000000
0.000000
0.000000
0.000000
0.000000
0.000000
0.000000
0.000000
0.000000
0.012658
0.000000
0.215190
0.898734
0.974684
0.911392
0.599156
0.299578
0.206751
0.126582
0.345992
0.814346
0.919831
0.932489
0.898734
0.210970
0.000000
0.012658
0.000000
0.000000
0.000000
0.000000
0.000000
0.000000
0.000000
0.000000
0.000000
0.000000
0.012658
0.000000
0.219409
0.886076
0.907173
0.864979
0.616034
0.320675
0.227848
0.122363
0.286920
0.734177
0.915612
0.919831
0.827004
0.198312
0.000000
0.012658
0.000000
0.000000
0.000000
0.000000
0.000000
0.000000
0.000000
0.000000
0.000000
0.000000
0.012658
0.000000
0.210970
0.835443
0.810127
0.793249
0.561181
0.227848
0.156118
0.084388
0.274262
0.734177
0.949367
0.966245
0.852321
0.206751
0.000000
0.012658
0.000000
0.000000
0.000000
0.000000
0.000000
0.000000
0.000000
0.000000
0.000000
0.000000
0.012658
0.000000
0.194093
0.759494
0.810127
0.822785
0.502110
0.181435
0.118143
0.092827
0.329114
0.767932
0.890295
0.911392
0.886076
0.206751
0.000000
0.012658
0.000000
0.000000
0.000000
0.000000
0.000000
0.000000
0.000000
0.000000
0.000000
0.000000
0.008439
0.000000
0.189873
0.734177
0.843882
0.902954
0.527426
0.202532
0.122363
0.130802
0.413502
0.810127
0.831224
0.805907
0.831224
0.198312
0.000000
0.012658
0.000000
0.000000
0.000000
0.000000
0.000000
0.000000
0.000000
0.000000
0.000000
0.000000
0.012658
0.000000
0.215190
0.746835
0.767932
0.886076
0.573840
0.206751
0.113924
0.139241
0.455696
0.873418
0.902954
0.843882
0.831224
0.206751
0.000000
0.012658
0.000000
0.000000
0.000000
0.000000
0.000000
0.000000
0.000000
0.000000
0.000000
0.000000
0.012658
0.000000
0.236287
0.755274
0.658228
0.789030
0.578059
0.240506
0.130802
0.143460
0.459916
0.890295
0.949367
0.911392
0.869198
0.210970
0.000000
0.012658
0.000000
0.000000
0.000000
0.000000
0.000000
0.000000
0.000000
0.000000
0.000000
0.000000
0.012658
0.000000
0.240506
0.797468
0.793249
0.793249
0.510548
0.198312
0.101266
0.143460
0.493671
0.877637
0.953587
0.915612
0.822785
0.172996
0.000000
0.008439
0.000000
0.000000
0.000000
0.000000
0.000000
0.000000
0.000000
0.000000
0.000000
0.000000
0.012658
0.000000
0.194093
0.767932
0.864979
0.742616
0.405063
0.172996
0.101266
0.113924
0.371308
0.738397
0.928270
0.919831
0.704641
0.151899
0.000000
0.008439
0.000000
0.000000
0.000000
0.000000
0.000000
0.000000
0.000000
0.000000
0.000000
0.000000
0.004219
0.000000
0.050633
0.227848
0.270042
0.210970
0.097046
0.050633
0.029536
0.029536
0.097046
0.210970
0.295359
0.295359
0.189873
0.037975
0.000000
0.000000
0.000000
0.000000
0.000000
0.000000
0.000000
0.000000
0.000000
0.000000
0.000000
0.000000
0.000000
0.000000
0.000000
0.000000
0.000000
0.000000
0.000000
0.000000
0.000000
0.000000
0.000000
0.000000
0.000000
0.000000
0.000000
0.000000
0.000000
0.000000
0.000000
0.000000
0.000000
0.000000
0.000000
0.000000
0.000000
0.000000
0.000000
0.000000
0.000000
0.000000
0.004219
0.012658
0.016878
0.012658
0.004219
0.004219
0.000000
0.000000
0.004219
0.012658
0.016878
0.016878
0.012658
0.004219
0.000000
0.000000
0.000000
0.000000
0.000000
0.000000
0.000000
