0.000000
0.000000
0.000000
0.000000
0.000000
0.000000
0.000000
0.004032
0.004032
0.004032
0.004032
0.004032
0.004032
0.008065
0.008065
0.012097
0.012097
0.012097
0.012097
0.004032
0.000000
0.000000
0.000000
0.000000
0.000000
0.000000
0.000000
0.000000
0.000000
0.000000
0.000000
0.000000
0.000000
0.000000
0.000000
0.000000
0.000000
0.000000
0.000000
0.000000
0.000000
0.000000
0.000000
0.000000
0.000000
0.000000
0.000000
0.000000
0.000000
0.000000
0.000000
0.000000
0.000000
0.000000
0.000000
0.000000
0.000000
0.000000
0.000000
0.000000
0.000000
0.000000
0.000000
0.056452
0.080645
0.068548
0.048387
0.032258
0.080645
0.116935
0.169355
0.205645
0.250000
0.250000
0.189516
0.104839
0.008065
0.000000
0.000000
0.000000
0.000000
0.000000
0.000000
0.000000
0.000000
0.000000
0.000000
0.000000
0.000000
0.000000
0.000000
0.322581
0.516129
0.536290
0.395161
0.177419
0.229839
0.403226
0.588710
0.737903
0.879032
0.870968
0.697581
0.427419
0.028226
0.000000
0.000000
0.000000
0.000000
0.000000
0.000000
0.000000
0.000000
0.000000
0.000000
0.000000
0.000000
0.000000
0.000000
0.532258
0.826613
0.919355
0.778226
0.362903
0.229839
0.459677
0.641129
0.766129
0.826613
0.810484
0.758064
0.596774
0.048387
0.000000
0.004032
0.000000
0.000000
0.000000
0.000000
0.000000
0.000000
0.000000
0.000000
0.000000
0.000000
0.000000
0.000000
0.600806
0.830645
0.810484
0.790323
0.467742
0.330645
0.524194
0.600806
0.620968
0.661290
0.741935
0.818548
0.693548
0.056452
0.000000
0.004032
0.000000
0.000000
0.000000
0.000000
0.000000
0.000000
0.000000
0.000000
0.000000
0.000000
0.000000
0.004032
0.737903
0.915323
0.705645
0.717742
0.544355
0.487903
0.516129
0.419355
0.350806
0.487903
0.754032
0.891129
0.653226
0.044355
0.000000
0.004032
0.000000
0.000000
0.000000
0.000000
0.000000
0.000000
0.000000
0.000000
0.000000
0.000000
0.000000
0.004032
0.729839
0.915323
0.717742
0.770161
0.693548
0.552419
0.520161
0.427419
0.379032
0.504032
0.842742
0.915323
0.629032
0.040323
0.000000
0.000000
0.000000
0.000000
0.000000
0.000000
0.000000
0.000000
0.000000
0.000000
0.000000
0.000000
0.000000
0.004032
0.701613
0.846774
0.701613
0.778226
0.717742
0.612903
0.556452
0.471774
0.608871
0.770161
0.866935
0.858871
0.741935
0.064516
0.000000
0.004032
0.000000
0.000000
0.000000
0.000000
0.000000
0.000000
0.000000
0.000000
0.000000
0.000000
0.000000
0.004032
0.649194
0.790323
0.733871
0.794355
0.713710
0.629032
0.665323
0.451613
0.552419
0.750000
0.870968
0.891129
0.697581
0.052419
0.000000
0.004032
0.000000
0.000000
0.000000
0.000000
0.000000
0.000000
0.000000
0.000000
0.000000
0.000000
0.000000
0.004032
0.552419
0.741935
0.782258
0.826613
0.733871
0.689516
0.653226
0.439516
0.548387
0.717742
0.866935
0.919355
0.657258
0.044355
0.000000
0.004032
0.000000
0.000000
0.000000
0.000000
0.000000
0.000000
0.000000
0.000000
0.000000
0.000000
0.000000
0.008065
0.552419
0.733871
0.802419
0.806452
0.705645
0.677419
0.556452
0.403226
0.580645
0.758064
0.818548
0.834677
0.693548
0.056452
0.000000
0.004032
0.000000
0.000000
0.000000
0.000000
0.000000
0.000000
0.000000
0.000000
0.000000
0.000000
0.000000
0.008065
0.633065
0.774194
0.822581
0.766129
0.596774
0.487903
0.467742
0.399194
0.548387
0.725806
0.826613
0.810484
0.665323
0.052419
0.000000
0.004032
0.000000
0.000000
0.000000
0.000000
0.000000
0.000000
0.000000
0.000000
0.000000
0.000000
0.000000
0.008065
0.620968
0.766129
0.842742
0.770161
0.544355
0.330645
0.338710
0.516129
0.725806
0.830645
0.963710
0.915323
0.641129
0.044355
0.000000
0.004032
0.000000
0.000000
0.000000
0.000000
0.000000
0.000000
0.000000
0.000000
0.000000
0.000000
0.000000
0.008065
0.576613
0.681452
0.806452
0.782258
0.512097
0.233871
0.197581
0.334677
0.657258
0.899194
0.935484
0.875000
0.649194
0.048387
0.000000
0.004032
0.000000
0.000000
0.000000
0.000000
0.000000
0.000000
0.000000
0.000000
0.000000
0.000000
0.000000
0.008065
0.657258
0.842742
0.907258
0.778226
0.463710
0.217742
0.185484
0.290323
0.524194
0.701613
0.782258
0.802419
0.588710
0.040323
0.000000
0.000000
0.000000
0.000000
0.000000
0.000000
0.000000
0.000000
0.000000
0.000000
0.000000
0.000000
0.000000
0.004032
0.685484
0.935484
0.935484
0.758064
0.439516
0.245968
0.185484
0.266129
0.491935
0.665323
0.778226
0.814516
0.592742
0.040323
0.000000
0.000000
0.000000
0.000000
0.000000
0.000000
0.000000
0.000000
0.000000
0.000000
0.000000
0.000000
0.000000
0.004032
0.701613
0.939516
0.895161
0.733871
0.411290
0.197581
0.165323
0.229839
0.524194
0.806452
0.895161
0.858871
0.641129
0.048387
0.000000
0.004032
0.000000
0.000000
0.000000
0.000000
0.000000
0.000000
0.000000
0.000000
0.000000
0.000000
0.000000
0.004032
0.693548
0.939516
0.903226
0.778226
0.411290
0.116935
0.125000
0.153226
0.483871
0.854839
0.915323
0.818548
0.612903
0.044355
0.000000
0.000000
0.000000
0.000000
0.000000
0.000000
0.000000
0.000000
0.000000
0.000000
0.000000
0.000000
0.000000
0.004032
0.677419
0.951613
0.919355
0.826613
0.431452
0.112903
0.096774
0.116935
0.443548
0.818548
0.899194
0.802419
0.568548
0.040323
0.000000
0.000000
0.000000
0.000000
0.000000
0.000000
0.000000
0.000000
0.000000
0.000000
0.000000
0.000000
0.000000
0.004032
0.717742
0.995968
0.915323
0.794355
0.395161
0.096774
0.080645
0.141129
0.467742
0.818548
0.935484
0.862903
0.584677
0.036290
0.000000
0.000000
0.000000
0.000000
0.000000
0.000000
0.000000
0.000000
0.000000
0.000000
0.000000
0.000000
0.000000
0.004032
0.766129
1.000000
0.971774
0.750000
0.330645
0.100806
0.116935
0.169355
0.487903
0.774194
0.907258
0.895161
0.620968
0.044355
0.000000
0.000000
0.000000
0.000000
0.000000
0.000000
0.000000
0.000000
0.000000
0.000000
0.000000
0.000000
0.000000
0.008065
0.754032
0.887097
0.822581
0.685484
0.358871
0.100806
0.096774
0.209677
0.572581
0.838710
0.919355
0.887097
0.637097
0.048387
0.000000
0.000000
0.000000
0.000000
0.000000
0.000000
0.000000
0.000000
0.000000
0.000000
0.000000
0.000000
0.000000
0.008065
0.725806
0.907258
0.810484
0.625000
0.310484
0.064516
0.052419
0.209677
0.568548
0.778226
0.806452
0.770161
0.604839
0.048387
0.000000
0.004032
0.000000
0.000000
0.000000
0.000000
0.000000
0.000000
0.000000
0.000000
0.000000
0.000000
0.000000
0.000000
0.633065
0.931452
0.858871
0.552419
0.233871
0.096774
0.076613
0.149194
0.455645
0.770161
0.895161
0.774194
0.471774
0.032258
0.000000
0.000000
0.000000
0.000000
0.000000
0.000000
0.000000
0.000000
0.000000
0.000000
0.000000
0.000000
0.000000
0.000000
0.149194
0.237903
0.225806
0.133065
0.048387
0.032258
0.040323
0.040323
0.120968
0.237903
0.298387
0.241935
0.120968
0.004032
0.000000
0.000000
0.000000
0.000000
0.000000
0.000000
0.000000
0.000000
0.000000
0.000000
0.000000
0.000000
0.000000
0.000000
0.000000
0.000000
0.000000
0.000000
0.000000
0.000000
0.000000
0.000000
0.000000
0.000000
0.000000
0.000000
0.000000
0.000000
0.000000
0.000000
0.000000
0.000000
0.000000
0.000000
0.000000
0.000000
0.000000
0.000000
0.000000
0.000000
0.000000
0.000000
0.008065
0.012097
0.012097
0.008065
0.004032
0.000000
0.000000
0.004032
0.008065
0.012097
0.016129
0.012097
0.008065
0.000000
0.000000
0.000000
0.000000
0.000000
0.000000
0.000000
0.000000
