0.000000
0.000000
0.000000
0.000000
0.000000
0.000000
0.000000
0.000000
0.000000
0.000000
0.000000
0.000000
0.000000
0.000000
0.000000
0.000000
0.000000
0.000000
0.000000
0.000000
0.000000
0.000000
0.000000
0.000000
0.000000
0.000000
0.000000
0.000000
0.000000
0.000000
0.000000
0.000000
0.003922
0.015686
0.019608
0.019608
0.019608
0.023529
0.023529
0.019608
0.019608
0.019608
0.019608
0.023529
0.023529
0.023529
0.019608
0.019608
0.015686
0.011765
0.000000
0.000000
0.000000
0.000000
0.000000
0.000000
0.000000
0.000000
0.000000
0.000000
0.000000
0.000000
0.000000
0.000000
0.000000
0.000000
0.000000
0.000000
0.000000
0.000000
0.000000
0.000000
0.000000
0.000000
0.000000
0.000000
0.000000
0.000000
0.000000
0.000000
0.000000
0.000000
0.000000
0.000000
0.000000
0.000000
0.003922
0.000000
0.023529
0.160784
0.203922
0.219608
0.235294
0.250980
0.250980
0.231373
0.231373
0.231373
0.235294
0.247059
0.243137
0.243137
0.239216
0.215686
0.180392
0.109804
0.000000
0.000000
0.003922
0.000000
0.000000
0.000000
0.000000
0.000000
0.019608
0.000000
0.094118
0.650980
0.788235
0.811765
0.854902
0.894118
0.890196
0.843137
0.847059
0.847059
0.854902
0.874510
0.862745
0.862745
0.843137
0.768627
0.666667
0.419608
0.003922
0.000000
0.007843
0.000000
0.000000
0.000000
0.000000
0.000000
0.023529
0.000000
0.129412
0.874510
0.988235
0.964706
0.976471
0.996078
0.988235
0.972549
0.988235
1.000000
0.996078
0.984314
0.964706
0.976471
0.952941
0.890196
0.823529
0.549020
0.007843
0.000000
0.011765
0.000000
0.000000
0.000000
0.000000
0.000000
0.023529
0.000000
0.125490
0.815686
0.901961
0.847059
0.839216
0.862745
0.870588
0.858824
0.882353
0.890196
0.894118
0.886275
0.854902
0.890196
0.886275
0.866667
0.870588
0.627451
0.007843
0.000000
0.011765
0.000000
0.000000
0.000000
0.000000
0.000000
0.023529
0.000000
0.121569
0.796078
0.870588
0.807843
0.800000
0.839216
0.862745
0.850980
0.866667
0.858824
0.847059
0.811765
0.772549
0.823529
0.819608
0.811765
0.866667
0.650980
0.007843
0.000000
0.011765
0.000000
0.000000
0.000000
0.000000
0.000000
0.023529
0.000000
0.121569
0.815686
0.894118
0.839216
0.843137
0.890196
0.925490
0.913725
0.917647
0.898039
0.886275
0.862745
0.819608
0.870588
0.839216
0.807843
0.866667
0.662745
0.007843
0.000000
0.011765
0.000000
0.000000
0.000000
0.000000
0.000000
0.023529
0.000000
0.117647
0.788235
0.870588
0.823529
0.831373
0.886275
0.917647
0.905882
0.909804
0.898039
0.886275
0.866667
0.835294
0.905882
0.850980
0.788235
0.850980
0.658823
0.007843
0.000000
0.011765
0.000000
0.000000
0.000000
0.000000
0.000000
0.019608
0.000000
0.113725
0.756863
0.847059
0.807843
0.811765
0.854902
0.882353
0.874510
0.886275
0.886275
0.850980
0.800000
0.792157
0.874510
0.831373
0.764706
0.831373
0.647059
0.007843
0.000000
0.011765
0.000000
0.000000
0.000000
0.000000
0.000000
0.019608
0.000000
0.113725
0.764706
0.878431
0.854902
0.850980
0.866667
0.894118
0.898039
0.917647
0.898039
0.874510
0.862745
0.858824
0.894118
0.870588
0.835294
0.870588
0.647059
0.007843
0.000000
0.011765
0.000000
0.000000
0.000000
0.000000
0.000000
0.019608
0.000000
0.113725
0.768627
0.874510
0.831373
0.819608
0.843137
0.878431
0.890196
0.909804
0.874510
0.858824
0.858824
0.843137
0.862745
0.835294
0.803922
0.839216
0.627451
0.007843
0.000000
0.011765
0.000000
0.000000
0.000000
0.000000
0.000000
0.023529
0.000000
0.117647
0.780392
0.866667
0.800000
0.780392
0.811765
0.862745
0.878431
0.894118
0.847059
0.839216
0.862745
0.831373
0.843137
0.811765
0.776471
0.815686
0.611765
0.007843
0.000000
0.011765
0.000000
0.000000
0.000000
0.000000
0.000000
0.023529
0.000000
0.117647
0.784314
0.866667
0.796078
0.772549
0.807843
0.862745
0.878431
0.890196
0.843137
0.843137
0.874510
0.843137
0.850980
0.823529
0.788235
0.823529
0.615686
0.007843
0.000000
0.011765
0.000000
0.000000
0.000000
0.000000
0.000000
0.019608
0.000000
0.117647
0.764706
0.862745
0.807843
0.792157
0.819608
0.862745
0.878431
0.890196
0.854902
0.843137
0.850980
0.827451
0.847059
0.835294
0.807843
0.839216
0.619608
0.007843
0.000000
0.011765
0.000000
0.000000
0.000000
0.000000
0.000000
0.019608
0.000000
0.109804
0.741176
0.854902
0.827451
0.815686
0.839216
0.862745
0.866667
0.886275
0.870588
0.827451
0.784314
0.776471
0.827451
0.835294
0.823529
0.850980
0.619608
0.007843
0.000000
0.011765
0.000000
0.000000
0.000000
0.000000
0.000000
0.019608
0.000000
0.105882
0.729412
0.858824
0.843137
0.839216
0.847059
0.854902
0.850980
0.870588
0.882353
0.823529
0.752941
0.760784
0.811765
0.839216
0.839216
0.870588
0.631373
0.007843
0.000000
0.011765
0.000000
0.000000
0.000000
0.000000
0.000000
0.019608
0.000000
0.105882
0.745098
0.870588
0.858824
0.847059
0.843137
0.850980
0.839216
0.862745
0.874510
0.835294
0.780392
0.776471
0.819608
0.847059
0.847059
0.870588
0.635294
0.007843
0.000000
0.011765
0.000000
0.000000
0.000000
0.000000
0.000000
0.019608
0.000000
0.113725
0.780392
0.905882
0.886275
0.866667
0.858824
0.858824
0.847059
0.882353
0.886275
0.878431
0.858824
0.819608
0.850980
0.862745
0.847059
0.850980
0.603922
0.007843
0.000000
0.011765
0.000000
0.000000
0.000000
0.000000
0.000000
0.023529
0.000000
0.121569
0.811765
0.901961
0.858824
0.827451
0.819608
0.827451
0.831373
0.847059
0.835294
0.839216
0.847059
0.815686
0.819608
0.807843
0.796078
0.835294
0.615686
0.007843
0.000000
0.011765
0.000000
0.000000
0.000000
0.000000
0.000000
0.023529
0.000000
0.121569
0.796078
0.862745
0.835294
0.811765
0.796078
0.819608
0.831373
0.815686
0.800000
0.800000
0.807843
0.807843
0.780392
0.752941
0.752941
0.831373
0.639216
0.007843
0.000000
0.011765
0.000000
0.000000
0.000000
0.000000
0.000000
0.019608
0.000000
0.105882
0.713725
0.850980
0.905882
0.941176
0.929412
0.925490
0.913725
0.905882
0.925490
0.921569
0.886275
0.870588
0.850980
0.827451
0.796078
0.784314
0.552941
0.007843
0.000000
0.011765
0.000000
0.000000
0.000000
0.000000
0.000000
0.015686
0.000000
0.090196
0.627451
0.792157
0.894118
0.956863
0.960784
0.956863
0.937255
0.929412
0.945098
0.968627
0.956863
0.909804
0.874510
0.843137
0.772549
0.658823
0.403922
0.003922
0.000000
0.007843
0.000000
0.000000
0.000000
0.000000
0.000000
0.003922
0.000000
0.023529
0.180392
0.235294
0.266667
0.290196
0.294118
0.294118
0.286274
0.286274
0.286274
0.298039
0.301961
0.282353
0.266667
0.258824
0.231373
0.184314
0.101961
0.000000
0.000000
0.003922
0.000000
0.000000
0.000000
0.000000
0.000000
0.000000
0.000000
0.000000
0.000000
0.000000
0.000000
0.000000
0.000000
0.000000
0.000000
0.000000
0.000000
0.000000
0.000000
0.000000
0.000000
0.000000
0.000000
0.000000
0.000000
0.000000
0.000000
0.000000
0.000000
0.000000
0.000000
0.000000
0.000000
0.000000
0.000000
0.003922
0.015686
0.019608
0.023529
0.023529
0.023529
0.023529
0.023529
0.023529
0.023529
0.023529
0.023529
0.023529
0.023529
0.023529
0.019608
0.015686
0.011765
0.000000
0.000000
0.000000
0.000000
0.000000
0.000000
0.000000
0.000000
0.000000
0.000000
0.000000
0.000000
0.000000
0.000000
0.000000
0.000000
0.000000
0.000000
0.000000
0.000000
0.000000
0.000000
0.000000
0.000000
0.000000
0.000000
0.000000
0.000000
0.000000
0.000000
0.000000
0.000000
0.000000
0.000000
