0.000000
0.000000
0.000000
0.000000
0.000000
0.000000
0.000000
0.000000
0.000000
0.000000
0.000000
0.000000
0.000000
0.000000
0.000000
0.000000
0.000000
0.000000
0.000000
0.000000
0.000000
0.000000
0.000000
0.000000
0.000000
0.000000
0.000000
0.000000
0.000000
0.000000
0.000000
0.000000
0.000000
0.007843
0.019608
0.023529
0.023529
0.023529
0.023529
0.023529
0.023529
0.023529
0.023529
0.023529
0.023529
0.027451
0.023529
0.023529
0.023529
0.019608
0.015686
0.000000
0.000000
0.000000
0.000000
0.000000
0.000000
0.000000
0.000000
0.000000
0.000000
0.000000
0.000000
0.000000
0.000000
0.000000
0.000000
0.000000
0.000000
0.000000
0.000000
0.000000
0.000000
0.000000
0.000000
0.000000
0.000000
0.000000
0.000000
0.000000
0.000000
0.000000
0.000000
0.000000
0.000000
0.000000
0.003922
0.000000
0.007843
0.090196
0.192157
0.247059
0.262745
0.266667
0.270588
0.274510
0.270588
0.270588
0.278431
0.286274
0.294118
0.298039
0.270588
0.254902
0.243137
0.203922
0.141176
0.015686
0.000000
0.003922
0.000000
0.000000
0.000000
0.000000
0.007843
0.000000
0.039216
0.384314
0.717647
0.878431
0.901961
0.905882
0.925490
0.929412
0.921569
0.917647
0.937255
0.960784
0.972549
0.984314
0.925490
0.886275
0.858824
0.768627
0.564706
0.074510
0.000000
0.015686
0.000000
0.000000
0.000000
0.000000
0.015686
0.000000
0.070588
0.580392
0.905882
1.000000
0.980392
0.968627
0.992157
0.996078
0.992157
0.984314
0.988235
0.992157
0.992157
0.992157
1.000000
0.972549
0.968627
0.976471
0.792157
0.113725
0.000000
0.023529
0.000000
0.000000
0.000000
0.000000
0.019608
0.000000
0.090196
0.658823
0.925490
0.976471
0.941176
0.933333
0.968627
0.980392
0.980392
0.968627
0.964706
0.968627
0.972549
0.968627
0.984314
0.945098
0.949020
1.000000
0.874510
0.129412
0.000000
0.023529
0.000000
0.000000
0.000000
0.000000
0.019608
0.000000
0.090196
0.658823
0.894118
0.952941
0.925490
0.921569
0.964706
0.984314
0.988235
0.980392
0.976471
0.980392
0.980392
0.976471
0.972549
0.909804
0.909804
0.984314
0.835294
0.121569
0.000000
0.023529
0.000000
0.000000
0.000000
0.000000
0.015686
0.000000
0.082353
0.639216
0.913725
0.984314
0.949020
0.921569
0.972549
1.000000
1.000000
0.996078
0.992157
0.996078
0.996078
0.996078
0.992157
0.933333
0.929412
0.988235
0.792157
0.113725
0.000000
0.023529
0.000000
0.000000
0.000000
0.000000
0.015686
0.000000
0.070588
0.588235
0.917647
0.996078
0.949020
0.925490
0.968627
0.996078
1.000000
0.984314
0.976471
0.984314
0.992157
0.996078
0.988235
0.945098
0.960784
1.000000
0.800000
0.113725
0.000000
0.023529
0.000000
0.000000
0.000000
0.000000
0.015686
0.000000
0.062745
0.541176
0.886275
0.968627
0.933333
0.949020
0.980392
0.996078
0.996078
0.980392
0.972549
0.984314
0.992157
1.000000
0.964706
0.925490
0.960784
1.000000
0.827451
0.117647
0.000000
0.023529
0.000000
0.000000
0.000000
0.000000
0.015686
0.000000
0.078431
0.600000
0.905882
0.980392
0.941176
0.945098
0.988235
0.992157
0.980392
0.988235
1.000000
0.992157
0.984314
0.992157
0.992157
0.945098
0.952941
1.000000
0.866667
0.125490
0.000000
0.023529
0.000000
0.000000
0.000000
0.000000
0.019608
0.000000
0.094118
0.682353
0.956863
0.972549
0.925490
0.941176
0.988235
0.988235
0.976471
0.988235
1.000000
0.992157
0.980392
0.992157
0.992157
0.941176
0.945098
1.000000
0.850980
0.121569
0.000000
0.023529
0.000000
0.000000
0.000000
0.000000
0.019608
0.000000
0.090196
0.678431
0.960784
0.980392
0.929412
0.937255
0.984314
0.988235
0.976471
0.988235
1.000000
0.988235
0.976471
0.992157
0.988235
0.929412
0.937255
1.000000
0.819608
0.117647
0.000000
0.023529
0.000000
0.000000
0.000000
0.000000
0.019608
0.000000
0.074510
0.607843
0.913725
0.988235
0.941176
0.937255
0.984314
0.992157
0.980392
0.988235
1.000000
0.988235
0.976471
0.992157
0.988235
0.921569
0.937255
1.000000
0.796078
0.109804
0.000000
0.023529
0.000000
0.000000
0.000000
0.000000
0.015686
0.000000
0.070588
0.576471
0.890196
0.976471
0.937255
0.937255
0.988235
0.996078
0.984314
0.992157
0.996078
0.988235
0.980392
0.996078
0.988235
0.921569
0.937255
0.996078
0.776471
0.109804
0.000000
0.023529
0.000000
0.000000
0.000000
0.000000
0.015686
0.000000
0.078431
0.603922
0.905882
0.964706
0.925490
0.941176
0.996078
0.996078
0.988235
0.992157
0.996078
0.988235
0.984314
0.996078
0.992157
0.921569
0.937255
1.000000
0.756863
0.105882
0.000000
0.019608
0.000000
0.000000
0.000000
0.000000
0.015686
0.000000
0.074510
0.584314
0.901961
0.988235
0.937255
0.933333
0.996078
0.996078
0.988235
0.992157
0.992157
0.980392
0.980392
0.996078
0.996078
0.917647
0.937255
1.000000
0.737255
0.101961
0.000000
0.019608
0.000000
0.000000
0.000000
0.000000
0.015686
0.000000
0.070588
0.556863
0.886275
1.000000
0.949020
0.925490
0.988235
0.996078
0.988235
0.984314
0.988235
0.976471
0.976471
0.992157
0.992157
0.913725
0.933333
1.000000
0.729412
0.098039
0.000000
0.019608
0.000000
0.000000
0.000000
0.000000
0.019608
0.000000
0.078431
0.611765
0.909804
0.976471
0.921569
0.921569
0.988235
0.996078
0.976471
0.972549
0.972549
0.964706
0.968627
1.000000
0.996078
0.901961
0.929412
1.000000
0.705882
0.094118
0.000000
0.019608
0.000000
0.000000
0.000000
0.000000
0.019608
0.000000
0.090196
0.678431
0.952941
0.956863
0.890196
0.905882
0.960784
0.980392
0.980392
0.980392
0.980392
0.964706
0.956863
0.968627
0.964706
0.894118
0.925490
1.000000
0.745098
0.101961
0.000000
0.019608
0.000000
0.000000
0.000000
0.000000
0.015686
0.000000
0.078431
0.596078
0.901961
0.972549
0.917647
0.894118
0.925490
0.956863
0.980392
0.988235
0.984314
0.964706
0.949020
0.933333
0.913725
0.898039
0.941176
0.976471
0.776471
0.109804
0.000000
0.023529
0.000000
0.000000
0.000000
0.000000
0.007843
0.000000
0.035294
0.345098
0.674510
0.894118
0.925490
0.894118
0.909804
0.913725
0.905882
0.894118
0.882353
0.894118
0.917647
0.937255
0.909804
0.909804
0.933333
0.854902
0.580392
0.074510
0.000000
0.015686
0.000000
0.000000
0.000000
0.000000
0.003922
0.000000
0.003922
0.113725
0.356863
0.576471
0.709804
0.756863
0.745098
0.733333
0.705882
0.674510
0.658823
0.686275
0.733333
0.768627
0.862745
0.901961
0.811765
0.588235
0.266667
0.023529
0.000000
0.003922
0.000000
0.000000
0.000000
0.000000
0.000000
0.000000
0.000000
0.007843
0.066667
0.129412
0.180392
0.207843
0.203922
0.196078
0.188235
0.176471
0.172549
0.180392
0.196078
0.207843
0.258824
0.274510
0.231373
0.141176
0.039216
0.000000
0.000000
0.000000
0.000000
0.000000
0.000000
0.000000
0.000000
0.000000
0.000000
0.000000
0.000000
0.000000
0.000000
0.000000
0.000000
0.000000
0.000000
0.000000
0.000000
0.000000
0.000000
0.000000
0.000000
0.000000
0.000000
0.000000
0.000000
0.000000
0.000000
0.000000
0.000000
0.000000
0.000000
0.000000
0.000000
0.000000
0.000000
0.003922
0.007843
0.011765
0.015686
0.019608
0.019608
0.019608
0.015686
0.015686
0.015686
0.015686
0.019608
0.019608
0.023529
0.023529
0.019608
0.015686
0.003922
0.000000
0.000000
0.000000
0.000000
0.000000
0.000000
0.000000
0.000000
0.000000
0.000000
0.000000
0.000000
0.000000
0.000000
0.000000
0.000000
0.000000
0.000000
0.000000
0.000000
0.000000
0.000000
0.000000
0.000000
0.000000
0.000000
0.000000
0.000000
0.000000
0.000000
0.000000
0.000000
0.000000
