0.000000
0.000000
0.000000
0.000000
0.000000
0.000000
0.000000
0.000000
0.000000
0.000000
0.000000
0.000000
0.000000
0.000000
0.000000
0.000000
0.000000
0.000000
0.000000
0.000000
0.000000
0.000000
0.000000
0.000000
0.000000
0.000000
0.000000
0.000000
0.000000
0.000000
0.000000
0.000000
0.000000
0.008511
0.012766
0.017021
0.017021
0.017021
0.017021
0.017021
0.021277
0.017021
0.017021
0.017021
0.017021
0.017021
0.017021
0.017021
0.012766
0.008511
0.000000
0.000000
0.000000
0.000000
0.000000
0.000000
0.000000
0.000000
0.000000
0.000000
0.000000
0.000000
0.000000
0.000000
0.000000
0.000000
0.000000
0.000000
0.000000
0.000000
0.000000
0.000000
0.000000
0.000000
0.000000
0.000000
0.000000
0.000000
0.000000
0.000000
0.000000
0.000000
0.000000
0.000000
0.000000
0.000000
0.004255
0.000000
0.029787
0.140426
0.212766
0.268085
0.293617
0.297872
0.306383
0.323404
0.331915
0.302128
0.302128
0.314894
0.323404
0.319149
0.306383
0.276596
0.208511
0.131915
0.017021
0.000000
0.004255
0.000000
0.000000
0.000000
0.000000
0.000000
0.012766
0.000000
0.097872
0.438298
0.625532
0.740425
0.787234
0.800000
0.808511
0.851064
0.868085
0.812766
0.804255
0.825532
0.846808
0.846808
0.829787
0.761702
0.604255
0.417021
0.059574
0.000000
0.008511
0.000000
0.000000
0.000000
0.000000
0.000000
0.017021
0.000000
0.153191
0.625532
0.804255
0.876596
0.893617
0.906383
0.902128
0.927660
0.944681
0.910638
0.893617
0.889362
0.902128
0.914894
0.931915
0.893617
0.761702
0.591489
0.085106
0.000000
0.012766
0.000000
0.000000
0.000000
0.000000
0.000000
0.021277
0.000000
0.182979
0.731915
0.893617
0.919149
0.919149
0.936170
0.936170
0.940426
0.957447
0.953192
0.906383
0.863830
0.851064
0.863830
0.914894
0.919149
0.817021
0.668085
0.102128
0.000000
0.017021
0.000000
0.000000
0.000000
0.000000
0.000000
0.021277
0.000000
0.195745
0.765957
0.910638
0.910638
0.910638
0.944681
0.961702
0.953192
0.974468
1.000000
0.910638
0.825532
0.770213
0.774468
0.838298
0.863830
0.787234
0.655319
0.097872
0.000000
0.017021
0.000000
0.000000
0.000000
0.000000
0.000000
0.021277
0.000000
0.200000
0.778723
0.919149
0.965957
0.961702
0.923404
0.914894
0.936170
0.948936
0.961702
0.910638
0.846808
0.842553
0.863830
0.880851
0.902128
0.838298
0.638298
0.093617
0.000000
0.012766
0.000000
0.000000
0.000000
0.000000
0.000000
0.021277
0.000000
0.212766
0.800000
0.919149
0.965957
0.961702
0.914894
0.906383
0.931915
0.940426
0.957447
0.931915
0.893617
0.923404
0.944681
0.957447
0.970213
0.897872
0.672340
0.097872
0.000000
0.017021
0.000000
0.000000
0.000000
0.000000
0.000000
0.021277
0.000000
0.221277
0.825532
0.923404
0.944681
0.948936
0.931915
0.936170
0.944681
0.931915
0.923404
0.906383
0.889362
0.923404
0.948936
0.965957
0.965957
0.893617
0.676596
0.097872
0.000000
0.017021
0.000000
0.000000
0.000000
0.000000
0.000000
0.021277
0.000000
0.221277
0.821277
0.923404
0.953192
0.965957
0.961702
0.965957
0.957447
0.914894
0.889362
0.876596
0.868085
0.910638
0.940426
0.944681
0.944681
0.876596
0.663830
0.093617
0.000000
0.017021
0.000000
0.000000
0.000000
0.000000
0.000000
0.021277
0.000000
0.208511
0.795745
0.902128
0.944681
0.965957
0.974468
0.978723
0.957447
0.910638
0.906383
0.897872
0.876596
0.906383
0.923404
0.927660
0.936170
0.872340
0.676596
0.097872
0.000000
0.017021
0.000000
0.000000
0.000000
0.000000
0.000000
0.021277
0.000000
0.204255
0.765957
0.859574
0.897872
0.927660
0.936170
0.948936
0.944681
0.914894
0.910638
0.897872
0.859574
0.863830
0.868085
0.868085
0.885106
0.838298
0.651064
0.097872
0.000000
0.017021
0.000000
0.000000
0.000000
0.000000
0.000000
0.021277
0.000000
0.204255
0.748936
0.821277
0.851064
0.876596
0.880851
0.906383
0.931915
0.927660
0.906383
0.889362
0.846808
0.846808
0.834043
0.825532
0.842553
0.808511
0.634043
0.093617
0.000000
0.012766
0.000000
0.000000
0.000000
0.000000
0.000000
0.021277
0.000000
0.204255
0.736170
0.812766
0.859574
0.885106
0.868085
0.880851
0.927660
0.953192
0.961702
0.953192
0.923404
0.919149
0.902128
0.885106
0.893617
0.855319
0.680851
0.102128
0.000000
0.017021
0.000000
0.000000
0.000000
0.000000
0.000000
0.021277
0.000000
0.187234
0.710638
0.825532
0.914894
0.948936
0.902128
0.885106
0.931915
0.970213
0.970213
0.974468
0.957447
0.970213
0.957447
0.923404
0.914894
0.872340
0.689362
0.102128
0.000000
0.017021
0.000000
0.000000
0.000000
0.000000
0.000000
0.021277
0.000000
0.195745
0.748936
0.863830
0.931915
0.961702
0.927660
0.906383
0.953192
0.982979
0.957447
0.974468
0.978723
0.974468
0.957447
0.953192
0.953192
0.868085
0.693617
0.106383
0.000000
0.017021
0.000000
0.000000
0.000000
0.000000
0.000000
0.021277
0.000000
0.221277
0.817021
0.906383
0.931915
0.948936
0.927660
0.910638
0.948936
0.965957
0.944681
0.970213
0.987234
0.948936
0.919149
0.948936
0.957447
0.846808
0.680851
0.102128
0.000000
0.017021
0.000000
0.000000
0.000000
0.000000
0.000000
0.021277
0.000000
0.221277
0.821277
0.906383
0.948936
0.974468
0.940426
0.919149
0.948936
0.965957
0.953192
0.957447
0.948936
0.906383
0.872340
0.893617
0.914894
0.838298
0.697872
0.106383
0.000000
0.017021
0.000000
0.000000
0.000000
0.000000
0.000000
0.021277
0.000000
0.204255
0.761702
0.851064
0.923404
0.965957
0.953192
0.953192
0.974468
0.982979
0.978723
0.953192
0.919149
0.868085
0.838298
0.880851
0.927660
0.897872
0.791489
0.123404
0.000000
0.017021
0.000000
0.000000
0.000000
0.000000
0.000000
0.017021
0.000000
0.178723
0.668085
0.753192
0.834043
0.876596
0.868085
0.876596
0.880851
0.889362
0.944681
0.914894
0.885106
0.859574
0.851064
0.893617
0.914894
0.855319
0.736170
0.114894
0.000000
0.017021
0.000000
0.000000
0.000000
0.000000
0.000000
0.012766
0.000000
0.140426
0.523404
0.604255
0.710638
0.778723
0.791489
0.829787
0.846808
0.834043
0.855319
0.838298
0.855319
0.876596
0.893617
0.897872
0.846808
0.706383
0.536170
0.076596
0.000000
0.012766
0.000000
0.000000
0.000000
0.000000
0.000000
0.008511
0.000000
0.089362
0.331915
0.408511
0.540425
0.629787
0.672340
0.740425
0.778723
0.740425
0.693617
0.672340
0.689362
0.723404
0.740425
0.731915
0.668085
0.523404
0.353191
0.051064
0.000000
0.008511
0.000000
0.000000
0.000000
0.000000
0.000000
0.004255
0.000000
0.025532
0.097872
0.127660
0.182979
0.221277
0.242553
0.276596
0.297872
0.276596
0.246808
0.229787
0.234043
0.242553
0.251064
0.246808
0.229787
0.178723
0.119149
0.017021
0.000000
0.000000
0.000000
0.000000
0.000000
0.000000
0.000000
0.000000
0.000000
0.000000
0.000000
0.000000
0.000000
0.000000
0.000000
0.000000
0.000000
0.000000
0.000000
0.000000
0.000000
0.000000
0.000000
0.000000
0.000000
0.000000
0.000000
0.000000
0.000000
0.000000
0.000000
0.000000
0.000000
0.000000
0.000000
0.000000
0.000000
0.000000
0.008511
0.008511
0.012766
0.012766
0.012766
0.017021
0.017021
0.017021
0.012766
0.012766
0.012766
0.017021
0.017021
0.017021
0.012766
0.012766
0.008511
0.000000
0.000000
0.000000
0.000000
0.000000
0.000000
0.000000
0.000000
0.000000
0.000000
0.000000
0.000000
0.000000
0.000000
0.000000
0.000000
0.000000
0.000000
0.000000
0.000000
0.000000
0.000000
0.000000
0.000000
0.000000
0.000000
0.000000
0.000000
0.000000
0.000000
0.000000
0.000000
0.000000
0.000000
