0.000000
0.000000
0.000000
0.000000
0.000000
0.000000
0.000000
0.000000
0.000000
0.000000
0.000000
0.000000
0.000000
0.000000
0.000000
0.000000
0.000000
0.000000
0.000000
0.000000
0.000000
0.000000
0.000000
0.000000
0.000000
0.000000
0.000000
0.000000
0.000000
0.000000
0.000000
0.000000
0.000000
0.003922
0.015686
0.015686
0.015686
0.015686
0.015686
0.015686
0.015686
0.015686
0.015686
0.015686
0.015686
0.015686
0.015686
0.015686
0.015686
0.015686
0.007843
0.000000
0.000000
0.000000
0.000000
0.000000
0.000000
0.000000
0.000000
0.000000
0.000000
0.000000
0.000000
0.000000
0.000000
0.000000
0.000000
0.000000
0.000000
0.000000
0.000000
0.000000
0.000000
0.000000
0.000000
0.000000
0.000000
0.000000
0.000000
0.000000
0.000000
0.000000
0.000000
0.000000
0.000000
0.000000
0.000000
0.000000
0.003922
0.050980
0.145098
0.172549
0.156863
0.160784
0.164706
0.149020
0.164706
0.168627
0.160784
0.160784
0.156863
0.149020
0.149020
0.160784
0.172549
0.145098
0.090196
0.011765
0.000000
0.003922
0.000000
0.000000
0.000000
0.000000
0.003922
0.000000
0.015686
0.243137
0.615686
0.717647
0.682353
0.694118
0.713725
0.662745
0.709804
0.721569
0.698039
0.698039
0.694118
0.678431
0.678431
0.705882
0.721569
0.639216
0.392157
0.047059
0.000000
0.007843
0.000000
0.000000
0.000000
0.000000
0.011765
0.000000
0.039216
0.435294
0.901961
1.000000
0.976471
0.980392
1.000000
0.972549
0.992157
1.000000
0.984314
0.984314
1.000000
1.000000
0.996078
0.992157
1.000000
0.945098
0.580392
0.070588
0.000000
0.015686
0.000000
0.000000
0.000000
0.000000
0.015686
0.000000
0.074510
0.611765
0.960784
0.972549
0.894118
0.870588
0.854902
0.858824
0.854902
0.854902
0.854902
0.854902
0.850980
0.882353
0.850980
0.796078
0.890196
0.960784
0.623529
0.078431
0.000000
0.015686
0.000000
0.000000
0.000000
0.000000
0.015686
0.000000
0.082353
0.650980
0.968627
0.976471
0.921569
0.905882
0.901961
0.921569
0.921569
0.925490
0.917647
0.905882
0.901961
0.933333
0.886275
0.819608
0.901961
0.976471
0.678431
0.086275
0.000000
0.019608
0.000000
0.000000
0.000000
0.000000
0.015686
0.000000
0.074510
0.611765
0.964706
1.000000
0.976471
0.980392
0.988235
1.000000
1.000000
1.000000
1.000000
0.988235
0.988235
1.000000
0.964706
0.890196
0.945098
0.992157
0.678431
0.086275
0.000000
0.019608
0.000000
0.000000
0.000000
0.000000
0.015686
0.000000
0.074510
0.600000
0.960784
1.000000
0.972549
0.980392
0.976471
0.988235
0.980392
0.968627
0.964706
0.960784
0.968627
0.992157
0.945098
0.854902
0.921569
0.976471
0.631373
0.078431
0.000000
0.019608
0.000000
0.000000
0.000000
0.000000
0.015686
0.000000
0.074510
0.611765
0.968627
1.000000
0.984314
0.988235
0.984314
0.988235
0.976471
0.968627
0.968627
0.964706
0.976471
0.996078
0.952941
0.866667
0.929412
0.976471
0.631373
0.078431
0.000000
0.015686
0.000000
0.000000
0.000000
0.000000
0.015686
0.000000
0.070588
0.592157
0.956863
1.000000
0.976471
0.980392
0.980392
0.996078
0.992157
0.992157
0.992157
0.988235
0.992157
1.000000
0.960784
0.886275
0.941176
0.984314
0.639216
0.082353
0.000000
0.019608
0.000000
0.000000
0.000000
0.000000
0.015686
0.000000
0.066667
0.568627
0.937255
1.000000
0.964706
0.968627
0.960784
0.980392
0.980392
0.980392
0.988235
0.984314
0.980392
1.000000
0.945098
0.862745
0.929412
0.968627
0.611765
0.074510
0.000000
0.015686
0.000000
0.000000
0.000000
0.000000
0.015686
0.000000
0.070588
0.596078
0.964706
1.000000
0.976471
0.984314
0.980392
0.988235
0.984314
0.980392
0.988235
0.988235
0.988235
1.000000
0.941176
0.854902
0.933333
0.972549
0.611765
0.074510
0.000000
0.015686
0.000000
0.000000
0.000000
0.000000
0.015686
0.000000
0.070588
0.576471
0.949020
1.000000
0.980392
0.992157
0.992157
0.996078
0.988235
0.992157
0.996078
0.988235
0.980392
0.984314
0.917647
0.843137
0.933333
0.980392
0.607843
0.074510
0.000000
0.015686
0.000000
0.000000
0.000000
0.000000
0.015686
0.000000
0.062745
0.529412
0.905882
0.996078
0.972549
0.988235
0.980392
0.984314
0.976471
0.968627
0.980392
0.980392
0.949020
0.964706
0.917647
0.847059
0.929412
0.976471
0.611765
0.074510
0.000000
0.015686
0.000000
0.000000
0.000000
0.000000
0.015686
0.000000
0.062745
0.545098
0.921569
1.000000
0.980392
0.992157
0.984314
0.984314
0.968627
0.941176
0.964706
0.984314
0.945098
0.984314
0.964706
0.878431
0.929412
0.984314
0.643137
0.082353
0.000000
0.019608
0.000000
0.000000
0.000000
0.000000
0.015686
0.000000
0.062745
0.545098
0.949020
1.000000
0.972549
0.952941
0.949020
0.988235
0.996078
0.996078
0.984314
0.972549
0.984314
1.000000
0.941176
0.815686
0.878431
0.964706
0.643137
0.082353
0.000000
0.019608
0.000000
0.000000
0.000000
0.000000
0.015686
0.000000
0.074510
0.600000
0.976471
1.000000
0.980392
0.960784
0.945098
0.960784
0.964706
0.964706
0.976471
0.992157
1.000000
1.000000
0.941176
0.843137
0.913725
0.976471
0.635294
0.082353
0.000000
0.015686
0.000000
0.000000
0.000000
0.000000
0.015686
0.000000
0.086275
0.650980
0.960784
0.964706
0.960784
0.992157
0.984314
0.968627
0.949020
0.952941
0.980392
0.984314
0.952941
0.968627
0.937255
0.890196
0.964706
0.976471
0.607843
0.074510
0.000000
0.015686
0.000000
0.000000
0.000000
0.000000
0.019608
0.000000
0.090196
0.674510
0.945098
0.929412
0.913725
0.976471
0.988235
0.980392
0.956863
0.980392
0.992157
0.956863
0.941176
0.956863
0.929412
0.886275
0.952941
0.956863
0.600000
0.070588
0.000000
0.015686
0.000000
0.000000
0.000000
0.000000
0.019608
0.000000
0.082353
0.654902
0.976471
0.976471
0.929412
0.949020
0.964706
0.976471
0.976471
0.992157
0.976471
0.968627
0.996078
1.000000
0.933333
0.854902
0.933333
0.956863
0.600000
0.074510
0.000000
0.015686
0.000000
0.000000
0.000000
0.000000
0.015686
0.000000
0.058824
0.529412
0.949020
1.000000
0.976471
0.964706
0.964706
1.000000
1.000000
0.972549
0.956863
0.976471
0.996078
0.996078
0.909804
0.847059
0.960784
0.964706
0.537255
0.058824
0.000000
0.015686
0.000000
0.000000
0.000000
0.000000
0.007843
0.000000
0.023529
0.290196
0.725490
0.847059
0.835294
0.866667
0.901961
0.941176
0.937255
0.901961
0.925490
1.000000
1.000000
1.000000
0.956863
0.913725
1.000000
0.972549
0.509804
0.050980
0.000000
0.011765
0.000000
0.000000
0.000000
0.000000
0.003922
0.000000
0.003922
0.054902
0.188235
0.235294
0.231373
0.247059
0.266667
0.278431
0.278431
0.266667
0.278431
0.309804
0.317647
0.321569
0.301961
0.290196
0.317647
0.298039
0.152941
0.015686
0.000000
0.003922
0.000000
0.000000
0.000000
0.000000
0.000000
0.000000
0.000000
0.000000
0.000000
0.000000
0.000000
0.000000
0.000000
0.000000
0.000000
0.000000
0.000000
0.000000
0.000000
0.000000
0.000000
0.000000
0.000000
0.000000
0.000000
0.000000
0.000000
0.000000
0.000000
0.000000
0.000000
0.000000
0.000000
0.000000
0.000000
0.007843
0.019608
0.019608
0.019608
0.023529
0.023529
0.023529
0.023529
0.023529
0.023529
0.027451
0.027451
0.027451
0.023529
0.023529
0.027451
0.023529
0.011765
0.000000
0.000000
0.000000
0.000000
0.000000
0.000000
0.000000
0.000000
0.000000
0.000000
0.000000
0.000000
0.000000
0.000000
0.000000
0.000000
0.000000
0.000000
0.000000
0.000000
0.000000
0.000000
0.000000
0.000000
0.000000
0.000000
0.000000
0.000000
0.000000
0.000000
0.000000
0.000000
0.000000
