0.000000
0.000000
0.000000
0.000000
0.000000
0.000000
0.000000
0.000000
0.000000
0.000000
0.000000
0.000000
0.000000
0.000000
0.000000
0.000000
0.000000
0.000000
0.000000
0.000000
0.000000
0.000000
0.000000
0.000000
0.000000
0.000000
0.000000
0.000000
0.000000
0.000000
0.000000
0.000000
0.000000
0.007843
0.011765
0.019608
0.019608
0.019608
0.019608
0.019608
0.019608
0.019608
0.023529
0.023529
0.019608
0.019608
0.019608
0.019608
0.019608
0.015686
0.011765
0.000000
0.000000
0.000000
0.000000
0.000000
0.000000
0.000000
0.000000
0.000000
0.000000
0.000000
0.000000
0.000000
0.000000
0.000000
0.000000
0.000000
0.000000
0.000000
0.000000
0.000000
0.000000
0.000000
0.000000
0.000000
0.000000
0.000000
0.000000
0.000000
0.000000
0.000000
0.000000
0.000000
0.000000
0.000000
0.003922
0.000000
0.007843
0.074510
0.137255
0.211765
0.247059
0.235294
0.231373
0.227451
0.239216
0.258824
0.270588
0.270588
0.258824
0.243137
0.235294
0.247059
0.219608
0.152941
0.117647
0.015686
0.000000
0.003922
0.000000
0.000000
0.000000
0.000000
0.007843
0.000000
0.035294
0.305882
0.541176
0.749020
0.819608
0.784314
0.752941
0.721569
0.749020
0.800000
0.827451
0.827451
0.800000
0.784314
0.776471
0.811765
0.764706
0.615686
0.462745
0.062745
0.000000
0.011765
0.000000
0.000000
0.000000
0.000000
0.011765
0.000000
0.054902
0.458824
0.745098
0.854902
0.847059
0.811765
0.772549
0.709804
0.709804
0.713725
0.713725
0.717647
0.733333
0.772549
0.811765
0.843137
0.874510
0.854902
0.627451
0.086275
0.000000
0.015686
0.000000
0.000000
0.000000
0.000000
0.015686
0.000000
0.074510
0.572549
0.870588
0.886275
0.815686
0.815686
0.831373
0.803922
0.745098
0.686275
0.674510
0.713725
0.764706
0.811765
0.858824
0.894118
0.945098
0.941176
0.698039
0.094118
0.000000
0.019608
0.000000
0.000000
0.000000
0.000000
0.011765
0.000000
0.066667
0.541176
0.831373
0.843137
0.800000
0.823529
0.850980
0.850980
0.776471
0.717647
0.745098
0.815686
0.847059
0.831373
0.819608
0.831373
0.898039
0.921569
0.690196
0.094118
0.000000
0.019608
0.000000
0.000000
0.000000
0.000000
0.011765
0.000000
0.047059
0.415686
0.686275
0.807843
0.847059
0.839216
0.815686
0.843137
0.796078
0.784314
0.854902
0.921569
0.905882
0.823529
0.776471
0.800000
0.866667
0.870588
0.654902
0.090196
0.000000
0.019608
0.000000
0.000000
0.000000
0.000000
0.011765
0.000000
0.043137
0.368627
0.603922
0.827451
0.933333
0.901961
0.835294
0.811765
0.788235
0.800000
0.858824
0.905882
0.874510
0.815686
0.796078
0.847059
0.890196
0.835294
0.627451
0.086275
0.000000
0.019608
0.000000
0.000000
0.000000
0.000000
0.011765
0.000000
0.062745
0.450980
0.615686
0.823529
0.933333
0.929412
0.898039
0.807843
0.780392
0.772549
0.776471
0.803922
0.827451
0.847059
0.858824
0.886275
0.898039
0.835294
0.615686
0.086275
0.000000
0.015686
0.000000
0.000000
0.000000
0.000000
0.015686
0.000000
0.078431
0.525490
0.607843
0.709804
0.768627
0.788235
0.847059
0.854902
0.831373
0.784314
0.752941
0.772549
0.854902
0.929412
0.941176
0.890196
0.870588
0.854902
0.623529
0.086275
0.000000
0.015686
0.000000
0.000000
0.000000
0.000000
0.011765
0.000000
0.058824
0.443137
0.623529
0.749020
0.776471
0.784314
0.866667
0.917647
0.913725
0.866667
0.807843
0.776471
0.819608
0.898039
0.933333
0.905882
0.874510
0.843137
0.658823
0.094118
0.000000
0.019608
0.000000
0.000000
0.000000
0.000000
0.011765
0.000000
0.054902
0.447059
0.705882
0.839216
0.823529
0.788235
0.831373
0.882353
0.882353
0.850980
0.811765
0.811765
0.866667
0.945098
0.960784
0.913725
0.858824
0.811765
0.647059
0.094118
0.000000
0.015686
0.000000
0.000000
0.000000
0.000000
0.011765
0.000000
0.066667
0.533333
0.827451
0.929412
0.858824
0.764706
0.749020
0.772549
0.800000
0.819608
0.823529
0.847059
0.894118
0.945098
0.941176
0.886275
0.827451
0.772549
0.603922
0.086275
0.000000
0.015686
0.000000
0.000000
0.000000
0.000000
0.015686
0.000000
0.074510
0.596078
0.929412
0.992157
0.882353
0.760784
0.709804
0.733333
0.803922
0.874510
0.894118
0.866667
0.839216
0.839216
0.847059
0.847059
0.819608
0.752941
0.584314
0.082353
0.000000
0.015686
0.000000
0.000000
0.000000
0.000000
0.015686
0.000000
0.078431
0.619608
0.972549
1.000000
0.894118
0.796078
0.749020
0.803922
0.862745
0.921569
0.929412
0.882353
0.839216
0.823529
0.835294
0.866667
0.847059
0.760784
0.588235
0.082353
0.000000
0.015686
0.000000
0.000000
0.000000
0.000000
0.015686
0.000000
0.074510
0.600000
0.952941
0.964706
0.890196
0.866667
0.839216
0.870588
0.878431
0.882353
0.890196
0.890196
0.890196
0.898039
0.901961
0.901961
0.874510
0.796078
0.611765
0.086275
0.000000
0.015686
0.000000
0.000000
0.000000
0.000000
0.015686
0.000000
0.070588
0.564706
0.921569
0.917647
0.886275
0.941176
0.898039
0.803922
0.792157
0.811765
0.831373
0.854902
0.870588
0.870588
0.870588
0.870588
0.870588
0.839216
0.631373
0.086275
0.000000
0.019608
0.000000
0.000000
0.000000
0.000000
0.015686
0.000000
0.062745
0.533333
0.898039
0.890196
0.882353
0.964706
0.890196
0.698039
0.721569
0.792157
0.827451
0.827451
0.796078
0.764706
0.776471
0.807843
0.862745
0.862745
0.635294
0.086275
0.000000
0.019608
0.000000
0.000000
0.000000
0.000000
0.015686
0.000000
0.058824
0.521569
0.909804
0.882353
0.862745
0.929412
0.823529
0.725490
0.752941
0.815686
0.866667
0.866667
0.819608
0.772549
0.772549
0.819608
0.874510
0.854902
0.627451
0.086275
0.000000
0.015686
0.000000
0.000000
0.000000
0.000000
0.015686
0.000000
0.058824
0.525490
0.901961
0.901961
0.874510
0.878431
0.792157
0.835294
0.854902
0.874510
0.901961
0.909804
0.894118
0.878431
0.878431
0.913725
0.925490
0.854902
0.619608
0.086275
0.000000
0.015686
0.000000
0.000000
0.000000
0.000000
0.015686
0.000000
0.062745
0.501961
0.780392
0.905882
0.894118
0.831373
0.807843
0.847059
0.905882
0.941176
0.909804
0.854902
0.843137
0.890196
0.941176
0.972549
0.956863
0.854902
0.584314
0.078431
0.000000
0.015686
0.000000
0.000000
0.000000
0.000000
0.007843
0.000000
0.047059
0.372549
0.603922
0.729412
0.745098
0.725490
0.733333
0.752941
0.815686
0.870588
0.874510
0.839216
0.827451
0.843137
0.858824
0.874510
0.819608
0.670588
0.454902
0.058824
0.000000
0.011765
0.000000
0.000000
0.000000
0.000000
0.003922
0.000000
0.011765
0.094118
0.160784
0.192157
0.203922
0.207843
0.211765
0.215686
0.231373
0.254902
0.262745
0.258824
0.254902
0.250980
0.247059
0.247059
0.227451
0.176471
0.121569
0.015686
0.000000
0.003922
0.000000
0.000000
0.000000
0.000000
0.000000
0.000000
0.000000
0.000000
0.000000
0.000000
0.000000
0.000000
0.000000
0.000000
0.000000
0.000000
0.000000
0.000000
0.000000
0.000000
0.000000
0.000000
0.000000
0.000000
0.000000
0.000000
0.000000
0.000000
0.000000
0.000000
0.000000
0.000000
0.000000
0.000000
0.000000
0.007843
0.015686
0.019608
0.019608
0.019608
0.019608
0.019608
0.019608
0.023529
0.023529
0.023529
0.023529
0.023529
0.023529
0.023529
0.019608
0.015686
0.011765
0.000000
0.000000
0.000000
0.000000
0.000000
0.000000
0.000000
0.000000
0.000000
0.000000
0.000000
0.000000
0.000000
0.000000
0.000000
0.000000
0.000000
0.000000
0.000000
0.000000
0.000000
0.000000
0.000000
0.000000
0.000000
0.000000
0.000000
0.000000
0.000000
0.000000
0.000000
0.000000
0.000000
