0.000000
0.000000
0.000000
0.000000
0.000000
0.000000
0.000000
0.000000
0.000000
0.000000
0.000000
0.000000
0.000000
0.000000
0.000000
0.000000
0.000000
0.000000
0.000000
0.000000
0.000000
0.000000
0.000000
0.000000
0.000000
0.000000
0.000000
0.000000
0.000000
0.000000
0.000000
0.000000
0.000000
0.000000
0.000000
0.000000
0.009901
0.034653
0.029703
0.024752
0.024752
0.014851
0.009901
0.004950
0.000000
0.000000
0.000000
0.000000
0.000000
0.000000
0.000000
0.000000
0.000000
0.000000
0.000000
0.000000
0.000000
0.000000
0.000000
0.000000
0.000000
0.000000
0.014851
0.000000
0.237624
0.881188
0.836634
0.792079
0.683168
0.445545
0.207921
0.084158
0.029703
0.014851
0.014851
0.004950
0.000000
0.000000
0.000000
0.000000
0.000000
0.000000
0.000000
0.000000
0.000000
0.000000
0.000000
0.000000
0.000000
0.000000
0.009901
0.000000
0.237624
0.886139
0.886139
0.886139
0.792079
0.509901
0.252475
0.103960
0.024752
0.009901
0.009901
0.004950
0.000000
0.000000
0.000000
0.000000
0.000000
0.000000
0.000000
0.000000
0.000000
0.000000
0.000000
0.000000
0.000000
0.000000
0.009901
0.000000
0.163366
0.633663
0.717822
0.787129
0.757426
0.519802
0.252475
0.103960
0.024752
0.009901
0.009901
0.004950
0.000000
0.000000
0.000000
0.000000
0.000000
0.000000
0.000000
0.000000
0.000000
0.000000
0.000000
0.000000
0.000000
0.000000
0.004950
0.000000
0.089109
0.405941
0.564356
0.702970
0.727723
0.500000
0.232673
0.089109
0.029703
0.019802
0.019802
0.009901
0.000000
0.000000
0.000000
0.000000
0.000000
0.000000
0.000000
0.000000
0.000000
0.000000
0.000000
0.000000
0.000000
0.000000
0.000000
0.000000
0.034653
0.222772
0.465346
0.673267
0.732673
0.495049
0.227723
0.089109
0.039604
0.034653
0.039604
0.009901
0.000000
0.000000
0.000000
0.000000
0.000000
0.000000
0.000000
0.000000
0.000000
0.000000
0.000000
0.000000
0.000000
0.000000
0.000000
0.000000
0.009901
0.143564
0.430693
0.678218
0.732673
0.504950
0.227723
0.094059
0.029703
0.019802
0.019802
0.004950
0.000000
0.000000
0.000000
0.000000
0.000000
0.000000
0.000000
0.000000
0.000000
0.000000
0.000000
0.000000
0.000000
0.000000
0.000000
0.000000
0.004950
0.128713
0.420792
0.673267
0.732673
0.519802
0.237624
0.103960
0.024752
0.009901
0.009901
0.004950
0.000000
0.000000
0.000000
0.000000
0.000000
0.000000
0.000000
0.000000
0.000000
0.000000
0.000000
0.000000
0.000000
0.000000
0.000000
0.000000
0.004950
0.128713
0.410891
0.663366
0.737624
0.534653
0.247525
0.108911
0.029703
0.014851
0.019802
0.004950
0.000000
0.000000
0.000000
0.000000
0.000000
0.000000
0.000000
0.000000
0.000000
0.000000
0.000000
0.000000
0.000000
0.000000
0.000000
0.000000
0.004950
0.128713
0.410891
0.653465
0.722772
0.524752
0.237624
0.103960
0.029703
0.014851
0.019802
0.004950
0.000000
0.000000
0.000000
0.000000
0.000000
0.000000
0.000000
0.000000
0.000000
0.000000
0.000000
0.000000
0.000000
0.000000
0.000000
0.000000
0.009901
0.148515
0.420792
0.638614
0.693069
0.490099
0.212871
0.089109
0.019802
0.009901
0.024752
0.004950
0.000000
0.000000
0.000000
0.000000
0.000000
0.000000
0.000000
0.000000
0.000000
0.000000
0.000000
0.000000
0.000000
0.000000
0.000000
0.000000
0.009901
0.143564
0.425743
0.658416
0.693069
0.485148
0.212871
0.079208
0.019802
0.014851
0.019802
0.004950
0.000000
0.000000
0.000000
0.000000
0.000000
0.000000
0.000000
0.000000
0.000000
0.000000
0.000000
0.000000
0.000000
0.000000
0.000000
0.000000
0.009901
0.138614
0.450495
0.698020
0.727723
0.544554
0.262376
0.099010
0.034653
0.014851
0.014851
0.004950
0.000000
0.000000
0.000000
0.000000
0.000000
0.000000
0.000000
0.000000
0.000000
0.000000
0.000000
0.000000
0.000000
0.000000
0.004950
0.000000
0.059406
0.321782
0.539604
0.747525
0.782178
0.633663
0.410891
0.272277
0.193069
0.168317
0.158416
0.039604
0.000000
0.000000
0.000000
0.000000
0.000000
0.000000
0.000000
0.000000
0.000000
0.000000
0.000000
0.000000
0.000000
0.000000
0.009901
0.000000
0.148515
0.613861
0.722772
0.826733
0.836634
0.747525
0.648515
0.584158
0.514851
0.490099
0.455445
0.108911
0.000000
0.004950
0.000000
0.000000
0.000000
0.000000
0.000000
0.000000
0.000000
0.000000
0.000000
0.000000
0.000000
0.000000
0.009901
0.000000
0.222772
0.836634
0.826733
0.836634
0.856436
0.841584
0.806931
0.782178
0.737624
0.737624
0.747525
0.183168
0.000000
0.009901
0.000000
0.000000
0.000000
0.000000
0.000000
0.000000
0.000000
0.000000
0.000000
0.000000
0.000000
0.000000
0.014851
0.000000
0.257426
0.935644
0.846535
0.841584
0.871287
0.861386
0.836634
0.831683
0.836634
0.896040
0.955446
0.237624
0.000000
0.014851
0.000000
0.000000
0.000000
0.000000
0.000000
0.000000
0.000000
0.000000
0.000000
0.000000
0.000000
0.000000
0.014851
0.000000
0.267327
0.930693
0.826733
0.841584
0.861386
0.866337
0.846535
0.851485
0.861386
0.930693
0.995049
0.242574
0.000000
0.014851
0.000000
0.000000
0.000000
0.000000
0.000000
0.000000
0.000000
0.000000
0.000000
0.000000
0.000000
0.000000
0.014851
0.000000
0.252475
0.900990
0.821782
0.831683
0.836634
0.846535
0.826733
0.826733
0.816832
0.871287
0.900990
0.217822
0.000000
0.009901
0.000000
0.000000
0.000000
0.000000
0.000000
0.000000
0.000000
0.000000
0.000000
0.000000
0.000000
0.000000
0.014851
0.000000
0.252475
0.915842
0.836634
0.836634
0.826733
0.826733
0.826733
0.836634
0.816832
0.866337
0.891089
0.217822
0.000000
0.009901
0.000000
0.000000
0.000000
0.000000
0.000000
0.000000
0.000000
0.000000
0.000000
0.000000
0.000000
0.000000
0.014851
0.000000
0.257426
0.910891
0.836634
0.826733
0.806931
0.816832
0.811881
0.826733
0.821782
0.881188
0.876238
0.212871
0.000000
0.009901
0.000000
0.000000
0.000000
0.000000
0.000000
0.000000
0.000000
0.000000
0.000000
0.000000
0.000000
0.000000
0.014851
0.000000
0.247525
0.886139
0.831683
0.836634
0.821782
0.831683
0.806931
0.811881
0.811881
0.876238
0.900990
0.217822
0.000000
0.009901
0.000000
0.000000
0.000000
0.000000
0.000000
0.000000
0.000000
0.000000
0.000000
0.000000
0.000000
0.000000
0.014851
0.000000
0.252475
0.905941
0.851485
0.871287
0.861386
0.851485
0.811881
0.821782
0.816832
0.925743
0.965347
0.217822
0.000000
0.009901
0.000000
0.000000
0.000000
0.000000
0.000000
0.000000
0.000000
0.000000
0.000000
0.000000
0.000000
0.000000
0.014851
0.000000
0.272277
0.970297
0.896040
0.900990
0.886139
0.871287
0.846535
0.871287
0.871287
0.985148
1.000000
0.222772
0.000000
0.009901
0.000000
0.000000
0.000000
0.000000
0.000000
0.000000
0.000000
0.000000
0.000000
0.000000
0.000000
0.000000
0.009901
0.000000
0.222772
0.797030
0.717822
0.702970
0.702970
0.693069
0.693069
0.717822
0.707921
0.772277
0.782178
0.178218
0.000000
0.009901
0.000000
0.000000
0.000000
0.000000
0.000000
0.000000
0.000000
0.000000
0.000000
0.000000
0.000000
0.000000
0.000000
0.000000
0.004950
0.019802
0.019802
0.019802
0.019802
0.019802
0.019802
0.019802
0.019802
0.019802
0.019802
0.004950
0.000000
0.000000
0.000000
0.000000
0.000000
0.000000
0.000000
0.000000
0.000000
0.000000
0.000000
0.000000
0.000000
0.000000
0.000000
0.000000
0.000000
0.000000
0.000000
0.000000
0.000000
0.000000
0.000000
0.000000
0.000000
0.000000
0.000000
0.000000
0.000000
0.000000
0.000000
0.000000
0.000000
0.000000
0.000000
0.000000
