0.000000
0.000000
0.000000
0.000000
0.000000
0.000000
0.000000
0.000000
0.000000
0.000000
0.000000
0.000000
0.000000
0.000000
0.000000
0.000000
0.000000
0.000000
0.000000
0.000000
0.000000
0.000000
0.000000
0.000000
0.000000
0.000000
0.000000
0.000000
0.000000
0.000000
0.000000
0.000000
0.003922
0.015686
0.015686
0.019608
0.019608
0.019608
0.019608
0.019608
0.019608
0.019608
0.019608
0.019608
0.019608
0.019608
0.019608
0.019608
0.015686
0.011765
0.000000
0.000000
0.000000
0.000000
0.000000
0.000000
0.000000
0.000000
0.000000
0.000000
0.000000
0.000000
0.000000
0.000000
0.000000
0.000000
0.000000
0.000000
0.000000
0.000000
0.000000
0.000000
0.000000
0.000000
0.000000
0.000000
0.000000
0.000000
0.000000
0.000000
0.000000
0.000000
0.000000
0.000000
0.000000
0.000000
0.003922
0.000000
0.023529
0.164706
0.200000
0.215686
0.227451
0.231373
0.235294
0.231373
0.223529
0.219608
0.219608
0.215686
0.215686
0.227451
0.227451
0.211765
0.200000
0.137255
0.000000
0.000000
0.003922
0.000000
0.000000
0.000000
0.000000
0.000000
0.015686
0.000000
0.078431
0.556863
0.674510
0.717647
0.756863
0.772549
0.780392
0.764706
0.737255
0.725490
0.725490
0.721569
0.729412
0.768627
0.768627
0.725490
0.682353
0.470588
0.003922
0.000000
0.007843
0.000000
0.000000
0.000000
0.000000
0.000000
0.015686
0.000000
0.086275
0.607843
0.733333
0.784314
0.815686
0.819608
0.823529
0.803922
0.780392
0.764706
0.768627
0.784314
0.800000
0.843137
0.850980
0.807843
0.768627
0.529412
0.007843
0.000000
0.007843
0.000000
0.000000
0.000000
0.000000
0.000000
0.019608
0.000000
0.098039
0.666667
0.811765
0.878431
0.909804
0.890196
0.878431
0.850980
0.827451
0.819608
0.831373
0.858824
0.882353
0.921569
0.941176
0.917647
0.890196
0.615686
0.007843
0.000000
0.011765
0.000000
0.000000
0.000000
0.000000
0.000000
0.019608
0.000000
0.098039
0.690196
0.854902
0.937255
0.956863
0.913725
0.882353
0.850980
0.831373
0.831373
0.850980
0.882353
0.913725
0.952941
0.980392
0.984314
0.976471
0.674510
0.007843
0.000000
0.011765
0.000000
0.000000
0.000000
0.000000
0.000000
0.019608
0.000000
0.098039
0.678431
0.858824
0.952941
0.956863
0.890196
0.847059
0.819608
0.803922
0.807843
0.831373
0.862745
0.894118
0.933333
0.976471
1.000000
1.000000
0.694118
0.007843
0.000000
0.011765
0.000000
0.000000
0.000000
0.000000
0.000000
0.019608
0.000000
0.094118
0.650980
0.850980
0.952941
0.949020
0.870588
0.819608
0.792157
0.792157
0.796078
0.807843
0.835294
0.866667
0.898039
0.968627
1.000000
1.000000
0.690196
0.007843
0.000000
0.011765
0.000000
0.000000
0.000000
0.000000
0.000000
0.019608
0.000000
0.090196
0.639216
0.847059
0.960784
0.956863
0.866667
0.827451
0.807843
0.796078
0.800000
0.815686
0.843137
0.862745
0.878431
0.960784
1.000000
1.000000
0.686275
0.007843
0.000000
0.011765
0.000000
0.000000
0.000000
0.000000
0.000000
0.019608
0.000000
0.090196
0.639216
0.835294
0.976471
0.945098
0.843137
0.850980
0.854902
0.792157
0.772549
0.835294
0.870588
0.843137
0.878431
0.952941
1.000000
1.000000
0.686275
0.007843
0.000000
0.011765
0.000000
0.000000
0.000000
0.000000
0.000000
0.015686
0.000000
0.086275
0.635294
0.831373
0.976471
0.949020
0.839216
0.850980
0.850980
0.792157
0.772549
0.827451
0.858824
0.827451
0.862745
0.933333
0.992157
0.996078
0.682353
0.007843
0.000000
0.011765
0.000000
0.000000
0.000000
0.000000
0.000000
0.015686
0.000000
0.086275
0.627451
0.835294
0.976471
0.952941
0.847059
0.843137
0.839216
0.796078
0.772549
0.811765
0.839216
0.815686
0.843137
0.917647
0.980392
0.996078
0.682353
0.007843
0.000000
0.011765
0.000000
0.000000
0.000000
0.000000
0.000000
0.015686
0.000000
0.086275
0.627451
0.850980
0.984314
0.956863
0.854902
0.839216
0.835294
0.796078
0.780392
0.807843
0.827451
0.807843
0.835294
0.905882
0.972549
0.996078
0.690196
0.007843
0.000000
0.011765
0.000000
0.000000
0.000000
0.000000
0.000000
0.015686
0.000000
0.086275
0.631373
0.858824
0.976471
0.949020
0.847059
0.823529
0.823529
0.796078
0.784314
0.807843
0.815686
0.807843
0.827451
0.894118
0.964706
1.000000
0.701961
0.007843
0.000000
0.011765
0.000000
0.000000
0.000000
0.000000
0.000000
0.015686
0.000000
0.086275
0.623529
0.850980
0.960784
0.933333
0.839216
0.800000
0.792157
0.788235
0.780392
0.792157
0.800000
0.803922
0.819608
0.886275
0.956863
1.000000
0.709804
0.007843
0.000000
0.011765
0.000000
0.000000
0.000000
0.000000
0.000000
0.015686
0.000000
0.082353
0.611765
0.831373
0.949020
0.933333
0.835294
0.780392
0.768627
0.772549
0.776471
0.776471
0.784314
0.803922
0.819608
0.886275
0.956863
1.000000
0.717647
0.007843
0.000000
0.011765
0.000000
0.000000
0.000000
0.000000
0.000000
0.015686
0.000000
0.086275
0.615686
0.831373
0.956863
0.949020
0.847059
0.780392
0.760784
0.780392
0.784314
0.780392
0.784314
0.815686
0.847059
0.905882
0.968627
1.000000
0.721569
0.007843
0.000000
0.011765
0.000000
0.000000
0.000000
0.000000
0.000000
0.015686
0.000000
0.090196
0.631373
0.847059
0.968627
0.972549
0.878431
0.792157
0.768627
0.792157
0.796078
0.784314
0.784314
0.827451
0.890196
0.949020
0.988235
1.000000
0.733333
0.007843
0.000000
0.011765
0.000000
0.000000
0.000000
0.000000
0.000000
0.019608
0.000000
0.090196
0.654902
0.874510
0.984314
0.988235
0.901961
0.819608
0.784314
0.800000
0.815686
0.815686
0.819608
0.847059
0.921569
0.980392
0.992157
1.000000
0.721569
0.007843
0.000000
0.011765
0.000000
0.000000
0.000000
0.000000
0.000000
0.019608
0.000000
0.090196
0.631373
0.835294
0.949020
0.956863
0.886275
0.839216
0.819608
0.823529
0.847059
0.866667
0.858824
0.850980
0.898039
0.933333
0.941176
0.937255
0.654902
0.007843
0.000000
0.011765
0.000000
0.000000
0.000000
0.000000
0.000000
0.015686
0.000000
0.074510
0.529412
0.694118
0.803922
0.835294
0.800000
0.800000
0.823529
0.858824
0.878431
0.862745
0.827451
0.800000
0.792157
0.803922
0.792157
0.780392
0.549020
0.007843
0.000000
0.011765
0.000000
0.000000
0.000000
0.000000
0.000000
0.011765
0.000000
0.066667
0.447059
0.556863
0.647059
0.690196
0.690196
0.733333
0.784314
0.835294
0.850980
0.823529
0.776471
0.729412
0.682353
0.666667
0.639216
0.619608
0.435294
0.003922
0.000000
0.007843
0.000000
0.000000
0.000000
0.000000
0.000000
0.003922
0.000000
0.019608
0.129412
0.156863
0.180392
0.192157
0.200000
0.215686
0.235294
0.250980
0.254902
0.247059
0.231373
0.215686
0.196078
0.188235
0.176471
0.172549
0.121569
0.000000
0.000000
0.003922
0.000000
0.000000
0.000000
0.000000
0.000000
0.000000
0.000000
0.000000
0.000000
0.000000
0.000000
0.000000
0.000000
0.000000
0.000000
0.000000
0.000000
0.000000
0.000000
0.000000
0.000000
0.000000
0.000000
0.000000
0.000000
0.000000
0.000000
0.000000
0.000000
0.000000
0.000000
0.000000
0.000000
0.000000
0.000000
0.000000
0.011765
0.015686
0.015686
0.015686
0.015686
0.019608
0.019608
0.023529
0.023529
0.019608
0.019608
0.019608
0.015686
0.015686
0.015686
0.015686
0.011765
0.000000
0.000000
0.000000
0.000000
0.000000
0.000000
0.000000
0.000000
0.000000
0.000000
0.000000
0.000000
0.000000
0.000000
0.000000
0.000000
0.000000
0.000000
0.000000
0.000000
0.000000
0.000000
0.000000
0.000000
0.000000
0.000000
0.000000
0.000000
0.000000
0.000000
0.000000
0.000000
0.000000
0.000000
