0.000000
0.000000
0.000000
0.000000
0.000000
0.000000
0.000000
0.000000
0.000000
0.000000
0.000000
0.000000
0.000000
0.000000
0.000000
0.000000
0.000000
0.000000
0.000000
0.000000
0.000000
0.000000
0.000000
0.000000
0.000000
0.000000
0.000000
0.000000
0.000000
0.000000
0.000000
0.000000
0.000000
0.015686
0.023529
0.023529
0.023529
0.015686
0.019608
0.019608
0.023529
0.023529
0.019608
0.023529
0.023529
0.023529
0.023529
0.023529
0.023529
0.023529
0.015686
0.000000
0.000000
0.000000
0.000000
0.000000
0.000000
0.000000
0.000000
0.000000
0.000000
0.000000
0.000000
0.000000
0.000000
0.000000
0.000000
0.000000
0.000000
0.000000
0.000000
0.000000
0.000000
0.000000
0.000000
0.000000
0.000000
0.000000
0.000000
0.000000
0.000000
0.000000
0.000000
0.000000
0.000000
0.000000
0.003922
0.000000
0.003922
0.101961
0.156863
0.164706
0.152941
0.113725
0.125490
0.141176
0.149020
0.152941
0.160784
0.168627
0.172549
0.172549
0.168627
0.176471
0.176471
0.172549
0.117647
0.003922
0.000000
0.003922
0.000000
0.000000
0.000000
0.000000
0.011765
0.000000
0.011765
0.517647
0.768627
0.803922
0.768627
0.623529
0.654902
0.749020
0.796078
0.784314
0.752941
0.772549
0.831373
0.858824
0.850980
0.866667
0.882353
0.886275
0.600000
0.015686
0.000000
0.015686
0.000000
0.000000
0.000000
0.000000
0.015686
0.000000
0.015686
0.580392
0.811765
0.827451
0.854902
0.811765
0.811765
0.909804
0.976471
0.878431
0.694118
0.674510
0.827451
0.945098
0.933333
0.921569
0.984314
1.000000
0.670588
0.015686
0.000000
0.019608
0.000000
0.000000
0.000000
0.000000
0.015686
0.000000
0.011765
0.533333
0.741176
0.745098
0.807843
0.827451
0.811765
0.866667
0.898039
0.780392
0.600000
0.607843
0.788235
0.917647
0.901961
0.870588
0.949020
0.996078
0.658823
0.015686
0.000000
0.019608
0.000000
0.000000
0.000000
0.000000
0.015686
0.000000
0.011765
0.537255
0.760784
0.764706
0.819608
0.815686
0.800000
0.803922
0.780392
0.686275
0.607843
0.674510
0.827451
0.917647
0.898039
0.874510
0.949020
0.996078
0.666667
0.015686
0.000000
0.019608
0.000000
0.000000
0.000000
0.000000
0.015686
0.000000
0.015686
0.611765
0.854902
0.850980
0.874510
0.807843
0.792157
0.780392
0.737255
0.686275
0.670588
0.745098
0.847059
0.898039
0.894118
0.886275
0.964706
1.000000
0.662745
0.015686
0.000000
0.019608
0.000000
0.000000
0.000000
0.000000
0.019608
0.000000
0.019608
0.694118
0.956863
0.925490
0.894118
0.764706
0.760784
0.776471
0.764706
0.776471
0.800000
0.823529
0.847059
0.870588
0.894118
0.898039
0.964706
0.996078
0.650980
0.015686
0.000000
0.019608
0.000000
0.000000
0.000000
0.000000
0.019608
0.000000
0.019608
0.741176
0.996078
0.921569
0.854902
0.725490
0.741176
0.788235
0.827451
0.882353
0.901961
0.854902
0.807843
0.827451
0.886275
0.882353
0.937255
0.980392
0.643137
0.015686
0.000000
0.015686
0.000000
0.000000
0.000000
0.000000
0.019608
0.000000
0.019608
0.752941
1.000000
0.898039
0.819608
0.745098
0.772549
0.831373
0.898039
0.949020
0.921569
0.807843
0.713725
0.733333
0.815686
0.827451
0.898039
0.952941
0.639216
0.015686
0.000000
0.015686
0.000000
0.000000
0.000000
0.000000
0.019608
0.000000
0.019608
0.733333
0.996078
0.886275
0.807843
0.784314
0.819608
0.878431
0.941176
0.952941
0.882353
0.741176
0.643137
0.650980
0.721569
0.772549
0.862745
0.925490
0.631373
0.015686
0.000000
0.015686
0.000000
0.000000
0.000000
0.000000
0.019608
0.000000
0.019608
0.682353
0.952941
0.862745
0.788235
0.760784
0.807843
0.894118
0.949020
0.933333
0.847059
0.737255
0.674510
0.658823
0.678431
0.749020
0.847059
0.898039
0.607843
0.015686
0.000000
0.015686
0.000000
0.000000
0.000000
0.000000
0.015686
0.000000
0.015686
0.611765
0.874510
0.815686
0.737255
0.678431
0.749020
0.866667
0.929412
0.909804
0.839216
0.784314
0.764706
0.729412
0.701961
0.760784
0.843137
0.878431
0.580392
0.015686
0.000000
0.015686
0.000000
0.000000
0.000000
0.000000
0.015686
0.000000
0.015686
0.592157
0.870588
0.823529
0.729412
0.647059
0.635294
0.713725
0.815686
0.874510
0.886275
0.862745
0.792157
0.737255
0.749020
0.839216
0.917647
0.945098
0.631373
0.015686
0.000000
0.015686
0.000000
0.000000
0.000000
0.000000
0.015686
0.000000
0.015686
0.623529
0.913725
0.874510
0.780392
0.635294
0.584314
0.635294
0.733333
0.803922
0.839216
0.819608
0.745098
0.690196
0.745098
0.870588
0.941176
0.941176
0.623529
0.015686
0.000000
0.015686
0.000000
0.000000
0.000000
0.000000
0.019608
0.000000
0.015686
0.678431
0.929412
0.850980
0.784314
0.670588
0.658823
0.721569
0.768627
0.768627
0.760784
0.756863
0.725490
0.698039
0.733333
0.807843
0.850980
0.850980
0.564706
0.015686
0.000000
0.015686
0.000000
0.000000
0.000000
0.000000
0.019608
0.000000
0.019608
0.737255
0.917647
0.749020
0.725490
0.752941
0.780392
0.843137
0.866667
0.819608
0.792157
0.803922
0.784314
0.749020
0.756863
0.749020
0.784314
0.823529
0.560784
0.015686
0.000000
0.015686
0.000000
0.000000
0.000000
0.000000
0.019608
0.000000
0.019608
0.772549
0.933333
0.752941
0.756863
0.784314
0.839216
0.929412
0.941176
0.862745
0.827451
0.847059
0.823529
0.749020
0.729412
0.815686
0.890196
0.913725
0.611765
0.015686
0.000000
0.015686
0.000000
0.000000
0.000000
0.000000
0.019608
0.000000
0.019608
0.733333
0.866667
0.670588
0.705882
0.807843
0.878431
0.956863
0.968627
0.890196
0.858824
0.886275
0.854902
0.752941
0.698039
0.764706
0.870588
0.933333
0.639216
0.015686
0.000000
0.015686
0.000000
0.000000
0.000000
0.000000
0.019608
0.000000
0.019608
0.674510
0.811765
0.662745
0.701961
0.784314
0.831373
0.886275
0.886275
0.823529
0.811765
0.847059
0.815686
0.717647
0.658823
0.686275
0.807843
0.909804
0.639216
0.015686
0.000000
0.015686
0.000000
0.000000
0.000000
0.000000
0.015686
0.000000
0.015686
0.635294
0.870588
0.862745
0.913725
0.890196
0.886275
0.913725
0.913725
0.870588
0.878431
0.917647
0.898039
0.831373
0.807843
0.835294
0.898039
0.925490
0.611765
0.015686
0.000000
0.015686
0.000000
0.000000
0.000000
0.000000
0.011765
0.000000
0.011765
0.498039
0.815686
0.937255
1.000000
1.000000
0.980392
0.984314
0.988235
0.968627
0.984314
1.000000
1.000000
0.988235
0.996078
0.964706
0.917647
0.803922
0.466667
0.011765
0.000000
0.011765
0.000000
0.000000
0.000000
0.000000
0.003922
0.000000
0.003922
0.094118
0.164706
0.200000
0.219608
0.219608
0.211765
0.211765
0.211765
0.207843
0.211765
0.215686
0.215686
0.215686
0.219608
0.211765
0.192157
0.156863
0.086275
0.003922
0.000000
0.003922
0.000000
0.000000
0.000000
0.000000
0.000000
0.000000
0.000000
0.000000
0.000000
0.000000
0.000000
0.000000
0.000000
0.000000
0.000000
0.000000
0.000000
0.000000
0.000000
0.000000
0.000000
0.000000
0.000000
0.000000
0.000000
0.000000
0.000000
0.000000
0.000000
0.000000
0.000000
0.000000
0.000000
0.000000
0.000000
0.015686
0.023529
0.027451
0.027451
0.027451
0.027451
0.027451
0.027451
0.027451
0.027451
0.027451
0.027451
0.027451
0.027451
0.027451
0.027451
0.023529
0.011765
0.000000
0.000000
0.000000
0.000000
0.000000
0.000000
0.000000
0.000000
0.000000
0.000000
0.000000
0.000000
0.000000
0.000000
0.000000
0.000000
0.000000
0.000000
0.000000
0.000000
0.000000
0.000000
0.000000
0.000000
0.000000
0.000000
0.000000
0.000000
0.000000
0.000000
0.000000
0.000000
0.000000
