0.000000
0.000000
0.000000
0.000000
0.000000
0.000000
0.000000
0.000000
0.000000
0.000000
0.000000
0.000000
0.000000
0.000000
0.000000
0.000000
0.000000
0.000000
0.000000
0.000000
0.000000
0.000000
0.000000
0.000000
0.000000
0.000000
0.000000
0.000000
0.000000
0.000000
0.000000
0.000000
0.000000
0.007843
0.011765
0.015686
0.015686
0.015686
0.015686
0.015686
0.015686
0.015686
0.015686
0.015686
0.015686
0.015686
0.015686
0.015686
0.015686
0.011765
0.007843
0.000000
0.000000
0.000000
0.000000
0.000000
0.000000
0.000000
0.000000
0.000000
0.000000
0.000000
0.000000
0.000000
0.000000
0.000000
0.000000
0.000000
0.000000
0.000000
0.000000
0.000000
0.000000
0.000000
0.000000
0.000000
0.000000
0.000000
0.000000
0.000000
0.000000
0.000000
0.000000
0.000000
0.000000
0.000000
0.003922
0.000000
0.007843
0.058824
0.098039
0.152941
0.168627
0.156863
0.160784
0.168627
0.168627
0.160784
0.156863
0.164706
0.172549
0.176471
0.180392
0.176471
0.141176
0.086275
0.039216
0.003922
0.000000
0.000000
0.000000
0.000000
0.000000
0.000000
0.007843
0.000000
0.035294
0.298039
0.486274
0.654902
0.694118
0.658823
0.678431
0.705882
0.705882
0.682353
0.666667
0.686275
0.713725
0.721569
0.725490
0.721569
0.654902
0.517647
0.301961
0.039216
0.000000
0.011765
0.000000
0.000000
0.000000
0.000000
0.015686
0.000000
0.070588
0.549020
0.835294
0.964706
0.968627
0.949020
0.964706
0.988235
0.988235
0.968627
0.952941
0.968627
0.996078
0.992157
0.972549
0.976471
1.000000
0.972549
0.682353
0.090196
0.000000
0.019608
0.000000
0.000000
0.000000
0.000000
0.023529
0.000000
0.109804
0.776471
0.996078
0.996078
0.956863
0.949020
0.949020
0.960784
0.960784
0.949020
0.941176
0.941176
0.952941
0.960784
0.941176
0.917647
0.933333
0.996078
0.894118
0.133333
0.000000
0.023529
0.000000
0.000000
0.000000
0.000000
0.019608
0.000000
0.109804
0.772549
0.996078
0.988235
0.949020
0.941176
0.937255
0.941176
0.945098
0.937255
0.933333
0.929412
0.933333
0.941176
0.925490
0.890196
0.894118
0.972549
0.925490
0.141176
0.000000
0.027451
0.000000
0.000000
0.000000
0.000000
0.019608
0.000000
0.094118
0.705882
0.964706
1.000000
0.980392
0.968627
0.964706
0.976471
0.980392
0.968627
0.960784
0.960784
0.968627
0.968627
0.945098
0.913725
0.917647
0.988235
0.917647
0.141176
0.000000
0.027451
0.000000
0.000000
0.000000
0.000000
0.019608
0.000000
0.094118
0.705882
0.956863
1.000000
0.992157
0.980392
0.976471
0.988235
0.992157
0.984314
0.976471
0.976471
0.984314
0.984314
0.952941
0.917647
0.925490
0.992157
0.925490
0.141176
0.000000
0.027451
0.000000
0.000000
0.000000
0.000000
0.019608
0.000000
0.098039
0.709804
0.941176
0.996078
0.996078
0.988235
0.984314
0.992157
0.996078
0.992157
0.984314
0.984314
0.992157
0.992157
0.960784
0.921569
0.925490
0.996078
0.929412
0.141176
0.000000
0.027451
0.000000
0.000000
0.000000
0.000000
0.019608
0.000000
0.094118
0.690196
0.917647
0.992157
0.996078
0.976471
0.976471
0.988235
0.992157
0.988235
0.980392
0.980392
0.988235
0.992157
0.960784
0.921569
0.921569
0.996078
0.929412
0.141176
0.000000
0.027451
0.000000
0.000000
0.000000
0.000000
0.019608
0.000000
0.090196
0.674510
0.921569
0.996078
0.988235
0.968627
0.968627
0.980392
0.988235
0.984314
0.976471
0.976471
0.984314
0.992157
0.960784
0.913725
0.913725
0.992157
0.929412
0.141176
0.000000
0.027451
0.000000
0.000000
0.000000
0.000000
0.019608
0.000000
0.090196
0.666667
0.933333
0.996078
0.988235
0.968627
0.968627
0.976471
0.988235
0.984314
0.976471
0.976471
0.984314
0.996078
0.960784
0.913725
0.913725
0.992157
0.929412
0.141176
0.000000
0.027451
0.000000
0.000000
0.000000
0.000000
0.019608
0.000000
0.090196
0.658823
0.909804
0.992157
0.992157
0.968627
0.972549
0.984314
0.992157
0.988235
0.980392
0.980392
0.992157
0.996078
0.956863
0.913725
0.913725
0.992157
0.933333
0.141176
0.000000
0.027451
0.000000
0.000000
0.000000
0.000000
0.019608
0.000000
0.090196
0.654902
0.901961
0.992157
0.996078
0.972549
0.972549
0.984314
0.988235
0.992157
0.984314
0.984314
0.992157
1.000000
0.964706
0.913725
0.913725
0.996078
0.949020
0.145098
0.000000
0.027451
0.000000
0.000000
0.000000
0.000000
0.019608
0.000000
0.082353
0.639216
0.933333
1.000000
0.988235
0.972549
0.968627
0.968627
0.976471
0.984314
0.988235
0.988235
0.984314
0.992157
0.976471
0.905882
0.913725
1.000000
0.956863
0.145098
0.000000
0.027451
0.000000
0.000000
0.000000
0.000000
0.015686
0.000000
0.078431
0.607843
0.894118
0.976471
0.976471
0.964706
0.960784
0.960784
0.972549
0.984314
0.992157
0.992157
0.984314
0.945098
0.945098
0.901961
0.894118
0.988235
0.913725
0.137255
0.000000
0.023529
0.000000
0.000000
0.000000
0.000000
0.019608
0.000000
0.090196
0.678431
0.941176
0.996078
0.992157
0.984314
0.980392
0.984314
0.992157
1.000000
1.000000
1.000000
1.000000
0.980392
0.988235
0.945098
0.917647
1.000000
0.933333
0.141176
0.000000
0.027451
0.000000
0.000000
0.000000
0.000000
0.019608
0.000000
0.094118
0.694118
0.909804
0.976471
0.988235
0.976471
0.972549
0.968627
0.968627
0.972549
0.968627
0.968627
0.968627
0.980392
0.980392
0.909804
0.878431
0.984314
0.952941
0.145098
0.000000
0.027451
0.000000
0.000000
0.000000
0.000000
0.019608
0.000000
0.098039
0.686275
0.890196
0.933333
0.933333
0.925490
0.917647
0.909804
0.901961
0.901961
0.901961
0.901961
0.905882
0.929412
0.921569
0.843137
0.835294
0.976471
0.941176
0.145098
0.000000
0.027451
0.000000
0.000000
0.000000
0.000000
0.019608
0.000000
0.101961
0.741176
0.984314
0.964706
0.925490
0.937255
0.929412
0.921569
0.921569
0.917647
0.917647
0.921569
0.929412
0.945098
0.941176
0.894118
0.913725
1.000000
0.898039
0.133333
0.000000
0.023529
0.000000
0.000000
0.000000
0.000000
0.019608
0.000000
0.090196
0.678431
0.933333
0.972549
0.956863
0.968627
0.968627
0.968627
0.972549
0.976471
0.984314
0.996078
0.996078
0.980392
0.992157
0.984314
0.984314
0.972549
0.749020
0.101961
0.000000
0.019608
0.000000
0.000000
0.000000
0.000000
0.011765
0.000000
0.047059
0.364706
0.541176
0.631373
0.654902
0.654902
0.666667
0.670588
0.670588
0.678431
0.698039
0.709804
0.729412
0.776471
0.815686
0.827451
0.803922
0.690196
0.431373
0.050980
0.000000
0.011765
0.000000
0.000000
0.000000
0.000000
0.000000
0.000000
0.007843
0.062745
0.105882
0.137255
0.149020
0.149020
0.152941
0.152941
0.152941
0.156863
0.164706
0.168627
0.176471
0.203922
0.219608
0.223529
0.211765
0.168627
0.086275
0.007843
0.000000
0.000000
0.000000
0.000000
0.000000
0.000000
0.000000
0.000000
0.000000
0.000000
0.000000
0.000000
0.000000
0.000000
0.000000
0.000000
0.000000
0.000000
0.000000
0.000000
0.000000
0.000000
0.000000
0.000000
0.000000
0.000000
0.000000
0.000000
0.000000
0.000000
0.000000
0.000000
0.000000
0.000000
0.000000
0.000000
0.000000
0.007843
0.011765
0.015686
0.015686
0.015686
0.015686
0.015686
0.015686
0.015686
0.015686
0.015686
0.015686
0.019608
0.019608
0.019608
0.019608
0.015686
0.011765
0.000000
0.000000
0.000000
0.000000
0.000000
0.000000
0.000000
0.000000
0.000000
0.000000
0.000000
0.000000
0.000000
0.000000
0.000000
0.000000
0.000000
0.000000
0.000000
0.000000
0.000000
0.000000
0.000000
0.000000
0.000000
0.000000
0.000000
0.000000
0.000000
0.000000
0.000000
0.000000
0.000000
