0.000000
0.000000
0.000000
0.000000
0.000000
0.000000
0.000000
0.000000
0.000000
0.000000
0.000000
0.000000
0.000000
0.000000
0.000000
0.000000
0.000000
0.000000
0.000000
0.000000
0.000000
0.000000
0.000000
0.000000
0.000000
0.000000
0.000000
0.000000
0.000000
0.000000
0.000000
0.000000
0.000000
0.003922
0.011765
0.015686
0.015686
0.015686
0.015686
0.015686
0.015686
0.015686
0.015686
0.015686
0.015686
0.015686
0.011765
0.011765
0.007843
0.000000
0.000000
0.000000
0.000000
0.000000
0.000000
0.000000
0.000000
0.000000
0.000000
0.000000
0.000000
0.000000
0.000000
0.000000
0.000000
0.000000
0.000000
0.000000
0.000000
0.000000
0.000000
0.000000
0.000000
0.000000
0.000000
0.000000
0.000000
0.000000
0.000000
0.000000
0.000000
0.000000
0.000000
0.000000
0.000000
0.000000
0.000000
0.007843
0.000000
0.035294
0.227451
0.247059
0.262745
0.262745
0.274510
0.286274
0.294118
0.294118
0.294118
0.286274
0.274510
0.258824
0.239216
0.219608
0.168627
0.007843
0.000000
0.000000
0.000000
0.000000
0.000000
0.000000
0.000000
0.000000
0.000000
0.011765
0.000000
0.086275
0.552941
0.615686
0.650980
0.674510
0.705882
0.733333
0.745098
0.745098
0.733333
0.717647
0.682353
0.639216
0.584314
0.541176
0.415686
0.019608
0.000000
0.003922
0.000000
0.000000
0.000000
0.000000
0.000000
0.000000
0.000000
0.011765
0.000000
0.090196
0.580392
0.662745
0.709804
0.768627
0.807843
0.827451
0.835294
0.819608
0.803922
0.792157
0.745098
0.694118
0.627451
0.572549
0.439216
0.019608
0.000000
0.007843
0.000000
0.000000
0.000000
0.000000
0.000000
0.000000
0.000000
0.015686
0.000000
0.101961
0.658823
0.756863
0.819608
0.894118
0.941176
0.956863
0.956863
0.937255
0.921569
0.913725
0.866667
0.811765
0.729412
0.654902
0.498039
0.023529
0.000000
0.007843
0.000000
0.000000
0.000000
0.000000
0.000000
0.000000
0.000000
0.015686
0.000000
0.109804
0.698039
0.807843
0.870588
0.945098
0.988235
0.996078
0.996078
0.988235
0.976471
0.968627
0.929412
0.870588
0.780392
0.698039
0.533333
0.027451
0.000000
0.007843
0.000000
0.000000
0.000000
0.000000
0.000000
0.000000
0.000000
0.015686
0.000000
0.101961
0.670588
0.800000
0.898039
0.960784
0.992157
0.992157
0.976471
0.996078
0.988235
0.952941
0.929412
0.890196
0.803922
0.721569
0.545098
0.027451
0.000000
0.007843
0.000000
0.000000
0.000000
0.000000
0.000000
0.000000
0.000000
0.015686
0.000000
0.101961
0.654902
0.780392
0.874510
0.952941
0.992157
0.988235
0.968627
0.992157
0.984314
0.933333
0.917647
0.890196
0.815686
0.733333
0.545098
0.027451
0.000000
0.007843
0.000000
0.000000
0.000000
0.000000
0.000000
0.000000
0.000000
0.015686
0.000000
0.105882
0.674510
0.776471
0.854902
0.933333
0.988235
0.988235
0.976471
0.992157
0.972549
0.913725
0.898039
0.882353
0.815686
0.737255
0.541176
0.023529
0.000000
0.007843
0.000000
0.000000
0.000000
0.000000
0.000000
0.000000
0.000000
0.015686
0.000000
0.109804
0.694118
0.784314
0.847059
0.909804
0.964706
0.980392
0.980392
0.996078
0.960784
0.886275
0.870588
0.870588
0.811765
0.725490
0.525490
0.023529
0.000000
0.007843
0.000000
0.000000
0.000000
0.000000
0.000000
0.000000
0.000000
0.015686
0.000000
0.109804
0.686275
0.772549
0.823529
0.878431
0.933333
0.964706
0.976471
0.996078
0.960784
0.870588
0.850980
0.854902
0.803922
0.705882
0.501961
0.023529
0.000000
0.007843
0.000000
0.000000
0.000000
0.000000
0.000000
0.000000
0.000000
0.015686
0.000000
0.105882
0.666667
0.745098
0.796078
0.847059
0.909804
0.952941
0.972549
0.996078
0.964706
0.870588
0.847059
0.854902
0.807843
0.709804
0.494118
0.023529
0.000000
0.007843
0.000000
0.000000
0.000000
0.000000
0.000000
0.000000
0.000000
0.015686
0.000000
0.105882
0.662745
0.745098
0.796078
0.843137
0.901961
0.941176
0.964706
0.996078
0.972549
0.882353
0.858824
0.874510
0.839216
0.737255
0.505882
0.023529
0.000000
0.007843
0.000000
0.000000
0.000000
0.000000
0.000000
0.000000
0.000000
0.015686
0.000000
0.105882
0.674510
0.760784
0.815686
0.862745
0.909804
0.937255
0.956863
0.996078
0.976471
0.894118
0.882353
0.917647
0.886275
0.780392
0.537255
0.023529
0.000000
0.007843
0.000000
0.000000
0.000000
0.000000
0.000000
0.000000
0.000000
0.015686
0.000000
0.105882
0.674510
0.768627
0.831373
0.886275
0.933333
0.941176
0.952941
1.000000
0.980392
0.905882
0.909804
0.956863
0.925490
0.800000
0.556863
0.027451
0.000000
0.007843
0.000000
0.000000
0.000000
0.000000
0.000000
0.000000
0.000000
0.015686
0.000000
0.105882
0.666667
0.768627
0.839216
0.898039
0.933333
0.937255
0.956863
0.984314
0.968627
0.921569
0.929412
0.976471
0.960784
0.839216
0.576471
0.027451
0.000000
0.007843
0.000000
0.000000
0.000000
0.000000
0.000000
0.000000
0.000000
0.015686
0.000000
0.101961
0.650980
0.764706
0.835294
0.913725
0.949020
0.960784
0.980392
0.980392
0.976471
0.960784
0.960784
0.988235
0.984314
0.878431
0.592157
0.027451
0.000000
0.007843
0.000000
0.000000
0.000000
0.000000
0.000000
0.000000
0.000000
0.015686
0.000000
0.098039
0.643137
0.760784
0.827451
0.917647
0.964706
0.976471
0.996078
0.996078
0.992157
0.972549
0.968627
0.988235
0.984314
0.890196
0.600000
0.027451
0.000000
0.007843
0.000000
0.000000
0.000000
0.000000
0.000000
0.000000
0.000000
0.015686
0.000000
0.098039
0.631373
0.749020
0.827451
0.878431
0.905882
0.937255
0.976471
0.984314
0.960784
0.933333
0.933333
0.972549
0.984314
0.905882
0.607843
0.027451
0.000000
0.007843
0.000000
0.000000
0.000000
0.000000
0.000000
0.000000
0.000000
0.011765
0.000000
0.090196
0.592157
0.709804
0.788235
0.850980
0.878431
0.913725
0.949020
0.956863
0.937255
0.921569
0.933333
0.984314
0.980392
0.882353
0.603922
0.027451
0.000000
0.007843
0.000000
0.000000
0.000000
0.000000
0.000000
0.000000
0.000000
0.011765
0.000000
0.078431
0.521569
0.627451
0.698039
0.772549
0.807843
0.823529
0.847059
0.847059
0.831373
0.819608
0.847059
0.913725
0.905882
0.803922
0.560784
0.027451
0.000000
0.007843
0.000000
0.000000
0.000000
0.000000
0.000000
0.000000
0.000000
0.011765
0.000000
0.082353
0.529412
0.627451
0.701961
0.741176
0.745098
0.749020
0.749020
0.737255
0.713725
0.705882
0.733333
0.796078
0.819608
0.772549
0.556863
0.027451
0.000000
0.007843
0.000000
0.000000
0.000000
0.000000
0.000000
0.000000
0.000000
0.003922
0.000000
0.035294
0.227451
0.266667
0.298039
0.301961
0.294118
0.294118
0.290196
0.282353
0.270588
0.266667
0.278431
0.298039
0.317647
0.317647
0.231373
0.011765
0.000000
0.003922
0.000000
0.000000
0.000000
0.000000
0.000000
0.000000
0.000000
0.000000
0.000000
0.000000
0.000000
0.000000
0.000000
0.000000
0.000000
0.000000
0.000000
0.000000
0.000000
0.000000
0.000000
0.000000
0.000000
0.000000
0.000000
0.000000
0.000000
0.000000
0.000000
0.000000
0.000000
0.000000
0.000000
0.000000
0.000000
0.000000
0.000000
0.000000
0.011765
0.015686
0.015686
0.015686
0.015686
0.015686
0.015686
0.015686
0.015686
0.015686
0.015686
0.015686
0.019608
0.019608
0.011765
0.000000
0.000000
0.000000
0.000000
0.000000
0.000000
0.000000
0.000000
0.000000
0.000000
0.000000
0.000000
0.000000
0.000000
0.000000
0.000000
0.000000
0.000000
0.000000
0.000000
0.000000
0.000000
0.000000
0.000000
0.000000
0.000000
0.000000
0.000000
0.000000
0.000000
0.000000
0.000000
0.000000
0.000000
0.000000
