0.000000
0.000000
0.000000
0.000000
0.000000
0.000000
0.000000
0.000000
0.000000
0.000000
0.000000
0.000000
0.000000
0.000000
0.000000
0.000000
0.000000
0.000000
0.000000
0.000000
0.000000
0.000000
0.000000
0.000000
0.000000
0.000000
0.000000
0.000000
0.000000
0.000000
0.000000
0.000000
0.000000
0.000000
0.000000
0.000000
0.000000
0.000000
0.067460
0.103175
0.115079
0.119048
0.111111
0.103175
0.091270
0.019841
0.000000
0.000000
0.000000
0.000000
0.000000
0.000000
0.000000
0.000000
0.000000
0.000000
0.000000
0.000000
0.000000
0.000000
0.000000
0.000000
0.000000
0.000000
0.003968
0.000000
0.388889
0.583333
0.646825
0.666667
0.634921
0.579365
0.511905
0.115079
0.000000
0.007937
0.000000
0.000000
0.000000
0.000000
0.000000
0.000000
0.000000
0.000000
0.000000
0.000000
0.000000
0.000000
0.000000
0.000000
0.000000
0.000000
0.003968
0.000000
0.428571
0.642857
0.710317
0.738095
0.682540
0.599206
0.539683
0.123016
0.000000
0.007937
0.000000
0.000000
0.000000
0.000000
0.000000
0.000000
0.000000
0.000000
0.000000
0.000000
0.000000
0.000000
0.000000
0.000000
0.000000
0.000000
0.003968
0.000000
0.496032
0.777778
0.857143
0.896825
0.825397
0.698413
0.638889
0.146825
0.000000
0.007937
0.000000
0.000000
0.000000
0.000000
0.000000
0.000000
0.000000
0.000000
0.000000
0.000000
0.000000
0.000000
0.000000
0.000000
0.000000
0.000000
0.003968
0.000000
0.555556
0.896825
0.980159
1.000000
0.956349
0.821429
0.734127
0.170635
0.000000
0.007937
0.000000
0.000000
0.000000
0.000000
0.000000
0.000000
0.000000
0.000000
0.000000
0.000000
0.000000
0.000000
0.000000
0.000000
0.000000
0.000000
0.003968
0.000000
0.567460
0.888889
0.964286
0.988095
0.952381
0.813492
0.738095
0.170635
0.000000
0.007937
0.000000
0.000000
0.000000
0.000000
0.000000
0.000000
0.000000
0.000000
0.000000
0.000000
0.000000
0.000000
0.000000
0.000000
0.000000
0.000000
0.003968
0.000000
0.472222
0.690476
0.714286
0.753968
0.706349
0.603175
0.567460
0.138889
0.000000
0.007937
0.000000
0.000000
0.000000
0.000000
0.000000
0.000000
0.000000
0.000000
0.000000
0.000000
0.000000
0.000000
0.000000
0.000000
0.000000
0.000000
0.003968
0.000000
0.361111
0.507936
0.503968
0.507936
0.472222
0.428571
0.424603
0.099206
0.000000
0.003968
0.000000
0.000000
0.000000
0.000000
0.000000
0.000000
0.000000
0.000000
0.000000
0.000000
0.000000
0.000000
0.000000
0.000000
0.000000
0.000000
0.000000
0.000000
0.246032
0.349206
0.369048
0.376984
0.341270
0.293651
0.289683
0.063492
0.000000
0.003968
0.000000
0.000000
0.000000
0.000000
0.000000
0.000000
0.000000
0.000000
0.000000
0.000000
0.000000
0.000000
0.000000
0.000000
0.000000
0.000000
0.000000
0.000000
0.138889
0.182540
0.218254
0.234127
0.194444
0.150794
0.146825
0.035714
0.000000
0.000000
0.000000
0.000000
0.000000
0.000000
0.000000
0.000000
0.000000
0.000000
0.000000
0.000000
0.000000
0.000000
0.000000
0.000000
0.000000
0.000000
0.000000
0.000000
0.051587
0.059524
0.087302
0.083333
0.075397
0.075397
0.083333
0.023810
0.000000
0.000000
0.000000
0.000000
0.000000
0.000000
0.000000
0.000000
0.000000
0.000000
0.000000
0.000000
0.000000
0.000000
0.000000
0.000000
0.000000
0.000000
0.000000
0.000000
0.015873
0.015873
0.023810
0.000000
0.023810
0.027778
0.047619
0.015873
0.000000
0.000000
0.000000
0.000000
0.000000
0.000000
0.000000
0.000000
0.000000
0.000000
0.000000
0.000000
0.000000
0.000000
0.000000
0.000000
0.000000
0.000000
0.000000
0.000000
0.019841
0.019841
0.019841
0.023810
0.035714
0.039683
0.043651
0.015873
0.000000
0.000000
0.000000
0.000000
0.000000
0.000000
0.000000
0.000000
0.000000
0.000000
0.000000
0.000000
0.000000
0.000000
0.000000
0.000000
0.000000
0.000000
0.000000
0.000000
0.035714
0.055556
0.067460
0.091270
0.107143
0.099206
0.099206
0.027778
0.000000
0.000000
0.000000
0.000000
0.000000
0.000000
0.000000
0.000000
0.000000
0.000000
0.000000
0.000000
0.000000
0.000000
0.000000
0.000000
0.000000
0.000000
0.000000
0.000000
0.083333
0.123016
0.150794
0.170635
0.174603
0.150794
0.154762
0.039683
0.000000
0.003968
0.000000
0.000000
0.000000
0.000000
0.000000
0.000000
0.000000
0.000000
0.000000
0.000000
0.000000
0.000000
0.000000
0.000000
0.000000
0.000000
0.000000
0.000000
0.162698
0.226190
0.253968
0.265873
0.261905
0.234127
0.226190
0.055556
0.000000
0.003968
0.000000
0.000000
0.000000
0.000000
0.000000
0.000000
0.000000
0.000000
0.000000
0.000000
0.000000
0.000000
0.000000
0.000000
0.000000
0.000000
0.000000
0.000000
0.261905
0.353175
0.384921
0.408730
0.400794
0.337302
0.305556
0.071429
0.000000
0.003968
0.000000
0.000000
0.000000
0.000000
0.000000
0.000000
0.000000
0.000000
0.000000
0.000000
0.000000
0.000000
0.000000
0.000000
0.000000
0.000000
0.003968
0.000000
0.357143
0.492063
0.519841
0.543651
0.543651
0.464286
0.388889
0.087302
0.000000
0.003968
0.000000
0.000000
0.000000
0.000000
0.000000
0.000000
0.000000
0.000000
0.000000
0.000000
0.000000
0.000000
0.000000
0.000000
0.000000
0.000000
0.003968
0.000000
0.420635
0.583333
0.638889
0.670635
0.623016
0.559524
0.507936
0.115079
0.000000
0.003968
0.000000
0.000000
0.000000
0.000000
0.000000
0.000000
0.000000
0.000000
0.000000
0.000000
0.000000
0.000000
0.000000
0.000000
0.000000
0.000000
0.003968
0.000000
0.484127
0.706349
0.793651
0.829365
0.730159
0.638889
0.603175
0.138889
0.000000
0.007937
0.000000
0.000000
0.000000
0.000000
0.000000
0.000000
0.000000
0.000000
0.000000
0.000000
0.000000
0.000000
0.000000
0.000000
0.000000
0.000000
0.003968
0.000000
0.527778
0.833333
0.940476
0.976191
0.861111
0.718254
0.670635
0.154762
0.000000
0.007937
0.000000
0.000000
0.000000
0.000000
0.000000
0.000000
0.000000
0.000000
0.000000
0.000000
0.000000
0.000000
0.000000
0.000000
0.000000
0.000000
0.003968
0.000000
0.535714
0.865079
0.976191
0.996032
0.888889
0.738095
0.674603
0.150794
0.000000
0.007937
0.000000
0.000000
0.000000
0.000000
0.000000
0.000000
0.000000
0.000000
0.000000
0.000000
0.000000
0.000000
0.000000
0.000000
0.000000
0.000000
0.003968
0.000000
0.500000
0.777778
0.845238
0.857143
0.769841
0.670635
0.607143
0.138889
0.000000
0.007937
0.000000
0.000000
0.000000
0.000000
0.000000
0.000000
0.000000
0.000000
0.000000
0.000000
0.000000
0.000000
0.000000
0.000000
0.000000
0.000000
0.003968
0.000000
0.456349
0.710317
0.726191
0.722222
0.670635
0.583333
0.511905
0.115079
0.000000
0.003968
0.000000
0.000000
0.000000
0.000000
0.000000
0.000000
0.000000
0.000000
0.000000
0.000000
0.000000
0.000000
0.000000
0.000000
0.000000
0.000000
0.003968
0.000000
0.432540
0.674603
0.674603
0.662698
0.607143
0.503968
0.436508
0.099206
0.000000
0.003968
0.000000
0.000000
0.000000
0.000000
0.000000
0.000000
0.000000
0.000000
0.000000
0.000000
0.000000
0.000000
0.000000
0.000000
0.000000
0.000000
0.000000
0.000000
0.075397
0.119048
0.119048
0.115079
0.103175
0.083333
0.075397
0.015873
0.000000
0.000000
0.000000
0.000000
0.000000
0.000000
0.000000
0.000000
0.000000
0.000000
0.000000
0.000000
0.000000
0.000000
0.000000
0.000000
0.000000
0.000000
0.000000
0.000000
0.000000
0.000000
0.000000
0.000000
0.000000
0.000000
0.000000
0.000000
0.000000
0.000000
0.000000
0.000000
0.000000
0.000000
0.000000
0.000000
0.000000
0.000000
