0.000000
0.000000
0.000000
0.000000
0.000000
0.000000
0.000000
0.000000
0.000000
0.000000
0.000000
0.000000
0.000000
0.000000
0.000000
0.000000
0.000000
0.000000
0.000000
0.000000
0.000000
0.000000
0.000000
0.000000
0.000000
0.000000
0.000000
0.000000
0.000000
0.000000
0.000000
0.000000
0.000000
0.003922
0.011765
0.015686
0.019608
0.019608
0.019608
0.019608
0.019608
0.019608
0.019608
0.019608
0.019608
0.019608
0.019608
0.019608
0.019608
0.015686
0.007843
0.000000
0.000000
0.000000
0.000000
0.000000
0.000000
0.000000
0.000000
0.000000
0.000000
0.000000
0.000000
0.000000
0.000000
0.000000
0.000000
0.000000
0.000000
0.000000
0.000000
0.000000
0.000000
0.000000
0.000000
0.000000
0.000000
0.000000
0.000000
0.000000
0.000000
0.000000
0.000000
0.000000
0.000000
0.000000
0.000000
0.000000
0.003922
0.039216
0.101961
0.164706
0.211765
0.215686
0.196078
0.196078
0.211765
0.215686
0.203922
0.207843
0.223529
0.192157
0.188235
0.223529
0.227451
0.164706
0.066667
0.003922
0.000000
0.000000
0.000000
0.000000
0.000000
0.000000
0.003922
0.000000
0.015686
0.196078
0.478431
0.682353
0.796078
0.811765
0.760784
0.764706
0.800000
0.815686
0.788235
0.796078
0.827451
0.756863
0.749020
0.831373
0.843137
0.662745
0.364706
0.039216
0.000000
0.011765
0.000000
0.000000
0.000000
0.000000
0.011765
0.000000
0.035294
0.372549
0.800000
0.964706
0.984314
0.996078
0.988235
0.996078
1.000000
0.996078
0.992157
1.000000
1.000000
0.988235
0.984314
0.996078
0.992157
0.921569
0.701961
0.094118
0.000000
0.019608
0.000000
0.000000
0.000000
0.000000
0.015686
0.000000
0.062745
0.537255
0.960784
1.000000
0.929412
0.913725
0.929412
0.972549
0.964706
0.933333
0.929412
0.925490
0.901961
0.960784
0.949020
0.882353
0.874510
0.992157
0.952941
0.145098
0.000000
0.027451
0.000000
0.000000
0.000000
0.000000
0.015686
0.000000
0.058824
0.525490
0.964706
1.000000
0.949020
0.949020
0.952941
0.968627
0.964706
0.952941
0.952941
0.952941
0.933333
0.956863
0.933333
0.909804
0.909804
0.976471
0.937255
0.145098
0.000000
0.023529
0.000000
0.000000
0.000000
0.000000
0.015686
0.000000
0.054902
0.505882
0.949020
1.000000
0.988235
1.000000
0.996078
0.988235
0.992157
0.996078
1.000000
1.000000
0.992157
0.980392
0.956863
0.960784
0.956863
0.968627
0.901961
0.137255
0.000000
0.023529
0.000000
0.000000
0.000000
0.000000
0.015686
0.000000
0.058824
0.545098
0.964706
1.000000
0.984314
0.992157
0.992157
0.988235
0.988235
0.992157
0.992157
0.984314
0.980392
0.988235
0.964706
0.941176
0.925490
0.980392
0.949020
0.149020
0.000000
0.027451
0.000000
0.000000
0.000000
0.000000
0.015686
0.000000
0.062745
0.556863
0.964706
1.000000
0.988235
0.996078
0.996078
0.992157
0.992157
0.992157
0.992157
0.988235
0.984314
0.996078
0.972549
0.937255
0.917647
0.988235
0.980392
0.152941
0.000000
0.027451
0.000000
0.000000
0.000000
0.000000
0.015686
0.000000
0.062745
0.545098
0.960784
1.000000
0.988235
0.996078
0.992157
0.992157
0.992157
0.992157
0.992157
0.988235
0.984314
0.996078
0.972549
0.925490
0.901961
0.992157
1.000000
0.156863
0.000000
0.027451
0.000000
0.000000
0.000000
0.000000
0.015686
0.000000
0.054902
0.517647
0.952941
1.000000
0.984314
0.992157
0.988235
0.984314
0.984314
0.988235
0.988235
0.984314
0.980392
0.996078
0.972549
0.921569
0.894118
0.988235
1.000000
0.156863
0.000000
0.027451
0.000000
0.000000
0.000000
0.000000
0.011765
0.000000
0.050980
0.490196
0.949020
1.000000
0.976471
0.988235
0.984314
0.984314
0.984314
0.984314
0.988235
0.984314
0.976471
0.996078
0.972549
0.921569
0.894118
0.988235
0.996078
0.156863
0.000000
0.027451
0.000000
0.000000
0.000000
0.000000
0.011765
0.000000
0.050980
0.486274
0.952941
1.000000
0.976471
0.988235
0.984314
0.984314
0.984314
0.984314
0.988235
0.984314
0.980392
0.996078
0.972549
0.925490
0.905882
0.984314
0.984314
0.152941
0.000000
0.027451
0.000000
0.000000
0.000000
0.000000
0.011765
0.000000
0.054902
0.509804
0.960784
1.000000
0.980392
0.992157
0.988235
0.992157
0.992157
0.992157
0.992157
0.988235
0.984314
1.000000
0.972549
0.941176
0.925490
0.992157
0.960784
0.149020
0.000000
0.027451
0.000000
0.000000
0.000000
0.000000
0.015686
0.000000
0.058824
0.529412
0.960784
1.000000
0.984314
0.996078
0.992157
0.992157
0.992157
0.992157
0.996078
0.992157
0.988235
1.000000
0.976471
0.945098
0.933333
0.984314
0.956863
0.149020
0.000000
0.027451
0.000000
0.000000
0.000000
0.000000
0.011765
0.000000
0.047059
0.474510
0.949020
1.000000
0.976471
0.992157
0.988235
0.976471
0.972549
0.976471
0.992157
0.996078
1.000000
0.992157
0.972549
0.960784
0.886275
0.898039
0.988235
0.160784
0.000000
0.027451
0.000000
0.000000
0.000000
0.000000
0.015686
0.000000
0.054902
0.501961
0.945098
1.000000
0.968627
0.984314
0.988235
0.988235
0.988235
0.984314
0.996078
0.984314
0.952941
0.960784
0.976471
0.984314
0.905882
0.921569
1.000000
0.160784
0.000000
0.027451
0.000000
0.000000
0.000000
0.000000
0.015686
0.000000
0.066667
0.572549
0.952941
1.000000
0.956863
0.960784
0.968627
0.980392
0.984314
0.980392
0.972549
0.960784
0.956863
0.972549
0.984314
0.968627
0.901961
0.941176
1.000000
0.160784
0.000000
0.027451
0.000000
0.000000
0.000000
0.000000
0.015686
0.000000
0.078431
0.619608
0.964706
1.000000
0.952941
0.941176
0.937255
0.945098
0.952941
0.956863
0.937255
0.941176
0.972549
0.968627
0.933333
0.898039
0.858824
0.929412
0.996078
0.160784
0.000000
0.027451
0.000000
0.000000
0.000000
0.000000
0.015686
0.000000
0.070588
0.584314
0.960784
1.000000
0.968627
0.964706
0.949020
0.941176
0.949020
0.956863
0.949020
0.956863
0.972549
0.945098
0.901961
0.894118
0.898039
0.960784
0.956863
0.149020
0.000000
0.027451
0.000000
0.000000
0.000000
0.000000
0.011765
0.000000
0.047059
0.443137
0.854902
0.956863
0.945098
0.964706
0.952941
0.945098
0.949020
0.956863
0.952941
0.956863
0.980392
0.968627
0.949020
0.972549
0.980392
0.952941
0.807843
0.117647
0.000000
0.023529
0.000000
0.000000
0.000000
0.000000
0.007843
0.000000
0.023529
0.266667
0.556863
0.670588
0.721569
0.772549
0.780392
0.772549
0.780392
0.784314
0.768627
0.780392
0.843137
0.850980
0.843137
0.858824
0.835294
0.717647
0.494118
0.062745
0.000000
0.015686
0.000000
0.000000
0.000000
0.000000
0.003922
0.000000
0.003922
0.058824
0.125490
0.160784
0.184314
0.207843
0.211765
0.207843
0.211765
0.211765
0.203922
0.211765
0.235294
0.243137
0.239216
0.243137
0.227451
0.180392
0.105882
0.011765
0.000000
0.003922
0.000000
0.000000
0.000000
0.000000
0.000000
0.000000
0.000000
0.000000
0.000000
0.000000
0.000000
0.000000
0.000000
0.000000
0.000000
0.000000
0.000000
0.000000
0.000000
0.000000
0.000000
0.000000
0.000000
0.000000
0.000000
0.000000
0.000000
0.000000
0.000000
0.000000
0.000000
0.000000
0.000000
0.000000
0.000000
0.007843
0.011765
0.015686
0.019608
0.019608
0.019608
0.019608
0.019608
0.019608
0.019608
0.019608
0.019608
0.023529
0.019608
0.023529
0.019608
0.015686
0.011765
0.000000
0.000000
0.000000
0.000000
0.000000
0.000000
0.000000
0.000000
0.000000
0.000000
0.000000
0.000000
0.000000
0.000000
0.000000
0.000000
0.000000
0.000000
0.000000
0.000000
0.000000
0.000000
0.000000
0.000000
0.000000
0.000000
0.000000
0.000000
0.000000
0.000000
0.000000
0.000000
0.000000
