0.000000
0.000000
0.000000
0.000000
0.000000
0.000000
0.000000
0.000000
0.000000
0.000000
0.000000
0.000000
0.000000
0.000000
0.000000
0.000000
0.000000
0.000000
0.000000
0.000000
0.000000
0.000000
0.000000
0.000000
0.000000
0.000000
0.000000
0.000000
0.000000
0.000000
0.000000
0.000000
0.000000
0.016393
0.024590
0.024590
0.020492
0.016393
0.020492
0.020492
0.024590
0.024590
0.020492
0.024590
0.024590
0.024590
0.024590
0.024590
0.024590
0.024590
0.016393
0.000000
0.000000
0.000000
0.000000
0.000000
0.000000
0.000000
0.000000
0.000000
0.000000
0.000000
0.000000
0.000000
0.000000
0.000000
0.000000
0.000000
0.000000
0.000000
0.000000
0.000000
0.000000
0.000000
0.000000
0.000000
0.000000
0.000000
0.000000
0.000000
0.000000
0.000000
0.000000
0.000000
0.000000
0.000000
0.004098
0.000000
0.004098
0.110656
0.159836
0.168033
0.155738
0.114754
0.127049
0.151639
0.163934
0.163934
0.172131
0.172131
0.176229
0.176229
0.172131
0.172131
0.176229
0.180328
0.122951
0.004098
0.000000
0.004098
0.000000
0.000000
0.000000
0.000000
0.012295
0.000000
0.012295
0.536885
0.795082
0.827869
0.786885
0.635246
0.680328
0.782787
0.831967
0.823771
0.786885
0.803279
0.856557
0.881148
0.864754
0.864754
0.881148
0.905738
0.622951
0.016393
0.000000
0.016393
0.000000
0.000000
0.000000
0.000000
0.016393
0.000000
0.012295
0.569672
0.856557
0.885246
0.881148
0.836066
0.881148
0.918033
0.963115
0.918033
0.680328
0.737705
0.885246
0.938525
0.959016
0.963115
0.942623
0.987705
0.709016
0.016393
0.000000
0.020492
0.000000
0.000000
0.000000
0.000000
0.012295
0.000000
0.012295
0.512295
0.782787
0.807377
0.827869
0.860656
0.889344
0.877049
0.881148
0.819672
0.586066
0.680328
0.852459
0.909836
0.934426
0.930328
0.901639
0.954918
0.700820
0.020492
0.000000
0.020492
0.000000
0.000000
0.000000
0.000000
0.012295
0.000000
0.012295
0.520492
0.786885
0.815574
0.840164
0.848361
0.868852
0.844262
0.795082
0.725410
0.635246
0.741803
0.881148
0.922131
0.922131
0.930328
0.918033
0.971311
0.709016
0.020492
0.000000
0.020492
0.000000
0.000000
0.000000
0.000000
0.016393
0.000000
0.012295
0.577869
0.860656
0.897541
0.901639
0.836066
0.848361
0.840164
0.774590
0.713115
0.717213
0.799180
0.885246
0.913934
0.909836
0.942623
0.934426
0.975410
0.713115
0.020492
0.000000
0.020492
0.000000
0.000000
0.000000
0.000000
0.016393
0.000000
0.016393
0.639344
0.942623
0.975410
0.934426
0.786885
0.799180
0.840164
0.799180
0.774590
0.856557
0.860656
0.868852
0.901639
0.922131
0.946721
0.926230
0.963115
0.700820
0.016393
0.000000
0.020492
0.000000
0.000000
0.000000
0.000000
0.016393
0.000000
0.016393
0.672131
0.975410
0.975410
0.905738
0.741803
0.766393
0.852459
0.860656
0.864754
0.959016
0.881148
0.819672
0.877049
0.930328
0.922131
0.893443
0.946721
0.692623
0.016393
0.000000
0.016393
0.000000
0.000000
0.000000
0.000000
0.016393
0.000000
0.016393
0.680328
0.987705
0.954918
0.872951
0.770492
0.799180
0.901639
0.934426
0.930328
0.975410
0.836066
0.733607
0.799180
0.881148
0.868852
0.852459
0.926230
0.688525
0.016393
0.000000
0.016393
0.000000
0.000000
0.000000
0.000000
0.016393
0.000000
0.016393
0.676230
0.991803
0.942623
0.860656
0.815574
0.852459
0.942623
0.975410
0.950820
0.934426
0.778688
0.676230
0.709016
0.786885
0.819672
0.823771
0.905738
0.680328
0.016393
0.000000
0.016393
0.000000
0.000000
0.000000
0.000000
0.016393
0.000000
0.016393
0.643443
0.975410
0.922131
0.819672
0.786885
0.848361
0.946721
0.975410
0.934426
0.889344
0.778688
0.700820
0.692623
0.721311
0.803279
0.819672
0.885246
0.668033
0.016393
0.000000
0.016393
0.000000
0.000000
0.000000
0.000000
0.016393
0.000000
0.016393
0.598361
0.922131
0.877049
0.750000
0.688525
0.782787
0.905738
0.938525
0.913934
0.872951
0.827869
0.790984
0.745902
0.721311
0.819672
0.836066
0.881148
0.651639
0.016393
0.000000
0.016393
0.000000
0.000000
0.000000
0.000000
0.016393
0.000000
0.016393
0.606557
0.889344
0.848361
0.758197
0.663934
0.680328
0.762295
0.864754
0.918033
0.877049
0.877049
0.827869
0.754098
0.758197
0.852459
0.893443
0.926230
0.655738
0.016393
0.000000
0.016393
0.000000
0.000000
0.000000
0.000000
0.016393
0.000000
0.016393
0.631148
0.905738
0.872951
0.795082
0.647541
0.614754
0.676230
0.799180
0.877049
0.836066
0.860656
0.827869
0.762295
0.807377
0.897541
0.934426
0.946721
0.655738
0.016393
0.000000
0.016393
0.000000
0.000000
0.000000
0.000000
0.016393
0.000000
0.016393
0.639344
0.934426
0.889344
0.799180
0.684426
0.676230
0.733607
0.807377
0.827869
0.766393
0.799180
0.795082
0.754098
0.790984
0.848361
0.860656
0.885246
0.627049
0.016393
0.000000
0.016393
0.000000
0.000000
0.000000
0.000000
0.016393
0.000000
0.016393
0.647541
0.934426
0.844262
0.770492
0.807377
0.819672
0.848361
0.889344
0.868852
0.774590
0.799180
0.786885
0.725410
0.737705
0.750000
0.766393
0.827869
0.606557
0.016393
0.000000
0.016393
0.000000
0.000000
0.000000
0.000000
0.016393
0.000000
0.016393
0.663934
0.930328
0.778688
0.721311
0.877049
0.913934
0.950820
0.991803
0.971311
0.881148
0.918033
0.901639
0.807377
0.786885
0.840164
0.872951
0.913934
0.651639
0.016393
0.000000
0.016393
0.000000
0.000000
0.000000
0.000000
0.016393
0.000000
0.016393
0.635246
0.889344
0.733607
0.680328
0.848361
0.889344
0.922131
0.967213
0.954918
0.885246
0.938525
0.913934
0.786885
0.741803
0.831967
0.909836
0.975410
0.696721
0.020492
0.000000
0.020492
0.000000
0.000000
0.000000
0.000000
0.016393
0.000000
0.016393
0.602459
0.885246
0.807377
0.778688
0.877049
0.889344
0.901639
0.922131
0.909836
0.848361
0.905738
0.877049
0.745902
0.692623
0.745902
0.840164
0.954918
0.696721
0.020492
0.000000
0.020492
0.000000
0.000000
0.000000
0.000000
0.016393
0.000000
0.016393
0.594262
0.930328
0.954918
0.963115
1.000000
0.975410
0.959016
0.967213
0.954918
0.905738
0.979508
0.971311
0.868852
0.827869
0.827869
0.856557
0.905738
0.635246
0.016393
0.000000
0.016393
0.000000
0.000000
0.000000
0.000000
0.012295
0.000000
0.012295
0.500000
0.807377
0.881148
0.909836
0.901639
0.868852
0.852459
0.872951
0.881148
0.856557
0.950820
0.975410
0.913934
0.913934
0.918033
0.852459
0.762295
0.479508
0.012295
0.000000
0.012295
0.000000
0.000000
0.000000
0.000000
0.004098
0.000000
0.004098
0.098361
0.159836
0.176229
0.184426
0.180328
0.172131
0.168033
0.172131
0.176229
0.172131
0.196721
0.200820
0.192623
0.196721
0.196721
0.176229
0.147541
0.086066
0.004098
0.000000
0.004098
0.000000
0.000000
0.000000
0.000000
0.000000
0.000000
0.000000
0.000000
0.000000
0.000000
0.000000
0.000000
0.000000
0.000000
0.000000
0.000000
0.000000
0.000000
0.000000
0.000000
0.000000
0.000000
0.000000
0.000000
0.000000
0.000000
0.000000
0.000000
0.000000
0.000000
0.000000
0.000000
0.000000
0.000000
0.000000
0.012295
0.024590
0.024590
0.024590
0.024590
0.024590
0.024590
0.024590
0.024590
0.024590
0.028689
0.028689
0.024590
0.024590
0.024590
0.024590
0.020492
0.012295
0.000000
0.000000
0.000000
0.000000
0.000000
0.000000
0.000000
0.000000
0.000000
0.000000
0.000000
0.000000
0.000000
0.000000
0.000000
0.000000
0.000000
0.000000
0.000000
0.000000
0.000000
0.000000
0.000000
0.000000
0.000000
0.000000
0.000000
0.000000
0.000000
0.000000
0.000000
0.000000
0.000000
