0.000000
0.000000
0.000000
0.000000
0.000000
0.000000
0.000000
0.000000
0.000000
0.000000
0.000000
0.000000
0.000000
0.000000
0.000000
0.000000
0.000000
0.000000
0.000000
0.000000
0.000000
0.000000
0.000000
0.000000
0.000000
0.000000
0.000000
0.000000
0.000000
0.000000
0.000000
0.000000
0.000000
0.000000
0.000000
0.000000
0.005435
0.016304
0.016304
0.016304
0.016304
0.016304
0.016304
0.010870
0.010870
0.010870
0.005435
0.000000
0.000000
0.000000
0.000000
0.000000
0.000000
0.000000
0.000000
0.000000
0.000000
0.000000
0.000000
0.000000
0.000000
0.000000
0.000000
0.000000
0.000000
0.000000
0.000000
0.000000
0.000000
0.000000
0.000000
0.000000
0.000000
0.000000
0.000000
0.000000
0.000000
0.000000
0.000000
0.000000
0.000000
0.000000
0.000000
0.000000
0.000000
0.000000
0.000000
0.000000
0.000000
0.000000
0.016304
0.000000
0.217391
0.673913
0.619565
0.652174
0.657609
0.652174
0.614130
0.581522
0.521739
0.538043
0.135870
0.000000
0.005435
0.000000
0.000000
0.000000
0.000000
0.000000
0.000000
0.000000
0.000000
0.000000
0.000000
0.000000
0.000000
0.000000
0.021739
0.000000
0.282609
0.885870
0.831522
0.885870
0.891304
0.891304
0.853261
0.809783
0.739130
0.766304
0.195652
0.000000
0.016304
0.000000
0.000000
0.000000
0.000000
0.000000
0.000000
0.000000
0.000000
0.000000
0.000000
0.000000
0.000000
0.000000
0.016304
0.000000
0.239130
0.739130
0.701087
0.755435
0.798913
0.820652
0.815217
0.777174
0.711957
0.750000
0.190217
0.000000
0.016304
0.000000
0.000000
0.000000
0.000000
0.000000
0.000000
0.000000
0.000000
0.000000
0.000000
0.000000
0.000000
0.000000
0.016304
0.000000
0.222826
0.695652
0.646739
0.695652
0.733696
0.771739
0.793478
0.766304
0.717391
0.760870
0.195652
0.000000
0.016304
0.000000
0.000000
0.000000
0.000000
0.000000
0.000000
0.000000
0.000000
0.000000
0.000000
0.000000
0.000000
0.000000
0.016304
0.000000
0.201087
0.630435
0.576087
0.603261
0.619565
0.641304
0.690217
0.690217
0.668478
0.728261
0.184783
0.000000
0.016304
0.000000
0.000000
0.000000
0.000000
0.000000
0.000000
0.000000
0.000000
0.000000
0.000000
0.000000
0.000000
0.000000
0.016304
0.000000
0.184783
0.565217
0.494565
0.505435
0.510870
0.516304
0.565217
0.592391
0.608696
0.690217
0.179348
0.000000
0.016304
0.000000
0.000000
0.000000
0.000000
0.000000
0.000000
0.000000
0.000000
0.000000
0.000000
0.000000
0.000000
0.000000
0.010870
0.000000
0.168478
0.505435
0.418478
0.413043
0.402174
0.407609
0.434783
0.483696
0.527174
0.630435
0.168478
0.000000
0.010870
0.000000
0.000000
0.000000
0.000000
0.000000
0.000000
0.000000
0.000000
0.000000
0.000000
0.000000
0.000000
0.000000
0.010870
0.000000
0.163043
0.461957
0.342391
0.315217
0.293478
0.293478
0.342391
0.402174
0.456522
0.559783
0.146739
0.000000
0.010870
0.000000
0.000000
0.000000
0.000000
0.000000
0.000000
0.000000
0.000000
0.000000
0.000000
0.000000
0.000000
0.000000
0.010870
0.000000
0.173913
0.483696
0.331522
0.288043
0.266304
0.271739
0.326087
0.369565
0.413043
0.510870
0.135870
0.000000
0.010870
0.000000
0.000000
0.000000
0.000000
0.000000
0.000000
0.000000
0.000000
0.000000
0.000000
0.000000
0.000000
0.000000
0.016304
0.000000
0.201087
0.565217
0.385870
0.347826
0.347826
0.364130
0.369565
0.396739
0.423913
0.510870
0.135870
0.000000
0.010870
0.000000
0.000000
0.000000
0.000000
0.000000
0.000000
0.000000
0.000000
0.000000
0.000000
0.000000
0.000000
0.000000
0.016304
0.000000
0.233696
0.668478
0.483696
0.451087
0.467391
0.489130
0.434783
0.440217
0.451087
0.532609
0.141304
0.000000
0.010870
0.000000
0.000000
0.000000
0.000000
0.000000
0.000000
0.000000
0.000000
0.000000
0.000000
0.000000
0.000000
0.000000
0.021739
0.000000
0.298913
0.869565
0.684783
0.652174
0.619565
0.592391
0.532609
0.510870
0.472826
0.527174
0.135870
0.000000
0.010870
0.000000
0.000000
0.000000
0.000000
0.000000
0.000000
0.000000
0.000000
0.000000
0.000000
0.000000
0.000000
0.000000
0.021739
0.000000
0.320652
0.945652
0.766304
0.728261
0.684783
0.657609
0.592391
0.559783
0.516304
0.565217
0.146739
0.000000
0.010870
0.000000
0.000000
0.000000
0.000000
0.000000
0.000000
0.000000
0.000000
0.000000
0.000000
0.000000
0.000000
0.000000
0.021739
0.000000
0.315217
0.929348
0.750000
0.706522
0.652174
0.625000
0.592391
0.570652
0.532609
0.581522
0.152174
0.000000
0.010870
0.000000
0.000000
0.000000
0.000000
0.000000
0.000000
0.000000
0.000000
0.000000
0.000000
0.000000
0.000000
0.000000
0.016304
0.000000
0.277174
0.798913
0.619565
0.570652
0.510870
0.494565
0.538043
0.532609
0.516304
0.586957
0.157609
0.000000
0.010870
0.000000
0.000000
0.000000
0.000000
0.000000
0.000000
0.000000
0.000000
0.000000
0.000000
0.000000
0.000000
0.000000
0.016304
0.000000
0.217391
0.619565
0.461957
0.413043
0.385870
0.391304
0.467391
0.489130
0.510870
0.619565
0.163043
0.000000
0.010870
0.000000
0.000000
0.000000
0.000000
0.000000
0.000000
0.000000
0.000000
0.000000
0.000000
0.000000
0.000000
0.000000
0.010870
0.000000
0.173913
0.500000
0.353261
0.331522
0.342391
0.364130
0.418478
0.461957
0.516304
0.652174
0.173913
0.000000
0.010870
0.000000
0.000000
0.000000
0.000000
0.000000
0.000000
0.000000
0.000000
0.000000
0.000000
0.000000
0.000000
0.000000
0.010870
0.000000
0.168478
0.472826
0.358696
0.336957
0.364130
0.402174
0.434783
0.489130
0.548913
0.690217
0.184783
0.000000
0.016304
0.000000
0.000000
0.000000
0.000000
0.000000
0.000000
0.000000
0.000000
0.000000
0.000000
0.000000
0.000000
0.000000
0.010870
0.000000
0.190217
0.543478
0.423913
0.391304
0.407609
0.456522
0.505435
0.554348
0.603261
0.744565
0.201087
0.000000
0.016304
0.000000
0.000000
0.000000
0.000000
0.000000
0.000000
0.000000
0.000000
0.000000
0.000000
0.000000
0.000000
0.000000
0.016304
0.000000
0.211957
0.625000
0.505435
0.489130
0.494565
0.521739
0.603261
0.673913
0.717391
0.831522
0.217391
0.000000
0.016304
0.000000
0.000000
0.000000
0.000000
0.000000
0.000000
0.000000
0.000000
0.000000
0.000000
0.000000
0.000000
0.000000
0.016304
0.000000
0.255435
0.760870
0.668478
0.684783
0.690217
0.706522
0.782609
0.875000
0.918478
1.000000
0.255435
0.000000
0.016304
0.000000
0.000000
0.000000
0.000000
0.000000
0.000000
0.000000
0.000000
0.000000
0.000000
0.000000
0.000000
0.000000
0.010870
0.000000
0.195652
0.581522
0.516304
0.538043
0.543478
0.565217
0.597826
0.646739
0.663043
0.722826
0.184783
0.000000
0.010870
0.000000
0.000000
0.000000
0.000000
0.000000
0.000000
0.000000
0.000000
0.000000
0.000000
0.000000
0.000000
0.000000
0.000000
0.000000
0.000000
0.000000
0.000000
0.000000
0.000000
0.000000
0.000000
0.000000
0.000000
0.000000
0.000000
0.000000
0.000000
0.000000
0.000000
0.000000
0.000000
0.000000
0.000000
0.000000
0.000000
0.000000
0.000000
0.000000
0.000000
0.000000
0.000000
0.000000
0.005435
0.010870
0.010870
0.010870
0.010870
0.010870
0.010870
0.016304
0.016304
0.016304
0.005435
0.000000
0.000000
0.000000
0.000000
0.000000
0.000000
0.000000
0.000000
0.000000
0.000000
0.000000
0.000000
0.000000
0.000000
0.000000
0.000000
0.000000
0.000000
0.000000
0.000000
0.000000
0.000000
0.000000
0.000000
0.000000
0.000000
0.000000
0.000000
0.000000
0.000000
0.000000
0.000000
0.000000
0.000000
0.000000
0.000000
0.000000
