0.000000
0.000000
0.000000
0.000000
0.000000
0.000000
0.000000
0.000000
0.000000
0.000000
0.000000
0.000000
0.000000
0.000000
0.000000
0.000000
0.000000
0.000000
0.000000
0.000000
0.000000
0.000000
0.000000
0.000000
0.000000
0.000000
0.000000
0.000000
0.000000
0.000000
0.000000
0.000000
0.000000
0.000000
0.000000
0.000000
0.004950
0.000000
0.133663
0.227723
0.222772
0.222772
0.222772
0.227723
0.207921
0.024752
0.000000
0.000000
0.000000
0.000000
0.000000
0.000000
0.000000
0.000000
0.000000
0.000000
0.000000
0.000000
0.000000
0.000000
0.000000
0.000000
0.000000
0.000000
0.009901
0.000000
0.544554
0.960396
0.935644
0.935644
0.935644
0.935644
0.886139
0.113861
0.000000
0.004950
0.000000
0.000000
0.000000
0.000000
0.000000
0.000000
0.000000
0.000000
0.000000
0.000000
0.000000
0.000000
0.000000
0.000000
0.000000
0.000000
0.009901
0.000000
0.519802
0.930693
0.861386
0.846535
0.871287
0.876238
0.821782
0.103960
0.000000
0.004950
0.000000
0.000000
0.000000
0.000000
0.000000
0.000000
0.000000
0.000000
0.000000
0.000000
0.000000
0.000000
0.000000
0.000000
0.000000
0.000000
0.009901
0.000000
0.519802
0.930693
0.826733
0.801980
0.846535
0.876238
0.811881
0.103960
0.000000
0.004950
0.000000
0.000000
0.000000
0.000000
0.000000
0.000000
0.000000
0.000000
0.000000
0.000000
0.000000
0.000000
0.000000
0.000000
0.000000
0.000000
0.014851
0.000000
0.544554
0.970297
0.861386
0.811881
0.886139
0.910891
0.836634
0.108911
0.000000
0.004950
0.000000
0.000000
0.000000
0.000000
0.000000
0.000000
0.000000
0.000000
0.000000
0.000000
0.000000
0.000000
0.000000
0.000000
0.000000
0.000000
0.014851
0.000000
0.559406
1.000000
0.886139
0.801980
0.886139
0.945545
0.836634
0.103960
0.000000
0.004950
0.000000
0.000000
0.000000
0.000000
0.000000
0.000000
0.000000
0.000000
0.000000
0.000000
0.000000
0.000000
0.000000
0.000000
0.000000
0.000000
0.009901
0.000000
0.504950
0.900990
0.836634
0.792079
0.841584
0.876238
0.782178
0.099010
0.000000
0.004950
0.000000
0.000000
0.000000
0.000000
0.000000
0.000000
0.000000
0.000000
0.000000
0.000000
0.000000
0.000000
0.000000
0.000000
0.000000
0.000000
0.009901
0.000000
0.396040
0.702970
0.698020
0.707921
0.722772
0.693069
0.618812
0.079208
0.000000
0.004950
0.000000
0.000000
0.000000
0.000000
0.000000
0.000000
0.000000
0.000000
0.000000
0.000000
0.000000
0.000000
0.000000
0.000000
0.000000
0.000000
0.004950
0.000000
0.252475
0.435644
0.470297
0.500000
0.495049
0.450495
0.400990
0.054455
0.000000
0.004950
0.000000
0.000000
0.000000
0.000000
0.000000
0.000000
0.000000
0.000000
0.000000
0.000000
0.000000
0.000000
0.000000
0.000000
0.000000
0.000000
0.004950
0.000000
0.153465
0.212871
0.222772
0.267327
0.262376
0.222772
0.202970
0.024752
0.000000
0.000000
0.000000
0.000000
0.000000
0.000000
0.000000
0.000000
0.000000
0.000000
0.000000
0.000000
0.000000
0.000000
0.000000
0.000000
0.000000
0.000000
0.000000
0.000000
0.089109
0.099010
0.054455
0.084158
0.108911
0.074257
0.064356
0.009901
0.000000
0.000000
0.000000
0.000000
0.000000
0.000000
0.000000
0.000000
0.000000
0.000000
0.000000
0.000000
0.000000
0.000000
0.000000
0.000000
0.000000
0.000000
0.000000
0.000000
0.094059
0.099010
0.049505
0.054455
0.074257
0.044554
0.069307
0.009901
0.000000
0.000000
0.000000
0.000000
0.000000
0.000000
0.000000
0.000000
0.000000
0.000000
0.000000
0.000000
0.000000
0.000000
0.000000
0.000000
0.000000
0.000000
0.000000
0.000000
0.108911
0.168317
0.158416
0.143564
0.123762
0.108911
0.108911
0.014851
0.000000
0.000000
0.000000
0.000000
0.000000
0.000000
0.000000
0.000000
0.000000
0.000000
0.000000
0.000000
0.000000
0.000000
0.000000
0.000000
0.000000
0.000000
0.000000
0.000000
0.099010
0.163366
0.168317
0.153465
0.123762
0.099010
0.113861
0.014851
0.000000
0.000000
0.000000
0.000000
0.000000
0.000000
0.000000
0.000000
0.000000
0.000000
0.000000
0.000000
0.000000
0.000000
0.000000
0.000000
0.000000
0.000000
0.000000
0.000000
0.049505
0.069307
0.054455
0.044554
0.039604
0.034653
0.049505
0.004950
0.000000
0.000000
0.000000
0.000000
0.000000
0.000000
0.000000
0.000000
0.000000
0.000000
0.000000
0.000000
0.000000
0.000000
0.000000
0.000000
0.000000
0.000000
0.000000
0.000000
0.064356
0.079208
0.064356
0.059406
0.074257
0.094059
0.094059
0.014851
0.000000
0.000000
0.000000
0.000000
0.000000
0.000000
0.000000
0.000000
0.000000
0.000000
0.000000
0.000000
0.000000
0.000000
0.000000
0.000000
0.000000
0.000000
0.004950
0.000000
0.143564
0.232673
0.247525
0.267327
0.267327
0.252475
0.227723
0.029703
0.000000
0.000000
0.000000
0.000000
0.000000
0.000000
0.000000
0.000000
0.000000
0.000000
0.000000
0.000000
0.000000
0.000000
0.000000
0.000000
0.000000
0.000000
0.004950
0.000000
0.282178
0.465346
0.485148
0.534653
0.509901
0.445545
0.410891
0.059406
0.000000
0.004950
0.000000
0.000000
0.000000
0.000000
0.000000
0.000000
0.000000
0.000000
0.000000
0.000000
0.000000
0.000000
0.000000
0.000000
0.000000
0.000000
0.009901
0.000000
0.455445
0.752475
0.698020
0.752475
0.742574
0.702970
0.688119
0.089109
0.000000
0.004950
0.000000
0.000000
0.000000
0.000000
0.000000
0.000000
0.000000
0.000000
0.000000
0.000000
0.000000
0.000000
0.000000
0.000000
0.000000
0.000000
0.014851
0.000000
0.584158
0.980198
0.856436
0.841584
0.876238
0.925743
0.896040
0.113861
0.000000
0.004950
0.000000
0.000000
0.000000
0.000000
0.000000
0.000000
0.000000
0.000000
0.000000
0.000000
0.000000
0.000000
0.000000
0.000000
0.000000
0.000000
0.014851
0.000000
0.589109
1.000000
0.881188
0.846535
0.876238
0.915842
0.856436
0.108911
0.000000
0.004950
0.000000
0.000000
0.000000
0.000000
0.000000
0.000000
0.000000
0.000000
0.000000
0.000000
0.000000
0.000000
0.000000
0.000000
0.000000
0.000000
0.009901
0.000000
0.544554
0.910891
0.836634
0.846535
0.856436
0.861386
0.836634
0.108911
0.000000
0.004950
0.000000
0.000000
0.000000
0.000000
0.000000
0.000000
0.000000
0.000000
0.000000
0.000000
0.000000
0.000000
0.000000
0.000000
0.000000
0.000000
0.009901
0.000000
0.544554
0.915842
0.826733
0.816832
0.851485
0.861386
0.826733
0.103960
0.000000
0.004950
0.000000
0.000000
0.000000
0.000000
0.000000
0.000000
0.000000
0.000000
0.000000
0.000000
0.000000
0.000000
0.000000
0.000000
0.000000
0.000000
0.014851
0.000000
0.559406
0.960396
0.866337
0.831683
0.866337
0.871287
0.821782
0.103960
0.000000
0.004950
0.000000
0.000000
0.000000
0.000000
0.000000
0.000000
0.000000
0.000000
0.000000
0.000000
0.000000
0.000000
0.000000
0.000000
0.000000
0.000000
0.014851
0.000000
0.564356
0.965347
0.930693
0.915842
0.900990
0.886139
0.841584
0.113861
0.000000
0.004950
0.000000
0.000000
0.000000
0.000000
0.000000
0.000000
0.000000
0.000000
0.000000
0.000000
0.000000
0.000000
0.000000
0.000000
0.000000
0.000000
0.000000
0.000000
0.123762
0.212871
0.217822
0.217822
0.202970
0.198020
0.188119
0.024752
0.000000
0.000000
0.000000
0.000000
0.000000
0.000000
0.000000
0.000000
0.000000
0.000000
0.000000
0.000000
0.000000
0.000000
0.000000
0.000000
0.000000
0.000000
0.000000
0.000000
0.000000
0.000000
0.000000
0.000000
0.000000
0.000000
0.000000
0.000000
0.000000
0.000000
0.000000
0.000000
0.000000
0.000000
0.000000
0.000000
0.000000
0.000000
