0.000000
0.000000
0.000000
0.000000
0.000000
0.000000
0.000000
0.000000
0.000000
0.000000
0.000000
0.000000
0.000000
0.000000
0.000000
0.000000
0.000000
0.000000
0.000000
0.000000
0.000000
0.000000
0.000000
0.000000
0.000000
0.000000
0.000000
0.000000
0.000000
0.000000
0.000000
0.000000
0.000000
0.000000
0.000000
0.000000
0.035294
0.090196
0.105882
0.117647
0.117647
0.113725
0.105882
0.101961
0.098039
0.105882
0.082353
0.000000
0.000000
0.000000
0.000000
0.000000
0.000000
0.000000
0.000000
0.000000
0.000000
0.000000
0.000000
0.000000
0.000000
0.000000
0.011765
0.000000
0.262745
0.717647
0.847059
0.949020
0.956863
0.913725
0.862745
0.792157
0.764706
0.850980
0.650980
0.000000
0.003922
0.000000
0.000000
0.000000
0.000000
0.000000
0.000000
0.000000
0.000000
0.000000
0.000000
0.000000
0.000000
0.000000
0.011765
0.000000
0.270588
0.741176
0.866667
0.952941
0.949020
0.929412
0.933333
0.929412
0.925490
1.000000
0.796078
0.000000
0.003922
0.000000
0.000000
0.000000
0.000000
0.000000
0.000000
0.000000
0.000000
0.000000
0.000000
0.000000
0.000000
0.000000
0.007843
0.000000
0.192157
0.529412
0.596078
0.623529
0.611765
0.635294
0.694118
0.784314
0.882353
1.000000
0.831373
0.000000
0.003922
0.000000
0.000000
0.000000
0.000000
0.000000
0.000000
0.000000
0.000000
0.000000
0.000000
0.000000
0.000000
0.000000
0.003922
0.000000
0.121569
0.337255
0.372549
0.380392
0.376471
0.392157
0.435294
0.517647
0.705882
0.972549
0.827451
0.000000
0.003922
0.000000
0.000000
0.000000
0.000000
0.000000
0.000000
0.000000
0.000000
0.000000
0.000000
0.000000
0.000000
0.000000
0.003922
0.000000
0.054902
0.160784
0.168627
0.160784
0.152941
0.121569
0.164706
0.298039
0.572549
0.933333
0.831373
0.000000
0.003922
0.000000
0.000000
0.000000
0.000000
0.000000
0.000000
0.000000
0.000000
0.000000
0.000000
0.000000
0.000000
0.000000
0.000000
0.000000
0.047059
0.105882
0.058824
0.027451
0.019608
0.003922
0.035294
0.176471
0.450980
0.854902
0.807843
0.000000
0.003922
0.000000
0.000000
0.000000
0.000000
0.000000
0.000000
0.000000
0.000000
0.000000
0.000000
0.000000
0.000000
0.000000
0.000000
0.000000
0.047059
0.094118
0.039216
0.039216
0.054902
0.023529
0.011765
0.149020
0.372549
0.756863
0.807843
0.000000
0.003922
0.000000
0.000000
0.000000
0.000000
0.000000
0.000000
0.000000
0.000000
0.000000
0.000000
0.000000
0.000000
0.000000
0.003922
0.000000
0.054902
0.105882
0.050980
0.070588
0.105882
0.047059
0.015686
0.176471
0.356863
0.698039
0.807843
0.000000
0.003922
0.000000
0.000000
0.000000
0.000000
0.000000
0.000000
0.000000
0.000000
0.000000
0.000000
0.000000
0.000000
0.000000
0.000000
0.000000
0.043137
0.105882
0.066667
0.039216
0.047059
0.015686
0.023529
0.164706
0.352941
0.733333
0.792157
0.000000
0.003922
0.000000
0.000000
0.000000
0.000000
0.000000
0.000000
0.000000
0.000000
0.000000
0.000000
0.000000
0.000000
0.000000
0.003922
0.000000
0.047059
0.105882
0.098039
0.066667
0.054902
0.050980
0.058824
0.168627
0.376471
0.788235
0.784314
0.000000
0.003922
0.000000
0.000000
0.000000
0.000000
0.000000
0.000000
0.000000
0.000000
0.000000
0.000000
0.000000
0.000000
0.000000
0.003922
0.000000
0.121569
0.317647
0.380392
0.337255
0.305882
0.337255
0.329412
0.431373
0.619608
0.941176
0.815686
0.000000
0.003922
0.000000
0.000000
0.000000
0.000000
0.000000
0.000000
0.000000
0.000000
0.000000
0.000000
0.000000
0.000000
0.000000
0.011765
0.000000
0.247059
0.741176
0.894118
0.886275
0.870588
0.913725
0.898039
0.901961
0.941176
1.000000
0.772549
0.000000
0.003922
0.000000
0.000000
0.000000
0.000000
0.000000
0.000000
0.000000
0.000000
0.000000
0.000000
0.000000
0.000000
0.000000
0.011765
0.000000
0.290196
0.858824
0.996078
1.000000
1.000000
0.945098
0.925490
0.929412
0.933333
0.913725
0.607843
0.000000
0.003922
0.000000
0.000000
0.000000
0.000000
0.000000
0.000000
0.000000
0.000000
0.000000
0.000000
0.000000
0.000000
0.000000
0.011765
0.000000
0.317647
0.905882
0.909804
0.803922
0.694118
0.513726
0.431373
0.541176
0.588235
0.584314
0.384314
0.000000
0.003922
0.000000
0.000000
0.000000
0.000000
0.000000
0.000000
0.000000
0.000000
0.000000
0.000000
0.000000
0.000000
0.000000
0.015686
0.000000
0.345098
0.992157
0.819608
0.392157
0.180392
0.137255
0.125490
0.215686
0.243137
0.227451
0.149020
0.000000
0.000000
0.000000
0.000000
0.000000
0.000000
0.000000
0.000000
0.000000
0.000000
0.000000
0.000000
0.000000
0.000000
0.000000
0.015686
0.000000
0.345098
1.000000
0.776471
0.223529
0.035294
0.000000
0.015686
0.094118
0.082353
0.031373
0.003922
0.000000
0.000000
0.000000
0.000000
0.000000
0.000000
0.000000
0.000000
0.000000
0.000000
0.000000
0.000000
0.000000
0.000000
0.000000
0.015686
0.000000
0.349020
1.000000
0.764706
0.219608
0.027451
0.027451
0.094118
0.160784
0.113725
0.043137
0.003922
0.000000
0.000000
0.000000
0.000000
0.000000
0.000000
0.000000
0.000000
0.000000
0.000000
0.000000
0.000000
0.000000
0.000000
0.000000
0.015686
0.000000
0.364706
1.000000
0.796078
0.258824
0.031373
0.062745
0.137255
0.172549
0.113725
0.062745
0.023529
0.000000
0.000000
0.000000
0.000000
0.000000
0.000000
0.000000
0.000000
0.000000
0.000000
0.000000
0.000000
0.000000
0.000000
0.000000
0.015686
0.000000
0.352941
1.000000
0.819608
0.270588
0.062745
0.050980
0.039216
0.035294
0.027451
0.019608
0.019608
0.000000
0.000000
0.000000
0.000000
0.000000
0.000000
0.000000
0.000000
0.000000
0.000000
0.000000
0.000000
0.000000
0.000000
0.000000
0.011765
0.000000
0.309804
0.960784
0.886275
0.352941
0.133333
0.090196
0.035294
0.031373
0.043137
0.058824
0.086275
0.000000
0.000000
0.000000
0.000000
0.000000
0.000000
0.000000
0.000000
0.000000
0.000000
0.000000
0.000000
0.000000
0.000000
0.000000
0.011765
0.000000
0.262745
0.831373
0.894118
0.537255
0.345098
0.301961
0.254902
0.250980
0.270588
0.313725
0.247059
0.000000
0.000000
0.000000
0.000000
0.000000
0.000000
0.000000
0.000000
0.000000
0.000000
0.000000
0.000000
0.000000
0.000000
0.000000
0.011765
0.000000
0.262745
0.803922
0.964706
0.843137
0.694118
0.592157
0.572549
0.564706
0.580392
0.619608
0.458824
0.000000
0.003922
0.000000
0.000000
0.000000
0.000000
0.000000
0.000000
0.000000
0.000000
0.000000
0.000000
0.000000
0.000000
0.000000
0.011765
0.000000
0.274510
0.811765
0.945098
0.960784
0.976471
0.925490
0.933333
0.917647
0.925490
0.964706
0.674510
0.000000
0.003922
0.000000
0.000000
0.000000
0.000000
0.000000
0.000000
0.000000
0.000000
0.000000
0.000000
0.000000
0.000000
0.000000
0.011765
0.000000
0.235294
0.694118
0.737255
0.807843
0.870588
0.827451
0.850980
0.819608
0.858824
0.890196
0.611765
0.000000
0.003922
0.000000
0.000000
0.000000
0.000000
0.000000
0.000000
0.000000
0.000000
0.000000
0.000000
0.000000
0.000000
0.000000
0.000000
0.000000
0.031373
0.090196
0.094118
0.101961
0.105882
0.090196
0.094118
0.090196
0.098039
0.101961
0.070588
0.000000
0.000000
0.000000
0.000000
0.000000
0.000000
0.000000
0.000000
0.000000
0.000000
0.000000
0.000000
0.000000
0.000000
0.000000
0.000000
0.000000
0.000000
0.000000
0.000000
0.000000
0.000000
0.000000
0.000000
0.000000
0.000000
0.000000
0.000000
0.000000
0.000000
0.000000
0.000000
0.000000
0.000000
0.000000
0.000000
0.000000
