0.000000
0.000000
0.000000
0.000000
0.000000
0.000000
0.000000
0.000000
0.000000
0.000000
0.000000
0.000000
0.000000
0.000000
0.000000
0.000000
0.000000
0.000000
0.000000
0.000000
0.000000
0.000000
0.000000
0.000000
0.000000
0.000000
0.000000
0.000000
0.000000
0.000000
0.000000
0.000000
0.000000
0.000000
0.000000
0.000000
0.004115
0.098765
0.127572
0.131687
0.119342
0.053498
0.012346
0.004115
0.004115
0.004115
0.000000
0.000000
0.000000
0.000000
0.000000
0.000000
0.000000
0.000000
0.000000
0.000000
0.000000
0.000000
0.000000
0.000000
0.000000
0.000000
0.004115
0.000000
0.041152
0.679012
0.851852
0.868313
0.769547
0.448560
0.135802
0.020576
0.016461
0.016461
0.004115
0.000000
0.000000
0.000000
0.000000
0.000000
0.000000
0.000000
0.000000
0.000000
0.000000
0.000000
0.000000
0.000000
0.000000
0.000000
0.004115
0.000000
0.049383
0.765432
0.925926
0.934156
0.860082
0.633745
0.242798
0.008230
0.020576
0.024691
0.020576
0.000000
0.000000
0.000000
0.000000
0.000000
0.000000
0.000000
0.000000
0.000000
0.000000
0.000000
0.000000
0.000000
0.000000
0.000000
0.004115
0.000000
0.041152
0.736626
0.880658
0.876543
0.962963
0.654321
0.259259
0.041152
0.016461
0.028807
0.045267
0.004115
0.000000
0.000000
0.000000
0.000000
0.000000
0.000000
0.000000
0.000000
0.000000
0.000000
0.000000
0.000000
0.000000
0.000000
0.000000
0.000000
0.020576
0.399177
0.617284
0.814815
0.917695
0.679012
0.283951
0.049383
0.024691
0.028807
0.041152
0.004115
0.000000
0.000000
0.000000
0.000000
0.000000
0.000000
0.000000
0.000000
0.000000
0.000000
0.000000
0.000000
0.000000
0.000000
0.000000
0.000000
0.004115
0.082305
0.366255
0.765432
0.888889
0.716049
0.304527
0.057613
0.032922
0.020576
0.004115
0.000000
0.000000
0.000000
0.000000
0.000000
0.000000
0.000000
0.000000
0.000000
0.000000
0.000000
0.000000
0.000000
0.000000
0.000000
0.000000
0.000000
0.000000
0.032922
0.168724
0.567901
0.888889
0.670782
0.251029
0.041152
0.028807
0.020576
0.004115
0.000000
0.000000
0.000000
0.000000
0.000000
0.000000
0.000000
0.000000
0.000000
0.000000
0.000000
0.000000
0.000000
0.000000
0.000000
0.000000
0.000000
0.000000
0.041152
0.111111
0.567901
0.962963
0.654321
0.213992
0.016461
0.028807
0.016461
0.004115
0.000000
0.000000
0.000000
0.000000
0.000000
0.000000
0.000000
0.000000
0.000000
0.000000
0.000000
0.000000
0.000000
0.000000
0.000000
0.000000
0.000000
0.000000
0.008230
0.082305
0.609053
0.962963
0.679012
0.283951
0.024691
0.024691
0.020576
0.004115
0.000000
0.000000
0.000000
0.000000
0.000000
0.000000
0.000000
0.000000
0.000000
0.000000
0.000000
0.000000
0.000000
0.000000
0.000000
0.000000
0.000000
0.004115
0.008230
0.053498
0.534979
0.921811
0.674897
0.283951
0.024691
0.020576
0.024691
0.012346
0.000000
0.000000
0.000000
0.000000
0.000000
0.000000
0.000000
0.000000
0.000000
0.000000
0.000000
0.000000
0.000000
0.000000
0.000000
0.000000
0.000000
0.000000
0.024691
0.061728
0.510288
0.975309
0.703704
0.213992
0.020576
0.012346
0.020576
0.024691
0.004115
0.000000
0.000000
0.000000
0.000000
0.000000
0.000000
0.000000
0.000000
0.000000
0.000000
0.000000
0.000000
0.000000
0.000000
0.000000
0.000000
0.000000
0.012346
0.045267
0.502058
0.888889
0.666667
0.296296
0.024691
0.016461
0.024691
0.004115
0.000000
0.000000
0.000000
0.000000
0.000000
0.000000
0.000000
0.000000
0.000000
0.000000
0.000000
0.000000
0.000000
0.000000
0.000000
0.000000
0.000000
0.000000
0.004115
0.041152
0.489712
0.790123
0.580247
0.279835
0.012346
0.032922
0.045267
0.016461
0.000000
0.000000
0.000000
0.000000
0.000000
0.000000
0.000000
0.000000
0.000000
0.000000
0.000000
0.000000
0.000000
0.000000
0.000000
0.000000
0.000000
0.000000
0.012346
0.069959
0.530864
0.847737
0.621399
0.308642
0.053498
0.057613
0.069959
0.045267
0.000000
0.000000
0.000000
0.000000
0.000000
0.000000
0.000000
0.000000
0.000000
0.000000
0.000000
0.000000
0.000000
0.000000
0.000000
0.000000
0.000000
0.004115
0.123457
0.300411
0.679012
0.921811
0.786008
0.572016
0.329218
0.275720
0.275720
0.185185
0.008230
0.000000
0.000000
0.000000
0.000000
0.000000
0.000000
0.000000
0.000000
0.000000
0.000000
0.000000
0.000000
0.000000
0.000000
0.000000
0.000000
0.012346
0.399177
0.720165
0.839506
0.934156
0.962963
0.855967
0.773663
0.748971
0.744856
0.547325
0.032922
0.000000
0.004115
0.000000
0.000000
0.000000
0.000000
0.000000
0.000000
0.000000
0.000000
0.000000
0.000000
0.000000
0.000000
0.004115
0.000000
0.032922
0.654321
0.930041
0.905350
0.938272
0.987654
0.938272
0.934156
0.872428
0.909465
0.806584
0.057613
0.000000
0.004115
0.000000
0.000000
0.000000
0.000000
0.000000
0.000000
0.000000
0.000000
0.000000
0.000000
0.000000
0.000000
0.004115
0.000000
0.037037
0.728395
0.925926
0.917695
0.925926
0.880658
0.909465
0.942387
0.909465
0.962963
0.925926
0.074074
0.000000
0.004115
0.000000
0.000000
0.000000
0.000000
0.000000
0.000000
0.000000
0.000000
0.000000
0.000000
0.000000
0.000000
0.004115
0.000000
0.028807
0.728395
0.938272
0.909465
0.938272
0.893004
0.913580
0.921811
0.876543
0.934156
0.905350
0.069959
0.000000
0.004115
0.000000
0.000000
0.000000
0.000000
0.000000
0.000000
0.000000
0.000000
0.000000
0.000000
0.000000
0.000000
0.004115
0.000000
0.028807
0.695473
0.925926
0.917695
0.979424
0.950617
0.934156
0.942387
0.930041
0.942387
0.872428
0.065844
0.000000
0.004115
0.000000
0.000000
0.000000
0.000000
0.000000
0.000000
0.000000
0.000000
0.000000
0.000000
0.000000
0.000000
0.004115
0.000000
0.028807
0.691358
0.913580
0.917695
0.942387
0.917695
0.917695
0.917695
0.938272
0.946502
0.839506
0.061728
0.000000
0.004115
0.000000
0.000000
0.000000
0.000000
0.000000
0.000000
0.000000
0.000000
0.000000
0.000000
0.000000
0.000000
0.004115
0.000000
0.032922
0.716049
0.938272
0.909465
0.897119
0.901235
0.917695
0.909465
0.938272
0.942387
0.818930
0.057613
0.000000
0.004115
0.000000
0.000000
0.000000
0.000000
0.000000
0.000000
0.000000
0.000000
0.000000
0.000000
0.000000
0.000000
0.004115
0.000000
0.032922
0.740741
0.954733
0.901235
0.893004
0.905350
0.934156
0.930041
0.942387
0.942387
0.835391
0.061728
0.000000
0.004115
0.000000
0.000000
0.000000
0.000000
0.000000
0.000000
0.000000
0.000000
0.000000
0.000000
0.000000
0.000000
0.004115
0.000000
0.032922
0.728395
0.925926
0.905350
0.897119
0.884774
0.901235
0.913580
0.909465
0.905350
0.823045
0.061728
0.000000
0.004115
0.000000
0.000000
0.000000
0.000000
0.000000
0.000000
0.000000
0.000000
0.000000
0.000000
0.000000
0.000000
0.004115
0.000000
0.032922
0.761317
1.000000
0.958848
0.975309
0.958848
0.962963
0.971193
0.975309
0.958848
0.851852
0.065844
0.000000
0.004115
0.000000
0.000000
0.000000
0.000000
0.000000
0.000000
0.000000
0.000000
0.000000
0.000000
0.000000
0.000000
0.000000
0.000000
0.004115
0.148148
0.193416
0.185185
0.197531
0.197531
0.197531
0.193416
0.193416
0.189300
0.168724
0.012346
0.000000
0.000000
0.000000
0.000000
0.000000
0.000000
0.000000
0.000000
0.000000
0.000000
0.000000
0.000000
0.000000
0.000000
0.000000
0.000000
0.000000
0.000000
0.000000
0.000000
0.000000
0.000000
0.000000
0.000000
0.000000
0.000000
0.000000
0.000000
0.000000
0.000000
0.000000
0.000000
0.000000
0.000000
0.000000
0.000000
