0.000000
0.000000
0.000000
0.000000
0.000000
0.000000
0.000000
0.000000
0.000000
0.000000
0.000000
0.000000
0.000000
0.000000
0.000000
0.000000
0.000000
0.000000
0.000000
0.000000
0.000000
0.000000
0.000000
0.000000
0.000000
0.000000
0.000000
0.000000
0.000000
0.000000
0.000000
0.000000
0.000000
0.000000
0.000000
0.008130
0.008130
0.012195
0.012195
0.012195
0.012195
0.012195
0.012195
0.012195
0.012195
0.012195
0.008130
0.004065
0.000000
0.000000
0.000000
0.000000
0.000000
0.000000
0.000000
0.000000
0.000000
0.000000
0.000000
0.000000
0.000000
0.000000
0.000000
0.008130
0.008130
0.012195
0.012195
0.012195
0.012195
0.012195
0.012195
0.012195
0.008130
0.012195
0.008130
0.004065
0.000000
0.000000
0.000000
0.000000
0.000000
0.000000
0.000000
0.000000
0.000000
0.000000
0.000000
0.000000
0.000000
0.000000
0.000000
0.000000
0.000000
0.000000
0.000000
0.000000
0.000000
0.000000
0.000000
0.000000
0.000000
0.000000
0.000000
0.000000
0.000000
0.000000
0.000000
0.000000
0.000000
0.000000
0.000000
0.000000
0.000000
0.000000
0.000000
0.000000
0.000000
0.000000
0.004065
0.024390
0.036585
0.040650
0.040650
0.044715
0.044715
0.044715
0.040650
0.040650
0.040650
0.044715
0.036585
0.012195
0.000000
0.000000
0.000000
0.000000
0.000000
0.000000
0.000000
0.000000
0.000000
0.000000
0.000000
0.012195
0.000000
0.000000
0.069106
0.349593
0.512195
0.536585
0.573171
0.617886
0.621951
0.593496
0.565041
0.536585
0.528455
0.585366
0.495935
0.170732
0.000000
0.000000
0.016260
0.000000
0.000000
0.000000
0.000000
0.000000
0.000000
0.000000
0.000000
0.016260
0.000000
0.000000
0.117886
0.581301
0.845528
0.882114
0.930894
0.991870
1.000000
0.963415
0.914634
0.869919
0.861789
0.951219
0.808943
0.276423
0.000000
0.000000
0.028455
0.000000
0.000000
0.000000
0.000000
0.000000
0.000000
0.000000
0.000000
0.016260
0.000000
0.000000
0.113821
0.573171
0.829268
0.853659
0.878049
0.918699
0.930894
0.910569
0.873984
0.833333
0.825203
0.910569
0.772358
0.264228
0.000000
0.000000
0.024390
0.000000
0.000000
0.000000
0.000000
0.000000
0.000000
0.000000
0.000000
0.016260
0.000000
0.000000
0.105691
0.520325
0.752033
0.768293
0.784553
0.813008
0.833333
0.829268
0.800813
0.768293
0.760163
0.837398
0.703252
0.243902
0.000000
0.000000
0.024390
0.000000
0.000000
0.000000
0.000000
0.000000
0.000000
0.000000
0.000000
0.016260
0.000000
0.000000
0.101626
0.508130
0.731707
0.747967
0.780488
0.825203
0.849594
0.849594
0.829268
0.800813
0.788618
0.857724
0.715447
0.243902
0.000000
0.000000
0.024390
0.000000
0.000000
0.000000
0.000000
0.000000
0.000000
0.000000
0.000000
0.012195
0.000000
0.000000
0.097561
0.483740
0.686992
0.703252
0.752033
0.825203
0.849594
0.849594
0.837398
0.813008
0.796748
0.853659
0.707317
0.239837
0.000000
0.000000
0.024390
0.000000
0.000000
0.000000
0.000000
0.000000
0.000000
0.000000
0.000000
0.012195
0.000000
0.000000
0.093496
0.451219
0.646342
0.674797
0.739837
0.825203
0.857724
0.857724
0.845528
0.817073
0.800813
0.857724
0.707317
0.239837
0.000000
0.000000
0.024390
0.000000
0.000000
0.000000
0.000000
0.000000
0.000000
0.000000
0.000000
0.012195
0.000000
0.000000
0.077236
0.394309
0.601626
0.666667
0.743902
0.817073
0.869919
0.873984
0.841463
0.808943
0.800813
0.865854
0.719512
0.247967
0.000000
0.000000
0.024390
0.000000
0.000000
0.000000
0.000000
0.000000
0.000000
0.000000
0.000000
0.012195
0.000000
0.000000
0.065041
0.345528
0.540650
0.626016
0.715447
0.804878
0.873984
0.882114
0.845528
0.813008
0.808943
0.886179
0.735772
0.252033
0.000000
0.000000
0.024390
0.000000
0.000000
0.000000
0.000000
0.000000
0.000000
0.000000
0.000000
0.008130
0.000000
0.000000
0.060976
0.317073
0.475610
0.540650
0.654472
0.780488
0.861789
0.878049
0.861789
0.837398
0.833333
0.906504
0.752033
0.256098
0.000000
0.000000
0.024390
0.000000
0.000000
0.000000
0.000000
0.000000
0.000000
0.000000
0.000000
0.008130
0.000000
0.000000
0.065041
0.325203
0.463415
0.504065
0.609756
0.747967
0.841463
0.869919
0.869919
0.857724
0.861789
0.926829
0.764228
0.256098
0.000000
0.000000
0.024390
0.000000
0.000000
0.000000
0.000000
0.000000
0.000000
0.000000
0.000000
0.012195
0.000000
0.000000
0.069106
0.337398
0.479675
0.512195
0.593496
0.715447
0.817073
0.865854
0.869919
0.865854
0.869919
0.934959
0.768293
0.260163
0.000000
0.000000
0.024390
0.000000
0.000000
0.000000
0.000000
0.000000
0.000000
0.000000
0.000000
0.012195
0.000000
0.000000
0.069106
0.329268
0.475610
0.508130
0.585366
0.699187
0.804878
0.853659
0.857724
0.853659
0.861789
0.922764
0.756097
0.256098
0.000000
0.000000
0.024390
0.000000
0.000000
0.000000
0.000000
0.000000
0.000000
0.000000
0.000000
0.008130
0.000000
0.000000
0.060976
0.296748
0.443089
0.500000
0.589431
0.707317
0.800813
0.841463
0.833333
0.821138
0.825203
0.886179
0.727642
0.247967
0.000000
0.000000
0.024390
0.000000
0.000000
0.000000
0.000000
0.000000
0.000000
0.000000
0.000000
0.008130
0.000000
0.000000
0.048780
0.256098
0.394309
0.475610
0.585366
0.703252
0.780488
0.800813
0.776423
0.752033
0.747967
0.808943
0.666667
0.227642
0.000000
0.000000
0.020325
0.000000
0.000000
0.000000
0.000000
0.000000
0.000000
0.000000
0.000000
0.008130
0.000000
0.000000
0.036585
0.223577
0.361789
0.467480
0.597561
0.727642
0.796748
0.792683
0.747967
0.703252
0.691057
0.747967
0.621951
0.211382
0.000000
0.000000
0.020325
0.000000
0.000000
0.000000
0.000000
0.000000
0.000000
0.000000
0.000000
0.004065
0.000000
0.000000
0.032520
0.182927
0.308943
0.418699
0.560976
0.686992
0.747967
0.731707
0.670732
0.613821
0.601626
0.646342
0.540650
0.186992
0.000000
0.000000
0.020325
0.000000
0.000000
0.000000
0.000000
0.000000
0.000000
0.000000
0.000000
0.004065
0.000000
0.000000
0.020325
0.101626
0.170732
0.239837
0.321138
0.398374
0.434959
0.418699
0.378049
0.341463
0.333333
0.361789
0.300813
0.105691
0.000000
0.000000
0.012195
0.000000
0.000000
0.000000
0.000000
0.000000
0.000000
0.000000
0.000000
0.000000
0.000000
0.000000
0.000000
0.008130
0.012195
0.016260
0.024390
0.028455
0.032520
0.028455
0.024390
0.024390
0.024390
0.024390
0.020325
0.008130
0.000000
0.000000
0.000000
0.000000
0.000000
0.000000
0.000000
0.000000
0.000000
0.000000
0.000000
0.000000
0.000000
0.000000
0.000000
0.000000
0.000000
0.000000
0.000000
0.000000
0.000000
0.000000
0.000000
0.000000
0.000000
0.000000
0.000000
0.000000
0.000000
0.000000
0.000000
0.000000
0.000000
0.000000
0.000000
0.000000
0.000000
0.000000
0.000000
0.000000
0.000000
0.000000
0.000000
0.004065
0.004065
0.004065
0.008130
0.008130
0.008130
0.008130
0.008130
0.008130
0.008130
0.008130
0.004065
0.004065
0.000000
0.000000
0.000000
0.000000
0.000000
0.000000
0.000000
0.000000
0.000000
0.000000
0.000000
0.000000
0.000000
0.000000
0.000000
0.004065
0.004065
0.004065
0.008130
0.008130
0.008130
0.008130
0.008130
0.008130
0.008130
0.008130
0.004065
0.004065
0.000000
0.000000
0.000000
0.000000
0.000000
0.000000
0.000000
0.000000
0.000000
0.000000
0.000000
0.000000
0.000000
0.000000
0.000000
0.000000
0.000000
0.000000
0.000000
0.000000
0.000000
0.000000
0.000000
0.000000
0.000000
0.000000
0.000000
0.000000
0.000000
0.000000
0.000000
0.000000
0.000000
0.000000
0.000000
0.000000
