0.000000
0.000000
0.000000
0.000000
0.000000
0.000000
0.000000
0.000000
0.000000
0.000000
0.000000
0.000000
0.000000
0.000000
0.000000
0.000000
0.000000
0.000000
0.000000
0.000000
0.000000
0.000000
0.000000
0.000000
0.000000
0.000000
0.000000
0.000000
0.000000
0.000000
0.000000
0.000000
0.000000
0.011765
0.023529
0.027451
0.027451
0.027451
0.027451
0.027451
0.027451
0.027451
0.027451
0.027451
0.023529
0.023529
0.027451
0.027451
0.023529
0.023529
0.011765
0.000000
0.000000
0.000000
0.000000
0.000000
0.000000
0.000000
0.000000
0.000000
0.000000
0.000000
0.000000
0.000000
0.000000
0.000000
0.000000
0.000000
0.000000
0.000000
0.000000
0.000000
0.000000
0.000000
0.000000
0.000000
0.000000
0.000000
0.000000
0.000000
0.000000
0.000000
0.000000
0.000000
0.000000
0.000000
0.003922
0.000000
0.011765
0.121569
0.243137
0.309804
0.337255
0.337255
0.313725
0.309804
0.317647
0.321569
0.321569
0.305882
0.282353
0.290196
0.317647
0.305882
0.294118
0.266667
0.125490
0.011765
0.000000
0.003922
0.000000
0.000000
0.000000
0.000000
0.015686
0.000000
0.058824
0.505882
0.858824
1.000000
1.000000
1.000000
1.000000
1.000000
1.000000
1.000000
1.000000
0.996078
0.933333
0.960784
1.000000
0.984314
0.945098
0.898039
0.588235
0.074510
0.000000
0.015686
0.000000
0.000000
0.000000
0.000000
0.019608
0.000000
0.101961
0.749020
0.996078
0.980392
0.945098
0.960784
0.972549
0.992157
0.992157
0.992157
0.996078
0.984314
0.956863
0.984314
0.996078
0.960784
0.913725
0.964706
0.941176
0.145098
0.000000
0.027451
0.000000
0.000000
0.000000
0.000000
0.023529
0.000000
0.121569
0.835294
1.000000
0.949020
0.929412
0.968627
0.968627
0.968627
0.964706
0.964706
0.980392
0.984314
0.968627
0.984314
0.992157
0.941176
0.882353
0.968627
1.000000
0.156863
0.000000
0.027451
0.000000
0.000000
0.000000
0.000000
0.023529
0.000000
0.117647
0.811765
0.988235
0.933333
0.941176
0.992157
0.980392
0.952941
0.956863
0.952941
0.968627
0.992157
0.980392
0.988235
0.980392
0.913725
0.878431
0.964706
0.925490
0.141176
0.000000
0.023529
0.000000
0.000000
0.000000
0.000000
0.023529
0.000000
0.113725
0.800000
0.992157
0.925490
0.933333
1.000000
1.000000
0.980392
0.984314
0.976471
0.984314
1.000000
1.000000
1.000000
0.984314
0.913725
0.898039
0.988235
0.937255
0.145098
0.000000
0.023529
0.000000
0.000000
0.000000
0.000000
0.023529
0.000000
0.113725
0.803922
1.000000
0.917647
0.909804
0.988235
0.980392
1.000000
1.000000
0.992157
0.992157
1.000000
0.992157
0.992157
0.976471
0.913725
0.890196
0.996078
0.984314
0.152941
0.000000
0.027451
0.000000
0.000000
0.000000
0.000000
0.023529
0.000000
0.113725
0.796078
1.000000
0.929412
0.917647
0.972549
0.952941
0.988235
1.000000
0.980392
0.984314
0.996078
0.976471
0.976471
0.964706
0.901961
0.874510
0.976471
0.949020
0.149020
0.000000
0.027451
0.000000
0.000000
0.000000
0.000000
0.023529
0.000000
0.113725
0.807843
1.000000
0.949020
0.949020
1.000000
0.984314
0.980392
0.996078
1.000000
1.000000
0.996078
0.984314
0.992157
0.996078
0.937255
0.898039
0.980392
0.941176
0.145098
0.000000
0.027451
0.000000
0.000000
0.000000
0.000000
0.023529
0.000000
0.117647
0.815686
1.000000
0.886275
0.913725
1.000000
0.984314
0.980392
0.976471
0.980392
0.996078
0.996078
0.976471
0.992157
1.000000
0.956863
0.898039
0.968627
0.956863
0.149020
0.000000
0.027451
0.000000
0.000000
0.000000
0.000000
0.023529
0.000000
0.113725
0.807843
1.000000
0.925490
0.917647
0.984314
0.992157
0.996078
0.988235
0.988235
1.000000
0.996078
0.980392
0.992157
0.996078
0.945098
0.905882
0.984314
0.952941
0.149020
0.000000
0.027451
0.000000
0.000000
0.000000
0.000000
0.023529
0.000000
0.113725
0.803922
1.000000
0.976471
0.937255
0.972549
1.000000
0.996078
1.000000
0.996078
0.996078
0.996078
0.984314
0.992157
0.988235
0.933333
0.905882
0.996078
0.941176
0.145098
0.000000
0.027451
0.000000
0.000000
0.000000
0.000000
0.023529
0.000000
0.113725
0.803922
1.000000
0.956863
0.933333
0.984314
1.000000
0.976471
0.992157
0.992157
0.992157
0.996078
0.980392
0.992157
0.988235
0.929412
0.894118
0.980392
0.941176
0.145098
0.000000
0.027451
0.000000
0.000000
0.000000
0.000000
0.023529
0.000000
0.113725
0.803922
1.000000
0.952941
0.945098
0.996078
0.996078
0.964706
0.992157
1.000000
0.996078
1.000000
0.992157
1.000000
0.992157
0.929412
0.894118
0.976471
0.933333
0.145098
0.000000
0.027451
0.000000
0.000000
0.000000
0.000000
0.023529
0.000000
0.113725
0.807843
1.000000
0.949020
0.945098
1.000000
0.996078
0.980392
0.996078
1.000000
1.000000
1.000000
1.000000
1.000000
1.000000
0.937255
0.898039
0.980392
0.937255
0.145098
0.000000
0.027451
0.000000
0.000000
0.000000
0.000000
0.023529
0.000000
0.117647
0.811765
1.000000
0.952941
0.937255
0.992157
1.000000
1.000000
1.000000
1.000000
1.000000
1.000000
1.000000
1.000000
1.000000
0.937255
0.894118
0.980392
0.956863
0.149020
0.000000
0.027451
0.000000
0.000000
0.000000
0.000000
0.023529
0.000000
0.117647
0.815686
1.000000
0.952941
0.925490
0.976471
1.000000
0.996078
0.992157
0.984314
0.988235
0.996078
0.984314
0.992157
0.988235
0.921569
0.882353
0.976471
0.972549
0.149020
0.000000
0.027451
0.000000
0.000000
0.000000
0.000000
0.023529
0.000000
0.109804
0.788235
0.992157
0.952941
0.917647
0.952941
0.980392
0.976471
0.968627
0.956863
0.972549
0.980392
0.960784
0.968627
0.968627
0.909804
0.874510
0.964706
0.952941
0.149020
0.000000
0.027451
0.000000
0.000000
0.000000
0.000000
0.019608
0.000000
0.105882
0.772549
1.000000
0.984314
0.937255
0.956863
0.976471
0.976471
0.976471
0.960784
0.972549
0.980392
0.964706
0.968627
0.972549
0.913725
0.886275
0.984314
0.952941
0.149020
0.000000
0.027451
0.000000
0.000000
0.000000
0.000000
0.019608
0.000000
0.098039
0.717647
0.972549
0.972549
0.941176
0.956863
0.964706
0.964706
0.964706
0.952941
0.960784
0.968627
0.949020
0.960784
0.964706
0.909804
0.890196
0.972549
0.898039
0.133333
0.000000
0.023529
0.000000
0.000000
0.000000
0.000000
0.007843
0.000000
0.031373
0.274510
0.450980
0.600000
0.709804
0.760784
0.760784
0.741176
0.749020
0.784314
0.800000
0.756863
0.709804
0.733333
0.811765
0.815686
0.764706
0.631373
0.313725
0.031373
0.000000
0.007843
0.000000
0.000000
0.000000
0.000000
0.000000
0.000000
0.000000
0.015686
0.054902
0.121569
0.180392
0.200000
0.200000
0.192157
0.192157
0.215686
0.219608
0.196078
0.176471
0.188235
0.223529
0.235294
0.215686
0.137255
0.003922
0.000000
0.000000
0.000000
0.000000
0.000000
0.000000
0.000000
0.000000
0.000000
0.000000
0.000000
0.000000
0.000000
0.000000
0.000000
0.000000
0.000000
0.000000
0.000000
0.000000
0.000000
0.000000
0.000000
0.000000
0.000000
0.000000
0.000000
0.000000
0.003922
0.000000
0.000000
0.000000
0.000000
0.000000
0.000000
0.000000
0.000000
0.000000
0.003922
0.007843
0.015686
0.015686
0.019608
0.019608
0.019608
0.019608
0.019608
0.019608
0.019608
0.015686
0.019608
0.019608
0.019608
0.019608
0.015686
0.003922
0.000000
0.000000
0.000000
0.000000
0.000000
0.000000
0.000000
0.000000
0.000000
0.000000
0.000000
0.000000
0.000000
0.000000
0.000000
0.000000
0.000000
0.000000
0.000000
0.000000
0.000000
0.000000
0.000000
0.000000
0.000000
0.000000
0.000000
0.000000
0.000000
0.000000
0.000000
0.000000
0.000000
