0.000000
0.000000
0.000000
0.000000
0.000000
0.000000
0.000000
0.000000
0.000000
0.000000
0.000000
0.000000
0.000000
0.000000
0.000000
0.000000
0.000000
0.000000
0.000000
0.000000
0.000000
0.000000
0.000000
0.000000
0.000000
0.000000
0.000000
0.000000
0.000000
0.000000
0.000000
0.000000
0.000000
0.007843
0.015686
0.019608
0.019608
0.019608
0.019608
0.019608
0.019608
0.019608
0.019608
0.019608
0.019608
0.019608
0.019608
0.023529
0.023529
0.019608
0.011765
0.000000
0.000000
0.000000
0.000000
0.000000
0.000000
0.000000
0.000000
0.000000
0.000000
0.000000
0.000000
0.000000
0.000000
0.000000
0.000000
0.000000
0.000000
0.000000
0.000000
0.000000
0.000000
0.000000
0.000000
0.000000
0.000000
0.000000
0.000000
0.000000
0.000000
0.000000
0.000000
0.000000
0.000000
0.000000
0.003922
0.000000
0.007843
0.074510
0.149020
0.203922
0.219608
0.207843
0.196078
0.196078
0.196078
0.200000
0.203922
0.211765
0.219608
0.223529
0.231373
0.239216
0.239216
0.207843
0.125490
0.015686
0.000000
0.003922
0.000000
0.000000
0.000000
0.000000
0.007843
0.000000
0.039216
0.349020
0.627451
0.792157
0.819608
0.784314
0.772549
0.776471
0.780392
0.780392
0.788235
0.800000
0.815686
0.831373
0.843137
0.858824
0.870588
0.800000
0.521569
0.066667
0.000000
0.011765
0.000000
0.000000
0.000000
0.000000
0.015686
0.000000
0.066667
0.560784
0.921569
1.000000
0.968627
0.968627
1.000000
1.000000
1.000000
1.000000
0.996078
0.992157
0.988235
0.988235
0.988235
0.980392
0.996078
1.000000
0.776471
0.109804
0.000000
0.019608
0.000000
0.000000
0.000000
0.000000
0.015686
0.000000
0.070588
0.596078
0.972549
0.901961
0.811765
0.886275
0.913725
0.882353
0.870588
0.882353
0.894118
0.890196
0.886275
0.898039
0.905882
0.874510
0.827451
0.909804
0.980392
0.156863
0.000000
0.027451
0.000000
0.000000
0.000000
0.000000
0.015686
0.000000
0.070588
0.592157
0.972549
0.905882
0.831373
0.921569
0.952941
0.941176
0.921569
0.933333
0.949020
0.945098
0.937255
0.952941
0.956863
0.929412
0.831373
0.874510
1.000000
0.168627
0.000000
0.027451
0.000000
0.000000
0.000000
0.000000
0.015686
0.000000
0.070588
0.576471
0.980392
0.956863
0.905882
0.988235
1.000000
1.000000
1.000000
1.000000
1.000000
1.000000
0.996078
1.000000
1.000000
0.984314
0.890196
0.905882
0.996078
0.164706
0.000000
0.027451
0.000000
0.000000
0.000000
0.000000
0.015686
0.000000
0.066667
0.556863
0.968627
0.945098
0.886275
0.968627
0.992157
0.996078
0.980392
0.984314
0.996078
0.988235
0.972549
0.980392
0.976471
0.949020
0.870588
0.917647
1.000000
0.164706
0.000000
0.027451
0.000000
0.000000
0.000000
0.000000
0.015686
0.000000
0.062745
0.556863
0.960784
0.933333
0.878431
0.956863
0.984314
1.000000
0.988235
0.988235
1.000000
0.992157
0.976471
0.984314
0.984314
0.952941
0.874510
0.925490
1.000000
0.160784
0.000000
0.027451
0.000000
0.000000
0.000000
0.000000
0.015686
0.000000
0.066667
0.576471
0.972549
0.941176
0.901961
0.988235
1.000000
1.000000
0.992157
0.996078
1.000000
0.996078
0.988235
0.996078
1.000000
0.972549
0.890196
0.925490
1.000000
0.164706
0.000000
0.027451
0.000000
0.000000
0.000000
0.000000
0.015686
0.000000
0.070588
0.584314
0.976471
0.945098
0.901961
0.992157
1.000000
0.984314
0.972549
0.976471
0.984314
0.980392
0.972549
0.980392
0.988235
0.960784
0.878431
0.917647
1.000000
0.164706
0.000000
0.027451
0.000000
0.000000
0.000000
0.000000
0.015686
0.000000
0.070588
0.568627
0.960784
0.929412
0.886275
0.968627
0.988235
0.992157
0.980392
0.984314
0.992157
0.988235
0.980392
0.992157
0.992157
0.968627
0.882353
0.913725
1.000000
0.164706
0.000000
0.027451
0.000000
0.000000
0.000000
0.000000
0.015686
0.000000
0.066667
0.552941
0.949020
0.941176
0.905882
0.976471
0.984314
1.000000
0.992157
0.996078
1.000000
1.000000
0.988235
1.000000
1.000000
0.972549
0.882353
0.913725
1.000000
0.164706
0.000000
0.027451
0.000000
0.000000
0.000000
0.000000
0.015686
0.000000
0.058824
0.533333
0.960784
0.949020
0.898039
0.980392
0.996078
0.996078
0.988235
0.992157
0.996078
0.992157
0.980392
0.984314
0.984314
0.960784
0.878431
0.917647
1.000000
0.164706
0.000000
0.027451
0.000000
0.000000
0.000000
0.000000
0.015686
0.000000
0.050980
0.501961
0.968627
0.937255
0.839216
0.937255
1.000000
0.988235
0.992157
1.000000
0.992157
0.984314
0.984314
0.988235
0.976471
0.968627
0.901961
0.921569
1.000000
0.164706
0.000000
0.027451
0.000000
0.000000
0.000000
0.000000
0.015686
0.000000
0.050980
0.501961
0.964706
0.972549
0.905882
0.964706
0.984314
1.000000
1.000000
1.000000
1.000000
1.000000
1.000000
1.000000
0.992157
0.984314
0.898039
0.898039
0.996078
0.160784
0.000000
0.027451
0.000000
0.000000
0.000000
0.000000
0.011765
0.000000
0.050980
0.494118
0.960784
0.952941
0.909804
0.996078
0.992157
0.988235
0.992157
0.988235
0.988235
0.988235
0.992157
0.992157
0.976471
0.952941
0.882353
0.913725
0.988235
0.156863
0.000000
0.027451
0.000000
0.000000
0.000000
0.000000
0.011765
0.000000
0.058824
0.525490
0.964706
0.890196
0.835294
0.972549
0.996078
0.972549
0.976471
0.976471
0.972549
0.972549
0.984314
0.984314
0.960784
0.925490
0.866667
0.921569
0.992157
0.156863
0.000000
0.027451
0.000000
0.000000
0.000000
0.000000
0.015686
0.000000
0.074510
0.600000
0.996078
0.898039
0.831373
0.952941
0.980392
0.972549
0.972549
0.972549
0.968627
0.972549
0.984314
0.988235
0.968627
0.937255
0.870588
0.917647
1.000000
0.160784
0.000000
0.027451
0.000000
0.000000
0.000000
0.000000
0.015686
0.000000
0.070588
0.588235
0.968627
0.984314
0.952941
0.984314
0.968627
0.980392
0.984314
0.984314
0.976471
0.980392
0.996078
1.000000
0.992157
0.964706
0.929412
0.972549
0.952941
0.149020
0.000000
0.027451
0.000000
0.000000
0.000000
0.000000
0.011765
0.000000
0.039216
0.400000
0.776471
0.960784
1.000000
0.976471
0.925490
0.941176
0.949020
0.949020
0.945098
0.941176
0.952941
0.968627
0.976471
0.952941
0.976471
1.000000
0.772549
0.105882
0.000000
0.019608
0.000000
0.000000
0.000000
0.000000
0.003922
0.000000
0.011765
0.160784
0.431373
0.686275
0.796078
0.756863
0.709804
0.737255
0.756863
0.756863
0.749020
0.737255
0.745098
0.772549
0.796078
0.803922
0.831373
0.776471
0.462745
0.054902
0.000000
0.011765
0.000000
0.000000
0.000000
0.000000
0.000000
0.000000
0.000000
0.019608
0.082353
0.168627
0.207843
0.196078
0.184314
0.196078
0.203922
0.203922
0.200000
0.196078
0.196078
0.207843
0.215686
0.223529
0.231373
0.200000
0.098039
0.011765
0.000000
0.003922
0.000000
0.000000
0.000000
0.000000
0.000000
0.000000
0.000000
0.000000
0.000000
0.000000
0.000000
0.000000
0.000000
0.000000
0.000000
0.000000
0.000000
0.000000
0.000000
0.000000
0.000000
0.000000
0.000000
0.000000
0.000000
0.000000
0.000000
0.000000
0.000000
0.000000
0.000000
0.000000
0.000000
0.000000
0.000000
0.003922
0.011765
0.015686
0.019608
0.019608
0.015686
0.019608
0.019608
0.019608
0.019608
0.019608
0.019608
0.019608
0.019608
0.019608
0.019608
0.019608
0.011765
0.000000
0.000000
0.000000
0.000000
0.000000
0.000000
0.000000
0.000000
0.000000
0.000000
0.000000
0.000000
0.000000
0.000000
0.000000
0.000000
0.000000
0.000000
0.000000
0.000000
0.000000
0.000000
0.000000
0.000000
0.000000
0.000000
0.000000
0.000000
0.000000
0.000000
0.000000
0.000000
0.000000
