0.000000
0.000000
0.000000
0.000000
0.000000
0.000000
0.000000
0.000000
0.000000
0.000000
0.000000
0.000000
0.000000
0.000000
0.000000
0.000000
0.000000
0.000000
0.000000
0.000000
0.000000
0.000000
0.000000
0.000000
0.000000
0.000000
0.000000
0.000000
0.000000
0.000000
0.000000
0.000000
0.000000
0.011858
0.015810
0.019763
0.019763
0.019763
0.019763
0.019763
0.019763
0.015810
0.015810
0.019763
0.019763
0.015810
0.015810
0.015810
0.015810
0.011858
0.000000
0.000000
0.000000
0.000000
0.000000
0.000000
0.000000
0.000000
0.000000
0.000000
0.000000
0.000000
0.000000
0.000000
0.000000
0.000000
0.000000
0.000000
0.000000
0.000000
0.000000
0.000000
0.000000
0.000000
0.000000
0.000000
0.000000
0.000000
0.000000
0.000000
0.000000
0.000000
0.000000
0.000000
0.000000
0.000000
0.003953
0.000000
0.011858
0.110672
0.181818
0.229249
0.233202
0.233202
0.229249
0.205534
0.197628
0.193676
0.185771
0.193676
0.209486
0.193676
0.185771
0.169960
0.166008
0.122530
0.000000
0.000000
0.003953
0.000000
0.000000
0.000000
0.000000
0.000000
0.011858
0.000000
0.051383
0.438735
0.691700
0.830040
0.814229
0.790514
0.806324
0.719368
0.707510
0.703557
0.691700
0.719368
0.750988
0.695652
0.632411
0.620553
0.648221
0.458498
0.003953
0.000000
0.007905
0.000000
0.000000
0.000000
0.000000
0.000000
0.015810
0.000000
0.079051
0.616601
0.893281
0.984190
0.909091
0.865613
0.897233
0.814229
0.818182
0.841897
0.853755
0.885375
0.889328
0.806324
0.691700
0.743083
0.849802
0.592885
0.007905
0.000000
0.011858
0.000000
0.000000
0.000000
0.000000
0.000000
0.019763
0.000000
0.098814
0.707510
0.948617
1.000000
0.932806
0.881423
0.865613
0.774704
0.794466
0.849802
0.893281
0.932806
0.920949
0.822134
0.703557
0.770751
0.905138
0.636364
0.007905
0.000000
0.011858
0.000000
0.000000
0.000000
0.000000
0.000000
0.019763
0.000000
0.094862
0.671937
0.849802
0.889328
0.889328
0.869565
0.814229
0.707510
0.727273
0.810277
0.885375
0.924901
0.913043
0.833992
0.762846
0.790514
0.877470
0.636364
0.007905
0.000000
0.011858
0.000000
0.000000
0.000000
0.000000
0.000000
0.015810
0.000000
0.090909
0.616601
0.750988
0.798419
0.857708
0.881423
0.818182
0.691700
0.711462
0.818182
0.909091
0.944664
0.932806
0.877470
0.865613
0.865613
0.889328
0.644269
0.007905
0.000000
0.011858
0.000000
0.000000
0.000000
0.000000
0.000000
0.015810
0.000000
0.090909
0.620553
0.754941
0.814229
0.873518
0.889328
0.818182
0.675889
0.699605
0.833992
0.948617
0.976285
0.932806
0.881423
0.916996
0.944664
0.940711
0.652174
0.007905
0.000000
0.011858
0.000000
0.000000
0.000000
0.000000
0.000000
0.019763
0.000000
0.094862
0.671937
0.810277
0.853755
0.885375
0.877470
0.798419
0.664032
0.699605
0.845850
0.952569
0.960474
0.913043
0.865613
0.893281
0.952569
0.956522
0.636364
0.007905
0.000000
0.011858
0.000000
0.000000
0.000000
0.000000
0.000000
0.019763
0.000000
0.106719
0.715415
0.833992
0.833992
0.861660
0.877470
0.818182
0.707510
0.782609
0.901186
0.932806
0.916996
0.936759
0.924901
0.893281
0.909091
0.924901
0.616601
0.007905
0.000000
0.011858
0.000000
0.000000
0.000000
0.000000
0.000000
0.019763
0.000000
0.098814
0.679842
0.806324
0.841897
0.936759
0.920949
0.739130
0.624506
0.691700
0.810277
0.853755
0.869565
0.920949
0.936759
0.924901
0.928854
0.920949
0.612648
0.007905
0.000000
0.011858
0.000000
0.000000
0.000000
0.000000
0.000000
0.019763
0.000000
0.094862
0.648221
0.810277
0.857708
0.936759
0.901186
0.711462
0.588933
0.644269
0.770751
0.849802
0.889328
0.932806
0.940711
0.944664
0.956522
0.928854
0.612648
0.007905
0.000000
0.011858
0.000000
0.000000
0.000000
0.000000
0.000000
0.019763
0.000000
0.094862
0.656126
0.806324
0.818182
0.814229
0.822134
0.778656
0.656126
0.699605
0.822134
0.901186
0.928854
0.948617
0.940711
0.952569
0.968379
0.936759
0.616601
0.007905
0.000000
0.011858
0.000000
0.000000
0.000000
0.000000
0.000000
0.019763
0.000000
0.094862
0.652174
0.750988
0.739130
0.731225
0.802372
0.865613
0.743083
0.762846
0.845850
0.893281
0.913043
0.924901
0.916996
0.964427
0.980237
0.940711
0.628458
0.007905
0.000000
0.011858
0.000000
0.000000
0.000000
0.000000
0.000000
0.019763
0.000000
0.098814
0.648221
0.707510
0.707510
0.770751
0.873518
0.916996
0.814229
0.818182
0.857708
0.865613
0.873518
0.885375
0.893281
0.964427
0.988142
0.944664
0.640316
0.007905
0.000000
0.011858
0.000000
0.000000
0.000000
0.000000
0.000000
0.019763
0.000000
0.102767
0.683794
0.786561
0.802372
0.865613
0.932806
0.944664
0.901186
0.920949
0.940711
0.928854
0.920949
0.909091
0.885375
0.924901
0.968379
0.956522
0.648221
0.007905
0.000000
0.011858
0.000000
0.000000
0.000000
0.000000
0.000000
0.019763
0.000000
0.102767
0.727273
0.905138
0.920949
0.909091
0.913043
0.932806
0.936759
0.980237
0.984190
0.968379
0.968379
0.948617
0.893281
0.885375
0.948617
0.972332
0.648221
0.007905
0.000000
0.011858
0.000000
0.000000
0.000000
0.000000
0.000000
0.019763
0.000000
0.098814
0.727273
0.960474
0.984190
0.893281
0.841897
0.873518
0.877470
0.893281
0.865613
0.865613
0.924901
0.956522
0.916996
0.913043
0.972332
0.980237
0.644269
0.007905
0.000000
0.011858
0.000000
0.000000
0.000000
0.000000
0.000000
0.019763
0.000000
0.098814
0.695652
0.893281
0.909091
0.849802
0.790514
0.790514
0.790514
0.778656
0.719368
0.695652
0.754941
0.837945
0.881423
0.924901
0.976285
0.968379
0.632411
0.007905
0.000000
0.011858
0.000000
0.000000
0.000000
0.000000
0.000000
0.019763
0.000000
0.098814
0.703557
0.853755
0.849802
0.837945
0.826087
0.822134
0.837945
0.818182
0.762846
0.719368
0.731225
0.790514
0.861660
0.877470
0.924901
0.932806
0.604743
0.007905
0.000000
0.011858
0.000000
0.000000
0.000000
0.000000
0.000000
0.019763
0.000000
0.102767
0.727273
0.928854
0.940711
0.865613
0.885375
0.996047
0.964427
0.928854
0.909091
0.932806
0.976285
0.992095
0.940711
0.841897
0.849802
0.853755
0.541502
0.007905
0.000000
0.011858
0.000000
0.000000
0.000000
0.000000
0.000000
0.019763
0.000000
0.083004
0.604743
0.806324
0.818182
0.719368
0.727273
0.865613
0.861660
0.857708
0.841897
0.837945
0.853755
0.861660
0.826087
0.774704
0.735178
0.671937
0.422925
0.003953
0.000000
0.007905
0.000000
0.000000
0.000000
0.000000
0.000000
0.003953
0.000000
0.023715
0.166008
0.225296
0.225296
0.197628
0.193676
0.233202
0.241107
0.245059
0.241107
0.233202
0.229249
0.233202
0.233202
0.229249
0.209486
0.177866
0.110672
0.000000
0.000000
0.003953
0.000000
0.000000
0.000000
0.000000
0.000000
0.000000
0.000000
0.000000
0.000000
0.000000
0.000000
0.000000
0.000000
0.000000
0.000000
0.000000
0.000000
0.000000
0.000000
0.000000
0.000000
0.000000
0.000000
0.000000
0.000000
0.000000
0.000000
0.000000
0.000000
0.000000
0.000000
0.000000
0.000000
0.000000
0.000000
0.003953
0.015810
0.019763
0.019763
0.019763
0.019763
0.019763
0.019763
0.023715
0.019763
0.019763
0.019763
0.019763
0.019763
0.019763
0.019763
0.015810
0.011858
0.000000
0.000000
0.000000
0.000000
0.000000
0.000000
0.000000
0.000000
0.000000
0.000000
0.000000
0.000000
0.000000
0.000000
0.000000
0.000000
0.000000
0.000000
0.000000
0.000000
0.000000
0.000000
0.000000
0.000000
0.000000
0.000000
0.000000
0.000000
0.000000
0.000000
0.000000
0.000000
0.000000
0.000000
