0.000000
0.000000
0.000000
0.000000
0.000000
0.000000
0.000000
0.000000
0.000000
0.000000
0.000000
0.000000
0.000000
0.000000
0.000000
0.000000
0.000000
0.000000
0.000000
0.000000
0.000000
0.000000
0.000000
0.000000
0.000000
0.000000
0.000000
0.000000
0.000000
0.000000
0.000000
0.000000
0.000000
0.000000
0.000000
0.004032
0.000000
0.096774
0.189516
0.213710
0.217742
0.165323
0.084677
0.032258
0.016129
0.020161
0.012097
0.000000
0.000000
0.000000
0.000000
0.000000
0.000000
0.000000
0.000000
0.000000
0.000000
0.000000
0.000000
0.000000
0.000000
0.000000
0.000000
0.008065
0.000000
0.334677
0.661290
0.745968
0.778226
0.580645
0.310484
0.129032
0.060484
0.056452
0.044355
0.000000
0.000000
0.000000
0.000000
0.000000
0.000000
0.000000
0.000000
0.000000
0.000000
0.000000
0.000000
0.000000
0.000000
0.000000
0.000000
0.008065
0.000000
0.326613
0.649194
0.745968
0.806452
0.616935
0.346774
0.145161
0.064516
0.052419
0.036290
0.000000
0.000000
0.000000
0.000000
0.000000
0.000000
0.000000
0.000000
0.000000
0.000000
0.000000
0.000000
0.000000
0.000000
0.000000
0.000000
0.008065
0.000000
0.286290
0.580645
0.705645
0.802419
0.641129
0.366935
0.161290
0.072581
0.048387
0.032258
0.000000
0.000000
0.000000
0.000000
0.000000
0.000000
0.000000
0.000000
0.000000
0.000000
0.000000
0.000000
0.000000
0.000000
0.000000
0.000000
0.004032
0.000000
0.185484
0.407258
0.560484
0.725806
0.608871
0.350806
0.153226
0.056452
0.036290
0.032258
0.000000
0.000000
0.000000
0.000000
0.000000
0.000000
0.000000
0.000000
0.000000
0.000000
0.000000
0.000000
0.000000
0.000000
0.000000
0.000000
0.004032
0.000000
0.125000
0.282258
0.439516
0.665323
0.568548
0.322581
0.149194
0.052419
0.028226
0.020161
0.000000
0.000000
0.000000
0.000000
0.000000
0.000000
0.000000
0.000000
0.000000
0.000000
0.000000
0.000000
0.000000
0.000000
0.000000
0.000000
0.004032
0.000000
0.088710
0.217742
0.379032
0.629032
0.556452
0.322581
0.157258
0.072581
0.032258
0.012097
0.000000
0.000000
0.000000
0.000000
0.000000
0.000000
0.000000
0.000000
0.000000
0.000000
0.000000
0.000000
0.000000
0.000000
0.000000
0.000000
0.004032
0.000000
0.064516
0.189516
0.358871
0.608871
0.548387
0.322581
0.157258
0.072581
0.032258
0.012097
0.000000
0.000000
0.000000
0.000000
0.000000
0.000000
0.000000
0.000000
0.000000
0.000000
0.000000
0.000000
0.000000
0.000000
0.000000
0.000000
0.004032
0.000000
0.064516
0.189516
0.358871
0.608871
0.548387
0.326613
0.165323
0.072581
0.032258
0.016129
0.000000
0.000000
0.000000
0.000000
0.000000
0.000000
0.000000
0.000000
0.000000
0.000000
0.000000
0.000000
0.000000
0.000000
0.000000
0.000000
0.004032
0.000000
0.072581
0.197581
0.366935
0.616935
0.548387
0.322581
0.165323
0.084677
0.048387
0.024194
0.000000
0.000000
0.000000
0.000000
0.000000
0.000000
0.000000
0.000000
0.000000
0.000000
0.000000
0.000000
0.000000
0.000000
0.000000
0.000000
0.004032
0.000000
0.068548
0.193548
0.358871
0.612903
0.532258
0.294355
0.133065
0.076613
0.060484
0.028226
0.000000
0.000000
0.000000
0.000000
0.000000
0.000000
0.000000
0.000000
0.000000
0.000000
0.000000
0.000000
0.000000
0.000000
0.000000
0.000000
0.004032
0.000000
0.068548
0.193548
0.366935
0.600806
0.524194
0.282258
0.137097
0.092742
0.088710
0.044355
0.000000
0.000000
0.000000
0.000000
0.000000
0.000000
0.000000
0.000000
0.000000
0.000000
0.000000
0.000000
0.000000
0.000000
0.000000
0.000000
0.004032
0.000000
0.104839
0.254032
0.419355
0.633065
0.564516
0.354839
0.221774
0.173387
0.137097
0.056452
0.000000
0.000000
0.000000
0.000000
0.000000
0.000000
0.000000
0.000000
0.000000
0.000000
0.000000
0.000000
0.000000
0.000000
0.000000
0.000000
0.004032
0.000000
0.161290
0.375000
0.524194
0.685484
0.645161
0.500000
0.387097
0.326613
0.237903
0.092742
0.000000
0.004032
0.000000
0.000000
0.000000
0.000000
0.000000
0.000000
0.000000
0.000000
0.000000
0.000000
0.000000
0.000000
0.000000
0.000000
0.008065
0.000000
0.229839
0.520161
0.657258
0.762097
0.745968
0.673387
0.604839
0.556452
0.455645
0.209677
0.000000
0.008065
0.000000
0.000000
0.000000
0.000000
0.000000
0.000000
0.000000
0.000000
0.000000
0.000000
0.000000
0.000000
0.000000
0.000000
0.008065
0.000000
0.314516
0.661290
0.790323
0.858871
0.870968
0.854839
0.826613
0.806452
0.689516
0.322581
0.000000
0.008065
0.000000
0.000000
0.000000
0.000000
0.000000
0.000000
0.000000
0.000000
0.000000
0.000000
0.000000
0.000000
0.000000
0.000000
0.012097
0.000000
0.391129
0.782258
0.887097
0.911290
0.939516
0.971774
0.983871
0.991935
0.883065
0.419355
0.000000
0.012097
0.000000
0.000000
0.000000
0.000000
0.000000
0.000000
0.000000
0.000000
0.000000
0.000000
0.000000
0.000000
0.000000
0.000000
0.012097
0.000000
0.431452
0.842742
0.895161
0.862903
0.870968
0.923387
0.967742
0.991935
0.907258
0.451613
0.000000
0.012097
0.000000
0.000000
0.000000
0.000000
0.000000
0.000000
0.000000
0.000000
0.000000
0.000000
0.000000
0.000000
0.000000
0.000000
0.012097
0.000000
0.443548
0.850806
0.895161
0.858871
0.854839
0.887097
0.919355
0.947581
0.875000
0.439516
0.000000
0.012097
0.000000
0.000000
0.000000
0.000000
0.000000
0.000000
0.000000
0.000000
0.000000
0.000000
0.000000
0.000000
0.000000
0.000000
0.012097
0.000000
0.443548
0.854839
0.927419
0.939516
0.939516
0.923387
0.895161
0.883065
0.810484
0.415323
0.000000
0.012097
0.000000
0.000000
0.000000
0.000000
0.000000
0.000000
0.000000
0.000000
0.000000
0.000000
0.000000
0.000000
0.000000
0.000000
0.012097
0.000000
0.431452
0.850806
0.927419
0.991935
0.979839
0.943548
0.899194
0.858871
0.782258
0.403226
0.000000
0.012097
0.000000
0.000000
0.000000
0.000000
0.000000
0.000000
0.000000
0.000000
0.000000
0.000000
0.000000
0.000000
0.000000
0.000000
0.012097
0.000000
0.411290
0.806452
0.899194
1.000000
0.979839
0.931452
0.887097
0.838710
0.770161
0.403226
0.000000
0.012097
0.000000
0.000000
0.000000
0.000000
0.000000
0.000000
0.000000
0.000000
0.000000
0.000000
0.000000
0.000000
0.000000
0.000000
0.012097
0.000000
0.383064
0.745968
0.842742
0.959677
0.959677
0.911290
0.866935
0.834677
0.782258
0.419355
0.000000
0.012097
0.000000
0.000000
0.000000
0.000000
0.000000
0.000000
0.000000
0.000000
0.000000
0.000000
0.000000
0.000000
0.000000
0.000000
0.008065
0.000000
0.346774
0.673387
0.766129
0.879032
0.887097
0.850806
0.822581
0.806452
0.762097
0.407258
0.000000
0.012097
0.000000
0.000000
0.000000
0.000000
0.000000
0.000000
0.000000
0.000000
0.000000
0.000000
0.000000
0.000000
0.000000
0.000000
0.008065
0.000000
0.330645
0.649194
0.729839
0.814516
0.826613
0.806452
0.802419
0.802419
0.758064
0.383064
0.000000
0.008065
0.000000
0.000000
0.000000
0.000000
0.000000
0.000000
0.000000
0.000000
0.000000
0.000000
0.000000
0.000000
0.000000
0.000000
0.004032
0.000000
0.092742
0.181452
0.201613
0.217742
0.225806
0.221774
0.221774
0.225806
0.209677
0.104839
0.000000
0.004032
0.000000
0.000000
0.000000
0.000000
0.000000
0.000000
0.000000
0.000000
0.000000
0.000000
0.000000
0.000000
0.000000
0.000000
0.000000
0.000000
0.000000
0.000000
0.000000
0.000000
0.000000
0.000000
0.000000
0.000000
0.000000
0.000000
0.000000
0.000000
0.000000
0.000000
0.000000
0.000000
0.000000
0.000000
0.000000
