0.000000
0.000000
0.000000
0.000000
0.000000
0.000000
0.000000
0.000000
0.000000
0.000000
0.000000
0.000000
0.000000
0.000000
0.000000
0.000000
0.000000
0.000000
0.000000
0.000000
0.000000
0.000000
0.000000
0.000000
0.000000
0.000000
0.000000
0.000000
0.000000
0.000000
0.000000
0.000000
0.000000
0.007843
0.015686
0.019608
0.023529
0.023529
0.023529
0.019608
0.023529
0.023529
0.023529
0.023529
0.023529
0.023529
0.023529
0.023529
0.023529
0.019608
0.011765
0.000000
0.000000
0.000000
0.000000
0.000000
0.000000
0.000000
0.000000
0.000000
0.000000
0.000000
0.000000
0.000000
0.000000
0.000000
0.000000
0.000000
0.000000
0.000000
0.000000
0.000000
0.000000
0.000000
0.000000
0.000000
0.000000
0.000000
0.000000
0.000000
0.000000
0.000000
0.000000
0.000000
0.000000
0.000000
0.003922
0.000000
0.007843
0.070588
0.145098
0.207843
0.247059
0.254902
0.243137
0.227451
0.247059
0.250980
0.243137
0.243137
0.243137
0.250980
0.254902
0.254902
0.250980
0.231373
0.141176
0.019608
0.000000
0.003922
0.000000
0.000000
0.000000
0.000000
0.007843
0.000000
0.039216
0.345098
0.600000
0.788235
0.870588
0.890196
0.866667
0.823529
0.870588
0.886275
0.866667
0.858824
0.862745
0.878431
0.894118
0.886275
0.886275
0.823529
0.533333
0.066667
0.000000
0.015686
0.000000
0.000000
0.000000
0.000000
0.015686
0.000000
0.074510
0.576471
0.858824
0.984314
1.000000
0.996078
0.996078
0.988235
0.996078
1.000000
0.992157
0.988235
0.992157
1.000000
1.000000
0.992157
1.000000
0.964706
0.701961
0.094118
0.000000
0.019608
0.000000
0.000000
0.000000
0.000000
0.019608
0.000000
0.090196
0.682353
0.952941
1.000000
0.988235
0.956863
0.968627
0.984314
0.984314
0.988235
0.996078
1.000000
1.000000
0.992157
0.980392
0.976471
0.984314
1.000000
0.831373
0.121569
0.000000
0.023529
0.000000
0.000000
0.000000
0.000000
0.019608
0.000000
0.086275
0.666667
0.925490
0.988235
0.956863
0.929412
0.949020
0.972549
0.972549
0.976471
0.988235
0.996078
0.996078
0.980392
0.956863
0.952941
0.968627
1.000000
0.921569
0.141176
0.000000
0.027451
0.000000
0.000000
0.000000
0.000000
0.019608
0.000000
0.086275
0.635294
0.898039
0.988235
0.980392
0.972549
0.984314
0.992157
0.980392
0.980392
0.988235
0.996078
1.000000
0.984314
0.960784
0.949020
0.960784
1.000000
0.980392
0.149020
0.000000
0.027451
0.000000
0.000000
0.000000
0.000000
0.019608
0.000000
0.086275
0.647059
0.917647
1.000000
1.000000
0.992157
0.992157
0.992157
0.992157
0.984314
0.980392
0.992157
1.000000
0.992157
0.972549
0.956863
0.956863
1.000000
1.000000
0.152941
0.000000
0.027451
0.000000
0.000000
0.000000
0.000000
0.019608
0.000000
0.086275
0.662745
0.933333
1.000000
0.980392
0.956863
0.964706
0.976471
0.996078
0.996078
0.984314
0.992157
1.000000
1.000000
0.988235
0.972549
0.968627
1.000000
0.988235
0.152941
0.000000
0.027451
0.000000
0.000000
0.000000
0.000000
0.019608
0.000000
0.086275
0.647059
0.917647
0.996078
0.968627
0.952941
0.980392
1.000000
0.996078
0.988235
0.984314
0.984314
0.992157
0.988235
0.980392
0.976471
0.980392
1.000000
0.964706
0.149020
0.000000
0.027451
0.000000
0.000000
0.000000
0.000000
0.015686
0.000000
0.078431
0.603922
0.882353
0.980392
0.964706
0.949020
0.972549
1.000000
1.000000
0.992157
0.992157
0.992157
1.000000
0.992157
0.976471
0.972549
0.976471
1.000000
0.952941
0.145098
0.000000
0.027451
0.000000
0.000000
0.000000
0.000000
0.015686
0.000000
0.078431
0.584314
0.870588
0.984314
0.984314
0.960784
0.976471
0.996078
1.000000
1.000000
1.000000
1.000000
1.000000
0.996078
0.976471
0.960784
0.960784
1.000000
0.952941
0.145098
0.000000
0.027451
0.000000
0.000000
0.000000
0.000000
0.015686
0.000000
0.078431
0.607843
0.890196
0.996078
0.996078
0.976471
0.984314
0.996078
1.000000
0.996078
0.996078
1.000000
1.000000
0.992157
0.968627
0.952941
0.941176
1.000000
0.964706
0.149020
0.000000
0.027451
0.000000
0.000000
0.000000
0.000000
0.015686
0.000000
0.082353
0.631373
0.909804
0.996078
0.988235
0.972549
0.980392
1.000000
1.000000
0.988235
0.992157
0.996078
1.000000
0.992157
0.968627
0.952941
0.937255
0.996078
0.980392
0.152941
0.000000
0.027451
0.000000
0.000000
0.000000
0.000000
0.015686
0.000000
0.082353
0.627451
0.901961
0.992157
0.976471
0.952941
0.972549
1.000000
0.996078
0.988235
0.992157
0.996078
1.000000
0.996078
0.980392
0.964706
0.956863
1.000000
0.976471
0.149020
0.000000
0.027451
0.000000
0.000000
0.000000
0.000000
0.015686
0.000000
0.078431
0.607843
0.886275
0.984314
0.976471
0.952941
0.980392
1.000000
1.000000
0.996078
0.996078
1.000000
1.000000
1.000000
0.988235
0.980392
0.980392
1.000000
0.964706
0.145098
0.000000
0.027451
0.000000
0.000000
0.000000
0.000000
0.015686
0.000000
0.074510
0.592157
0.874510
0.988235
0.980392
0.964706
0.984314
1.000000
1.000000
0.996078
0.996078
0.996078
1.000000
0.996078
0.984314
0.976471
0.980392
1.000000
0.956863
0.145098
0.000000
0.027451
0.000000
0.000000
0.000000
0.000000
0.015686
0.000000
0.070588
0.560784
0.847059
0.972549
0.984314
0.968627
0.976471
0.980392
1.000000
1.000000
0.992157
0.988235
0.996078
0.992157
0.976471
0.968627
0.972549
1.000000
0.960784
0.145098
0.000000
0.027451
0.000000
0.000000
0.000000
0.000000
0.015686
0.000000
0.070588
0.568627
0.854902
0.976471
0.988235
0.956863
0.952941
0.964706
0.972549
0.976471
0.980392
0.984314
0.988235
0.972549
0.956863
0.952941
0.949020
1.000000
0.988235
0.152941
0.000000
0.027451
0.000000
0.000000
0.000000
0.000000
0.015686
0.000000
0.078431
0.619608
0.898039
0.996078
0.968627
0.909804
0.901961
0.937255
0.913725
0.913725
0.937255
0.941176
0.933333
0.917647
0.905882
0.909804
0.905882
0.976471
1.000000
0.160784
0.000000
0.027451
0.000000
0.000000
0.000000
0.000000
0.015686
0.000000
0.074510
0.576471
0.850980
0.968627
0.937255
0.854902
0.843137
0.886275
0.913725
0.905882
0.882353
0.862745
0.850980
0.854902
0.866667
0.882353
0.886275
0.929412
0.894118
0.137255
0.000000
0.023529
0.000000
0.000000
0.000000
0.000000
0.007843
0.000000
0.035294
0.360784
0.713725
0.992157
1.000000
1.000000
1.000000
1.000000
1.000000
1.000000
1.000000
1.000000
1.000000
1.000000
1.000000
1.000000
1.000000
1.000000
0.627451
0.078431
0.000000
0.019608
0.000000
0.000000
0.000000
0.000000
0.003922
0.000000
0.003922
0.078431
0.196078
0.309804
0.356863
0.360784
0.364706
0.360784
0.356863
0.352941
0.349020
0.349020
0.356863
0.364706
0.360784
0.352941
0.360784
0.321569
0.152941
0.015686
0.000000
0.003922
0.000000
0.000000
0.000000
0.000000
0.000000
0.000000
0.000000
0.000000
0.000000
0.000000
0.000000
0.000000
0.000000
0.000000
0.000000
0.000000
0.000000
0.000000
0.000000
0.000000
0.000000
0.000000
0.000000
0.000000
0.000000
0.000000
0.000000
0.000000
0.000000
0.000000
0.000000
0.000000
0.000000
0.000000
0.000000
0.007843
0.019608
0.027451
0.027451
0.027451
0.027451
0.027451
0.027451
0.027451
0.027451
0.027451
0.027451
0.027451
0.027451
0.027451
0.027451
0.027451
0.015686
0.000000
0.000000
0.000000
0.000000
0.000000
0.000000
0.000000
0.000000
0.000000
0.000000
0.000000
0.000000
0.000000
0.000000
0.000000
0.000000
0.000000
0.000000
0.000000
0.000000
0.000000
0.000000
0.000000
0.000000
0.000000
0.000000
0.000000
0.000000
0.000000
0.000000
0.000000
0.000000
0.000000
