0.000000
0.000000
0.000000
0.000000
0.000000
0.000000
0.000000
0.000000
0.000000
0.000000
0.000000
0.000000
0.000000
0.000000
0.000000
0.000000
0.000000
0.000000
0.000000
0.000000
0.000000
0.000000
0.000000
0.000000
0.000000
0.000000
0.000000
0.000000
0.000000
0.000000
0.000000
0.000000
0.003922
0.015686
0.023529
0.023529
0.027451
0.027451
0.027451
0.027451
0.027451
0.027451
0.027451
0.027451
0.027451
0.027451
0.027451
0.027451
0.023529
0.019608
0.011765
0.000000
0.000000
0.000000
0.000000
0.000000
0.000000
0.000000
0.000000
0.000000
0.000000
0.000000
0.000000
0.000000
0.000000
0.000000
0.000000
0.000000
0.000000
0.000000
0.000000
0.000000
0.000000
0.000000
0.000000
0.000000
0.000000
0.000000
0.000000
0.000000
0.000000
0.000000
0.000000
0.000000
0.000000
0.000000
0.003922
0.000000
0.023529
0.184314
0.258824
0.290196
0.313725
0.337255
0.337255
0.325490
0.337255
0.341176
0.325490
0.305882
0.313725
0.325490
0.329412
0.329412
0.301961
0.215686
0.101961
0.007843
0.000000
0.003922
0.000000
0.000000
0.000000
0.000000
0.019608
0.000000
0.090196
0.658823
0.898039
0.945098
0.988235
1.000000
1.000000
0.996078
1.000000
1.000000
1.000000
0.972549
1.000000
1.000000
0.992157
1.000000
0.968627
0.749020
0.443137
0.050980
0.000000
0.015686
0.000000
0.000000
0.000000
0.000000
0.023529
0.000000
0.117647
0.819608
1.000000
0.941176
0.909804
0.941176
0.921569
0.882353
0.925490
0.921569
0.894118
0.921569
0.960784
0.933333
0.866667
0.890196
0.929412
0.874510
0.666667
0.090196
0.000000
0.019608
0.000000
0.000000
0.000000
0.000000
0.027451
0.000000
0.145098
0.968627
1.000000
0.913725
0.890196
0.917647
0.921569
0.917647
0.921569
0.925490
0.913725
0.913725
0.933333
0.921569
0.913725
0.827451
0.870588
0.992157
0.752941
0.101961
0.000000
0.019608
0.000000
0.000000
0.000000
0.000000
0.027451
0.000000
0.152941
0.996078
0.996078
0.929412
0.929412
0.956863
0.968627
0.972549
0.964706
0.972549
0.964706
0.956863
0.972549
0.964706
0.968627
0.847059
0.870588
1.000000
0.752941
0.101961
0.000000
0.019608
0.000000
0.000000
0.000000
0.000000
0.027451
0.000000
0.149020
0.976471
1.000000
0.960784
0.972549
0.996078
1.000000
1.000000
0.996078
1.000000
0.992157
0.992157
1.000000
0.996078
0.992157
0.874510
0.882353
0.992157
0.725490
0.098039
0.000000
0.019608
0.000000
0.000000
0.000000
0.000000
0.027451
0.000000
0.149020
0.968627
1.000000
0.964706
0.976471
1.000000
0.992157
0.988235
0.984314
0.992157
0.984314
0.984314
0.992157
0.996078
0.996078
0.866667
0.870588
0.984314
0.709804
0.098039
0.000000
0.019608
0.000000
0.000000
0.000000
0.000000
0.027451
0.000000
0.149020
0.964706
1.000000
0.964706
0.976471
1.000000
0.988235
0.976471
0.972549
0.980392
0.972549
0.972549
0.996078
0.992157
0.988235
0.862745
0.870588
0.984314
0.717647
0.098039
0.000000
0.019608
0.000000
0.000000
0.000000
0.000000
0.027451
0.000000
0.149020
0.976471
1.000000
0.964706
0.980392
1.000000
0.984314
0.980392
0.984314
0.992157
0.980392
0.980392
0.996078
0.988235
0.984314
0.866667
0.886275
1.000000
0.737255
0.101961
0.000000
0.019608
0.000000
0.000000
0.000000
0.000000
0.027451
0.000000
0.149020
0.968627
1.000000
0.960784
0.976471
0.996078
0.984314
0.984314
0.992157
1.000000
0.988235
0.984314
0.996078
0.980392
0.976471
0.858824
0.882353
1.000000
0.741176
0.101961
0.000000
0.019608
0.000000
0.000000
0.000000
0.000000
0.027451
0.000000
0.145098
0.952941
1.000000
0.949020
0.968627
0.992157
0.980392
0.980392
0.992157
1.000000
0.988235
0.984314
0.996078
0.976471
0.972549
0.854902
0.874510
1.000000
0.737255
0.101961
0.000000
0.019608
0.000000
0.000000
0.000000
0.000000
0.027451
0.000000
0.145098
0.956863
1.000000
0.964706
0.984314
0.996078
0.976471
0.972549
0.992157
1.000000
0.988235
0.984314
1.000000
0.992157
0.984314
0.866667
0.882353
1.000000
0.752941
0.105882
0.000000
0.019608
0.000000
0.000000
0.000000
0.000000
0.027451
0.000000
0.145098
0.952941
1.000000
0.972549
0.972549
0.992157
0.988235
0.980392
0.992157
0.992157
0.984314
0.980392
0.988235
0.988235
1.000000
0.890196
0.898039
1.000000
0.756863
0.105882
0.000000
0.019608
0.000000
0.000000
0.000000
0.000000
0.027451
0.000000
0.137255
0.921569
1.000000
0.956863
0.937255
0.972549
1.000000
0.984314
0.988235
0.984314
0.984314
0.980392
0.968627
0.960784
1.000000
0.905882
0.898039
1.000000
0.741176
0.101961
0.000000
0.019608
0.000000
0.000000
0.000000
0.000000
0.027451
0.000000
0.141176
0.929412
1.000000
0.992157
0.992157
0.996078
0.988235
0.960784
0.984314
0.996078
0.992157
0.984314
0.996078
0.996078
0.996078
0.858824
0.866667
1.000000
0.780392
0.109804
0.000000
0.023529
0.000000
0.000000
0.000000
0.000000
0.027451
0.000000
0.141176
0.937255
0.996078
0.964706
1.000000
1.000000
0.976471
0.976471
0.996078
1.000000
0.988235
0.976471
1.000000
1.000000
1.000000
0.870588
0.878431
1.000000
0.760784
0.105882
0.000000
0.019608
0.000000
0.000000
0.000000
0.000000
0.027451
0.000000
0.152941
0.972549
0.992157
0.913725
0.925490
0.949020
0.952941
0.996078
0.976471
0.988235
0.972549
0.933333
0.968627
0.988235
0.972549
0.870588
0.905882
0.996078
0.733333
0.098039
0.000000
0.019608
0.000000
0.000000
0.000000
0.000000
0.027451
0.000000
0.156863
1.000000
1.000000
0.929412
0.901961
0.909804
0.945098
0.996078
0.945098
0.956863
0.956863
0.929412
0.964706
0.968627
0.905882
0.839216
0.925490
1.000000
0.764706
0.105882
0.000000
0.019608
0.000000
0.000000
0.000000
0.000000
0.027451
0.000000
0.141176
0.921569
0.992157
1.000000
0.992157
0.976471
0.984314
1.000000
0.976471
0.972549
0.988235
1.000000
1.000000
0.984314
0.913725
0.886275
0.956863
0.988235
0.725490
0.098039
0.000000
0.019608
0.000000
0.000000
0.000000
0.000000
0.019608
0.000000
0.090196
0.647059
0.819608
0.960784
1.000000
0.988235
0.980392
0.984314
0.996078
1.000000
1.000000
0.992157
0.988235
0.996078
0.988235
0.984314
0.949020
0.803922
0.490196
0.058824
0.000000
0.011765
0.000000
0.000000
0.000000
0.000000
0.011765
0.000000
0.039216
0.325490
0.521569
0.717647
0.776471
0.752941
0.772549
0.760784
0.803922
0.811765
0.792157
0.768627
0.749020
0.807843
0.862745
0.850980
0.721569
0.478431
0.200000
0.015686
0.000000
0.003922
0.000000
0.000000
0.000000
0.000000
0.000000
0.000000
0.007843
0.062745
0.117647
0.184314
0.200000
0.192157
0.203922
0.196078
0.215686
0.219608
0.207843
0.200000
0.192157
0.215686
0.239216
0.235294
0.184314
0.101961
0.023529
0.000000
0.000000
0.000000
0.000000
0.000000
0.000000
0.000000
0.000000
0.000000
0.000000
0.000000
0.000000
0.000000
0.000000
0.000000
0.000000
0.000000
0.000000
0.000000
0.000000
0.000000
0.000000
0.000000
0.000000
0.000000
0.000000
0.000000
0.000000
0.000000
0.000000
0.000000
0.000000
0.000000
0.000000
0.000000
0.000000
0.000000
0.000000
0.007843
0.011765
0.015686
0.019608
0.019608
0.019608
0.019608
0.019608
0.019608
0.019608
0.019608
0.019608
0.019608
0.023529
0.019608
0.019608
0.011765
0.003922
0.000000
0.000000
0.000000
0.000000
0.000000
0.000000
0.000000
0.000000
0.000000
0.000000
0.000000
0.000000
0.000000
0.000000
0.000000
0.000000
0.000000
0.000000
0.000000
0.000000
0.000000
0.000000
0.000000
0.000000
0.000000
0.000000
0.000000
0.000000
0.000000
0.000000
0.000000
0.000000
0.000000
