0.000000
0.000000
0.000000
0.000000
0.000000
0.000000
0.000000
0.000000
0.000000
0.000000
0.000000
0.000000
0.000000
0.000000
0.000000
0.000000
0.000000
0.000000
0.000000
0.000000
0.000000
0.000000
0.000000
0.000000
0.000000
0.000000
0.000000
0.000000
0.000000
0.000000
0.000000
0.000000
0.000000
0.015686
0.027451
0.027451
0.027451
0.027451
0.027451
0.023529
0.023529
0.023529
0.023529
0.023529
0.027451
0.023529
0.019608
0.015686
0.015686
0.007843
0.000000
0.000000
0.000000
0.000000
0.000000
0.000000
0.000000
0.000000
0.000000
0.000000
0.000000
0.000000
0.000000
0.000000
0.000000
0.000000
0.000000
0.000000
0.000000
0.000000
0.000000
0.000000
0.000000
0.000000
0.000000
0.000000
0.000000
0.000000
0.000000
0.000000
0.000000
0.000000
0.000000
0.000000
0.000000
0.000000
0.003922
0.000000
0.003922
0.121569
0.180392
0.180392
0.180392
0.184314
0.180392
0.172549
0.160784
0.156863
0.160784
0.168627
0.180392
0.172549
0.141176
0.113725
0.094118
0.043137
0.000000
0.000000
0.000000
0.000000
0.000000
0.000000
0.000000
0.000000
0.015686
0.000000
0.015686
0.611765
0.913725
0.913725
0.917647
0.933333
0.909804
0.862745
0.807843
0.788235
0.811765
0.854902
0.909804
0.878431
0.737255
0.607843
0.498039
0.231373
0.000000
0.000000
0.003922
0.000000
0.000000
0.000000
0.000000
0.000000
0.019608
0.000000
0.015686
0.674510
1.000000
1.000000
1.000000
1.000000
0.996078
0.941176
0.890196
0.886275
0.929412
0.984314
1.000000
1.000000
0.913725
0.760784
0.627451
0.290196
0.000000
0.000000
0.003922
0.000000
0.000000
0.000000
0.000000
0.000000
0.015686
0.000000
0.015686
0.635294
0.976471
0.960784
0.921569
0.937255
0.909804
0.847059
0.803922
0.823529
0.886275
0.945098
0.960784
0.964706
0.941176
0.788235
0.658823
0.313725
0.000000
0.000000
0.003922
0.000000
0.000000
0.000000
0.000000
0.000000
0.015686
0.000000
0.015686
0.627451
0.968627
0.941176
0.854902
0.823529
0.784314
0.752941
0.737255
0.749020
0.800000
0.870588
0.933333
0.956863
0.917647
0.792157
0.698039
0.341176
0.000000
0.000000
0.003922
0.000000
0.000000
0.000000
0.000000
0.000000
0.015686
0.000000
0.015686
0.627451
0.972549
0.945098
0.819608
0.725490
0.670588
0.686275
0.698039
0.682353
0.713725
0.800000
0.933333
0.964706
0.862745
0.772549
0.713725
0.352941
0.000000
0.000000
0.003922
0.000000
0.000000
0.000000
0.000000
0.000000
0.015686
0.000000
0.015686
0.615686
0.984314
0.937255
0.776471
0.694118
0.643137
0.654902
0.662745
0.658823
0.694118
0.780392
0.898039
0.921569
0.815686
0.725490
0.658823
0.321569
0.000000
0.000000
0.003922
0.000000
0.000000
0.000000
0.000000
0.000000
0.015686
0.000000
0.015686
0.600000
0.988235
0.929412
0.729412
0.650980
0.607843
0.615686
0.631373
0.631373
0.666667
0.749020
0.858824
0.870588
0.760784
0.674510
0.607843
0.298039
0.000000
0.000000
0.003922
0.000000
0.000000
0.000000
0.000000
0.000000
0.015686
0.000000
0.015686
0.584314
0.984314
0.929412
0.709804
0.639216
0.596078
0.600000
0.619608
0.619608
0.658823
0.733333
0.835294
0.839216
0.729412
0.647059
0.576471
0.278431
0.000000
0.000000
0.003922
0.000000
0.000000
0.000000
0.000000
0.000000
0.015686
0.000000
0.015686
0.580392
0.976471
0.937255
0.745098
0.670588
0.623529
0.623529
0.639216
0.643137
0.682353
0.752941
0.843137
0.831373
0.713725
0.627451
0.564706
0.266667
0.000000
0.000000
0.003922
0.000000
0.000000
0.000000
0.000000
0.000000
0.015686
0.000000
0.015686
0.580392
0.968627
0.956863
0.800000
0.725490
0.666667
0.662745
0.674510
0.682353
0.721569
0.788235
0.866667
0.847059
0.705882
0.615686
0.552941
0.266667
0.000000
0.000000
0.003922
0.000000
0.000000
0.000000
0.000000
0.000000
0.015686
0.000000
0.015686
0.584314
0.968627
0.972549
0.839216
0.756863
0.694118
0.682353
0.690196
0.705882
0.749020
0.811765
0.882353
0.850980
0.705882
0.615686
0.552941
0.266667
0.000000
0.000000
0.003922
0.000000
0.000000
0.000000
0.000000
0.000000
0.015686
0.000000
0.015686
0.584314
0.972549
0.972549
0.827451
0.749020
0.682353
0.666667
0.674510
0.694118
0.741176
0.803922
0.866667
0.847059
0.725490
0.639216
0.576471
0.278431
0.000000
0.000000
0.003922
0.000000
0.000000
0.000000
0.000000
0.000000
0.015686
0.000000
0.015686
0.576471
0.972549
0.952941
0.776471
0.698039
0.631373
0.611765
0.619608
0.643137
0.705882
0.772549
0.823529
0.815686
0.752941
0.666667
0.607843
0.301961
0.000000
0.000000
0.003922
0.000000
0.000000
0.000000
0.000000
0.000000
0.015686
0.000000
0.015686
0.572549
0.968627
0.941176
0.752941
0.670588
0.607843
0.588235
0.596078
0.619608
0.678431
0.741176
0.784314
0.800000
0.788235
0.701961
0.647059
0.325490
0.000000
0.000000
0.003922
0.000000
0.000000
0.000000
0.000000
0.000000
0.015686
0.000000
0.015686
0.592157
0.964706
0.952941
0.815686
0.733333
0.670588
0.662745
0.674510
0.682353
0.717647
0.780392
0.827451
0.854902
0.858824
0.772549
0.705882
0.349020
0.000000
0.000000
0.003922
0.000000
0.000000
0.000000
0.000000
0.000000
0.015686
0.000000
0.015686
0.615686
0.968627
0.992157
0.937255
0.854902
0.796078
0.796078
0.811765
0.823529
0.866667
0.933333
0.972549
0.976471
0.964706
0.862745
0.780392
0.384314
0.000000
0.000000
0.003922
0.000000
0.000000
0.000000
0.000000
0.000000
0.015686
0.000000
0.015686
0.631373
0.984314
1.000000
0.984314
0.901961
0.847059
0.839216
0.843137
0.850980
0.886275
0.945098
0.984314
0.992157
0.972549
0.862745
0.780392
0.380392
0.000000
0.000000
0.003922
0.000000
0.000000
0.000000
0.000000
0.000000
0.015686
0.000000
0.015686
0.596078
0.929412
0.960784
0.933333
0.854902
0.796078
0.776471
0.764706
0.749020
0.768627
0.811765
0.843137
0.850980
0.819608
0.733333
0.662745
0.325490
0.000000
0.000000
0.003922
0.000000
0.000000
0.000000
0.000000
0.000000
0.015686
0.000000
0.011765
0.513726
0.800000
0.854902
0.847059
0.772549
0.713725
0.690196
0.666667
0.643137
0.650980
0.686275
0.709804
0.694118
0.639216
0.568627
0.517647
0.254902
0.000000
0.000000
0.003922
0.000000
0.000000
0.000000
0.000000
0.000000
0.011765
0.000000
0.007843
0.380392
0.596078
0.650980
0.658823
0.596078
0.556863
0.545098
0.517647
0.501961
0.517647
0.552941
0.572549
0.549020
0.482353
0.419608
0.372549
0.176471
0.000000
0.000000
0.003922
0.000000
0.000000
0.000000
0.000000
0.000000
0.003922
0.000000
0.000000
0.066667
0.109804
0.117647
0.121569
0.109804
0.101961
0.101961
0.098039
0.094118
0.098039
0.105882
0.109804
0.101961
0.090196
0.074510
0.066667
0.031373
0.000000
0.000000
0.000000
0.000000
0.000000
0.000000
0.000000
0.000000
0.000000
0.000000
0.000000
0.000000
0.000000
0.000000
0.000000
0.000000
0.000000
0.000000
0.000000
0.000000
0.000000
0.000000
0.000000
0.000000
0.000000
0.000000
0.000000
0.000000
0.000000
0.000000
0.000000
0.000000
0.000000
0.000000
0.000000
0.000000
0.000000
0.000000
0.000000
0.011765
0.015686
0.019608
0.019608
0.015686
0.015686
0.015686
0.015686
0.015686
0.015686
0.015686
0.015686
0.015686
0.011765
0.011765
0.011765
0.003922
0.000000
0.000000
0.000000
0.000000
0.000000
0.000000
0.000000
0.000000
0.000000
0.000000
0.000000
0.000000
0.000000
0.000000
0.000000
0.000000
0.000000
0.000000
0.000000
0.000000
0.000000
0.000000
0.000000
0.000000
0.000000
0.000000
0.000000
0.000000
0.000000
0.000000
0.000000
0.000000
0.000000
0.000000
